%%BEGINHEADER
%Position File
%Date: 3/12/2003
%Time: 12:27:39 AM
%File Type: Binary 
%Format: 
%--------------------------
%|  Timestamp   (Double)  |
%|------------------------|
%|  X coord     (Single)  |
%|------------------------|
%|  Y coord     (Single)  |
%|------------------------|
%|  Direction   (Single)  |
%--------------------------
%
%Use following record type to read in:
%Public Type PosRecord
%    TS As Double
%    X As Single
%    Y As Single
%    Dir As Single
%End Type
%%ENDHEADER
5059596717,226.0746,371.0979,-99
5059630050,225.498,371.2874,-99
5059663383,224.7446,373.7584,-99
5059696716,225.5325,376.2319,-99
5059730049,225.0276,380.1691,-99
5059763382,225.9837,384.6123,-99
5059803185,227.0643,389.125,-99
5059836518,227.207,393.7396,-99
5059869851,227.8858,398.3076,-99
5059903184,228.2103,401.7965,-99
5059936517,228.8649,404.6571,-99
5059969850,228.5135,407.246,-99
5060003183,228,409.8445,-99
5060036516,227.9311,410.5866,-99
5060069849,226.6355,412.4485,-99
5060103182,227.5344,414.7592,-99
5060136515,228.1847,418.9458,-99
5060169848,229.3114,421.8531,-99
5060203181,230.2533,425.3787,-99
5060236514,233.2917,427.9583,-99
5060269847,236.1445,431.587,-99
5060303180,236.981,434.5735,-99
5060336513,240.4897,435.8046,-99
5060369846,239.4759,439.3391,-99
5060403179,241.3467,441.9774,-99
5060436512,243.4593,442.7655,-99
5060469845,244.541,439.9615,-99
5060503178,248.3523,444.0018,-99
5060536511,248.8609,444.381,-99
5060569844,249.1625,445.1511,-99
5060603177,250.3098,445.3696,-99
5060636510,250.7482,445.3389,-99
5060669843,250.4267,445.2931,-99
5060703176,250.7283,445.4344,-99
5060736509,250.3225,445.7243,-99
5060769842,250.1941,445.7172,-99
5060803175,249.8996,446.1524,-99
5060836508,249.458,446.4419,-99
5060869841,249.4673,447.3945,-99
5060903174,248.9599,447.7004,-99
5060936507,247.9367,447.5969,-99
5060969840,247.267,447.3655,-99
5061003173,246.3689,446.906,-99
5061036506,246.1805,446.4309,-99
5061069839,246.8597,447.2345,-99
5061103172,246.5992,446.1512,-99
5061136505,244.4583,443.9632,-99
5061169838,244.6364,447.6566,-99
5061203171,245.4096,449.0941,-99
5061236504,246.1071,449.8623,-99
5061269837,246.7377,449.4604,-99
5061303170,247.8324,450.8588,-99
5061336503,248.1846,451.9712,-99
5061369836,248.9658,453.2051,-99
5061403169,251.5809,454.5505,-99
5061436502,253.1699,454.2,-99
5061469835,256.4647,458.8364,-99
5061503168,259.3541,461.428,-99
5061536501,261.9132,462.3076,-99
5061569834,264.3293,463.0201,-99
5061603167,264.8337,462.5819,-99
5061636500,264.7494,463.0898,-99
5061669833,264.4565,464.4713,-99
5061703166,263.535,464.862,-99
5061736499,262.6958,464.625,-99
5061769832,261.2062,464.4454,-99
5061803165,260.1729,463.486,-99
5061836498,258.9083,463.4518,-99
5061869831,257.9272,462.8803,-99
5061903164,257.7454,464.1059,-99
5061936497,256.6898,464.2922,-99
5061969830,255.5186,462.7435,-99
5062003163,254.0078,461.4913,-99
5062036496,252.8982,461.1526,-99
5062069829,250.9133,457.42,-99
5062103162,252.3878,459.1939,-99
5062136495,252.2238,458.3996,-99
5062169828,253.1545,458.2886,-99
5062203161,257.6925,455.6718,-99
5062236494,261.083,456.2511,-99
5062269827,263.9918,457.2103,-99
5062303160,267.0287,457.7603,-99
5062336493,268.568,459.7627,-99
5062369826,271.4155,458.2008,-99
5062403159,271.237,455.0284,-99
5062436492,276.2278,458.4922,-99
5062469825,277.4167,458.81,-99
5062503158,277.7876,458.1328,-99
5062536491,278.5091,457.5273,-99
5062569824,280.0328,456.6306,-99
5062603157,281.5774,454.3887,-99
5062636490,282.2178,452.5389,-99
5062669823,282.8072,449.2169,-99
5062703156,282.5113,445.9355,-99
5062736489,282.0617,442.039,-99
5062769822,281.7197,438.5813,-99
5062803155,280.51,435.632,-99
5062836488,278.2599,432.6983,-99
5062869821,275.6779,429.3936,-99
5062903154,274.5325,425.462,-99
5062936487,272.7034,422.2966,-99
5062969820,269.8028,417.7334,-99
5063003153,264.3739,413.5501,-99
5063036486,259.7039,408.3506,-99
5063069819,254.116,402.416,-99
5063103152,249.1395,396.067,-99
5063144362,244.5822,388.6928,-99
5063177695,241.977,382.0989,-99
5063211028,240.0127,377.6266,-99
5063244361,239.3782,376.1166,-99
5063277694,238.5026,375.5053,-99
5063311027,237.8214,375.8548,-99
5063344360,235.4793,375.2479,-99
5063377693,233.817,376.5979,-99
5063411026,230.9091,377.5184,-99
5063444359,226.4772,377.6178,-99
5063477692,222.6626,377.7469,-99
5063511025,219.4465,378.3919,-99
5063544358,216.0331,378.6985,-99
5063577691,214.3393,379.506,-99
5063611024,214.919,378.2628,-99
5063644357,214.1531,375.1628,-99
5063677690,214.6723,371.7635,-99
5063711023,214.2612,368.5075,-99
5063744356,214.2884,359.9131,-99
5063777689,215.3371,354.1042,-99
5063811022,216.0621,351.7849,-99
5063844355,216.2789,350.3241,-99
5063877688,215.0938,347.9115,-99
5063911021,213.4973,346.5547,-99
5063944354,210.8458,346.9328,-99
5063977687,207.7889,347.2086,-99
5064011020,204.3114,346.5164,-99
5064044353,200.5953,345.3788,-99
5064077686,199.9034,341.9785,-99
5064111019,199,339.9391,-99
5064144352,198.9135,336.7605,-99
5064177685,198.6522,334.2891,-99
5064211018,198.0243,332.0664,-99
5064244351,196.6936,330.6005,-99
5064277684,193.7273,328.6953,-99
5064311017,191.4364,325.596,-99
5064344350,188.8497,323.4945,-99
5064377683,186.4232,320.9345,-99
5064411016,183.5365,317.7456,-99
5064444349,183.1027,314.433,-99
5064477682,182.0553,312.5829,-99
5064511015,181.1971,308.392,-99
5064544348,180.8439,305.4901,-99
5064577681,181.5806,302.7218,-99
5064611014,183.0774,299.0544,-99
5064644347,183.7287,296.8229,-99
5064677680,182.7937,295.894,-99
5064711013,183.0955,294.9017,-99
5064744346,181.8045,290.7268,-99
5064777679,180.2131,289.3414,-99
5064811012,177.8972,288.7477,-99
5064844345,176.3174,288.7003,-99
5064877678,174.68,284.6729,-99
5064911011,174.1652,282.3951,-99
5064944344,172.5381,278.8928,-99
5064977677,171.9711,275.1508,-99
5065011010,171.1197,272.784,-99
5065044343,170.6438,269.5089,-99
5065077676,172.2175,267.1328,-99
5065111009,171.2992,263.4848,-99
5065144342,172.3537,258.8758,-99
5065177675,171.1288,256.911,-99
5065211008,169.6057,255.22,-99
5065244341,170.4659,253.6222,-99
5065277674,169.0632,249.8947,-99
5065311007,168.3403,247.2454,-99
5065344340,168.406,245.9298,-99
5065377673,168.2377,245.5147,-99
5065411006,168.3342,246.3949,-99
5065444339,169.1863,245.8493,-99
5065477672,168.523,243.2586,-99
5065511005,169.5266,242.9574,-99
5065544338,168.4167,242.2442,-99
5065577671,167.3295,242.1532,-99
5065611004,167.1753,243.1236,-99
5065644337,167.0932,243.0685,-99
5065677670,166.3636,242.5963,-99
5065711003,166.4763,240.2204,-99
5065744336,166.3532,239.6532,-99
5065777669,165.8745,239.163,-99
5065811002,165.9868,237.0286,-99
5065844335,166.8728,236.3319,-99
5065877668,168.1674,235.9414,-99
5065911001,169.675,236.0671,-99
5065944334,170.3348,235.6101,-99
5065977667,170.5206,234.363,-99
5066011000,171.2467,233.0961,-99
5066044333,169.6457,231.9821,-99
5066077666,171.158,232.0087,-99
5066110999,171.3755,231.6507,-99
5066144332,171.583,230.2935,-99
5066177665,171.789,229.3903,-99
5066210998,173.1484,229.271,-99
5066244331,175.0835,229.0374,-99
5066277664,176.3109,228.2717,-99
5066310997,177.6197,227.7991,-99
5066344330,176.8016,228.2302,-99
5066377663,178.2463,227.199,-99
5066410996,178.9155,227.5338,-99
5066444329,179.5189,226.8463,-99
5066476740,180.256,224.811,-99
5066510073,182.3301,224.5121,-99
5066543406,183.3592,224.1723,-99
5066576739,184.309,223.1983,-99
5066610072,185.0064,222.9062,-99
5066643405,186.5309,222.4232,-99
5066676738,185.4381,223.1931,-99
5066710071,186.6849,224.5026,-99
5066743404,187.5984,225.0389,-99
5066776737,189.3844,225.3272,-99
5066810070,190.5271,225.1878,-99
5066843403,191.5681,224.6905,-99
5066876736,190.7084,223.0072,-99
5066910069,189.3018,221.5721,-99
5066943402,188.5986,221.5244,-99
5066976735,187.7494,221.6407,-99
5067010068,186.3309,219.5392,-99
5067043401,184.5179,218.559,-99
5067076734,183.5556,218.91,-99
5067110067,182.8094,219.0619,-99
5067143400,183.5369,217.5656,-99
5067176733,183.8344,216.9063,-99
5067210066,182.7644,216.7356,-99
5067243399,184.0196,214.5382,-99
5067276732,184.1403,213.2932,-99
5067310065,184.2064,212.855,-99
5067343398,184.4361,211.7032,-99
5067376731,185.578,209.22,-99
5067410064,185.9696,207.9087,-99
5067443397,185.0945,207.1014,-99
5067476730,187.3341,205.3206,-99
5067510063,186.4941,202.5012,-99
5067543396,186.252,202.3753,-99
5067576729,186.4811,198.7733,-99
5067610062,188.8798,198.5137,-99
5067643395,188.8263,195.4079,-99
5067676728,189.7002,194.5012,-99
5067710061,191.4264,194.01,-99
5067743394,193.1375,193.0575,-99
5067776727,193.4084,190.9109,-99
5067810060,193.1362,189.7887,-99
5067843393,193.11,189.2919,-99
5067876726,191.8099,187.7865,-99
5067910059,191.0262,187.1806,-99
5067943392,190.1976,185.9439,-99
5067976725,188.8489,185.3573,-99
5068010058,187.9005,184.5561,-99
5068043391,187.1247,184.6104,-99
5068076724,186.365,185.4375,-99
5068110057,185.6088,185.8135,-99
5068144078,184.8425,184.1785,-99
5068177411,184.6421,184.6763,-99
5068210744,184.2005,185.5251,-99
5068244077,184.1485,187.2253,-99
5068277410,183.4005,188.2366,-99
5068310743,183.4021,188.7775,-99
5068344076,182.7403,188.9724,-99
5068377409,182.2364,189.0815,-99
5068410742,180.6489,188.9129,-99
5068444075,179.2588,190.4029,-99
5068477408,178.3089,191.052,-99
5068510741,179.5995,189.1825,-99
5068544074,180.9373,187.4867,-99
5068577407,183.2617,187.283,-99
5068610740,184.8017,186.6449,-99
5068644073,185.6166,186.61,-99
5068677406,184.8575,187.9372,-99
5068710739,184.5238,188.6595,-99
5068744072,184.9318,189.8635,-99
5068777405,185.4034,188.6555,-99
5068810738,186.1913,189.3713,-99
5068844071,187.3142,186.7633,-99
5068877404,188.52,185.89,-99
5068910737,188.87,183.3767,-99
5068944070,192.1554,182.9323,-99
5068977403,194.9096,179.9096,-99
5069010736,198.1256,178.7365,-99
5069044069,200.8058,177.9515,-99
5069077402,203.1237,177.7655,-99
5069110735,204.1212,176.9015,-99
5069144068,204.256,175.7129,-99
5069177401,204.078,174.974,-99
5069210734,204.1845,172.4987,-99
5069244067,203.4,170.8947,-99
5069277400,203.4223,170.1917,-99
5069310733,204.9347,166.2378,-99
5069344066,207.1762,165.8304,-99
5069377399,209.5461,165.2787,-99
5069410732,212.281,164.8223,-99
5069444065,214.521,164.0701,-99
5069477398,217.1131,163.6052,-99
5069510731,220.4547,163.3025,-99
5069544064,223.1364,162.0356,-99
5069577397,225.2185,160.8362,-99
5069610730,227.1083,159.9787,-99
5069644063,228.9739,157.7575,-99
5069677396,229.6417,156.2412,-99
5069710729,229.6066,153.3128,-99
5069744062,230.8703,152.1172,-99
5069777395,233.033,149.6374,-99
5069813057,235.1973,149.0155,-99
5069846390,237.8395,147.8837,-99
5069879723,239.2671,147.5616,-99
5069913056,239.6398,148.136,-99
5069946389,241.1108,146.518,-99
5069979722,243.1959,145.5026,-99
5070013055,244.9716,144.5928,-99
5070046388,246.1823,141.0703,-99
5070079721,248.2344,138.3317,-99
5070113054,249.0351,137.6065,-99
5070146387,249.6198,135.042,-99
5070179720,252.137,133.5297,-99
5070213053,253.5414,133.1779,-99
5070246386,254.8655,131.6479,-99
5070279719,257.1175,129.5851,-99
5070313052,259.5699,129.342,-99
5070346385,261.1733,128.2933,-99
5070379718,263.3163,125.7056,-99
5070413051,265.2098,124.9793,-99
5070446384,267.0477,123.5609,-99
5070479717,268.0026,121.1799,-99
5070513050,270.0151,121.0579,-99
5070546383,272.4962,117.5318,-99
5070579716,274.4033,117.0654,-99
5070613049,276.7155,116.4088,-99
5070646382,278.2306,116.0965,-99
5070679715,280.2949,116.0667,-99
5070713048,283.469,116.1402,-99
5070746381,285.9804,115.6022,-99
5070779714,288.1533,115.6132,-99
5070813047,290.793,114.5673,-99
5070846380,292.25,113.9737,-99
5070879713,292.6726,113.8909,-99
5070913046,295.8656,112.361,-99
5070946379,297.3752,112.2144,-99
5070979712,299.1409,111.471,-99
5071013045,300.7584,111.446,-99
5071046378,303.3159,111.6067,-99
5071079711,305.2028,112.741,-99
5071113044,308.0307,113.7198,-99
5071146377,310.992,114.6215,-99
5071179710,312.7993,114.9659,-99
5071213043,314.3204,115.314,-99
5071246376,316.0547,115.0635,-99
5071279709,316.358,113.521,-99
5071313042,318.1747,112.7727,-99
5071346375,318.7007,111.8429,-99
5071379708,320.0732,112.5787,-99
5071413041,322.526,112.142,-99
5071446374,323.4402,112.1389,-99
5071479707,324.1145,110.5659,-99
5071513040,326.0724,109.5205,-99
5071546373,327.773,108.9531,-99
5071579706,329.8529,108.3162,-99
5071613039,332.5684,107.8809,-99
5071646372,334.1747,108.2913,-99
5071679705,335.8564,108.8209,-99
5071713038,338.5364,110.1081,-99
5071746371,340.172,110.8878,-99
5071779704,342.0973,112.1431,-99
5071813037,344.4611,112.7565,-99
5071846370,345.3424,114.3403,-99
5071879703,347.3305,115.0565,-99
5071913036,349.1296,117.0734,-99
5071946369,348.6984,118.8051,-99
5071979702,350.162,119.42,-99
5072013035,351.5851,120.1915,-99
5072046368,352.294,119.9689,-99
5072079701,353.5907,119.61,-99
5072113034,354.7294,118.7843,-99
5072146367,355.5675,117.7659,-99
5072179700,356.9644,117.3389,-99
5072213033,358.5967,117.3519,-99
5072246366,359.4426,117.4906,-99
5072279699,360.5962,117.6004,-99
5072313032,361.3684,117.2842,-99
5072346365,361.6122,117.9204,-99
5072379698,363.2825,117.4472,-99
5072413031,364.648,115.49,-99
5072446364,365.7965,114.8178,-99
5072479697,368.6238,114.2716,-99
5072513030,370.4162,113.8973,-99
5072546363,372.6801,114.7835,-99
5072579696,372.6414,116.2291,-99
5072613029,372.5845,117.6721,-99
5072646362,371.9099,119.3504,-99
5072679695,371.5319,120.2106,-99
5072713028,371.7413,120.6952,-99
5072746361,372.2988,120.4843,-99
5072779694,372.479,120.9901,-99
5072813027,372.5604,119.9923,-99
5072846360,374.326,119.9515,-99
5072879693,374.5757,119.1386,-99
5072913026,375.4645,117.957,-99
5072946359,376.4179,117.7965,-99
5072979692,378.5356,117.8147,-99
5073013025,381.2157,118.0603,-99
5073046358,381.7658,118.2173,-99
5073079691,384.5098,119.4534,-99
5073113024,386.0366,120.0409,-99
5073151905,387.3083,119.7544,-99
5073185238,389.6413,120.6978,-99
5073218571,390.728,121.3489,-99
5073251904,391.6806,121.4346,-99
5073285237,392.4005,122.1835,-99
5073318570,393.4901,123.2438,-99
5073351903,394.0866,124.0843,-99
5073385236,394.4501,123.1023,-99
5073418569,395.9763,122.7,-99
5073451902,396.8635,121.4383,-99
5073485235,397.4423,119.5549,-99
5073518568,397.8114,117.1057,-99
5073551901,397.6321,116.0803,-99
5073585234,397.6491,115.1609,-99
5073618567,397.7359,113.8462,-99
5073651900,398.2427,113.0792,-99
5073685233,398.6384,111.7034,-99
5073718566,398.6344,110.8064,-99
5073751899,398.9543,108.9686,-99
5073785232,399.4456,106.9072,-99
5073818565,400.6446,104.4628,-99
5073851898,403.4403,103.9774,-99
5073885231,404.4366,102.3883,-99
5073918564,404.1547,99.43922,-99
5073951897,404.406,98.05722,-99
5073985230,404.7972,96.84669,-99
5074018563,404.849,94.80729,-99
5074051896,404.7861,92.48558,-99
5074085229,404.3831,92.17413,-99
5074118562,404.2136,90.701,-99
5074151895,403.4751,88.43533,-99
5074185228,402.7948,88.24416,-99
5074218561,402.4862,87.91161,-99
5074251894,401.6978,87.08517,-99
5074285227,400.9712,86.56021,-99
5074318560,400.8816,84.97481,-99
5074351893,400.5714,84.56883,-99
5074385226,400.1346,83.89286,-99
5074418559,398.9118,81.88413,-99
5074451892,397.901,80.43565,-99
5074485225,396.1201,79.77284,-99
5074518558,394.5348,77.24461,-99
5074551891,393.0281,76.86224,-99
5074585224,391.0544,73.89378,-99
5074618557,388.9295,73.27708,-99
5074651890,386.9615,71.65641,-99
5074685223,384.8837,68.95581,-99
5074718556,382.6844,68.62626,-99
5074751889,380.5246,65.43794,-99
5074785222,379.1393,65.19154,-99
5074820852,377.1704,62.5358,-99
5074854185,375.7482,60.93705,-99
5074887518,373.912,61.57867,-99
5074920851,373.1829,60.36,-99
5074954184,372.3289,59.88329,-99
5074987517,372.5234,58.99449,-99
5075020850,372,58.75733,-99
5075054183,373.3196,58,-99
5075087516,374.0597,57.64159,-99
5075120849,374.9568,58.22955,-99
5075154182,375.0909,58.32168,-99
5075187515,375.955,58.72072,-99
5075220848,377.0416,58.52887,-99
5075254181,378.3106,59.19059,-99
5075287514,380.5743,59.02928,-99
5075320847,384.0354,59.66994,-99
5075354180,386.2981,60.85093,-99
5075387513,389.1417,62.00607,-99
5075420846,391.683,63.1617,-99
5075454179,394.1875,64.87701,-99
5075487512,395.8514,65.59448,-99
5075520845,395.9026,66.94615,-99
5075554178,395.9055,68.22572,-99
5075587511,395.5,68.95161,-99
5075620844,394.6215,70.39642,-99
5075654177,394.1053,70.78947,-99
5075687510,393.1743,71.68901,-99
5075720843,393.0694,71.7823,-99
5075754176,392.7994,72.54874,-99
5075787509,393.8797,73.15289,-99
5075820842,393.9667,73.92637,-99
5075854175,394.6921,75.84224,-99
5075887508,395.2358,78.04878,-99
5075920841,395.6738,80.10963,-99
5075954174,396.116,82.89227,-99
5075987507,397.205,86.1579,-99
5076020840,397.531,89.12069,-99
5076054173,397.4181,91.4216,-99
5076087506,397.2353,93.73203,-99
5076120839,397.9261,96.41953,-99
5076154172,397.8202,99.13079,-99
5076187505,397.6183,101.4809,-99
5076220838,398.2247,104.4931,-99
5076254171,398.4747,106.9013,-99
5076287504,398.5696,109.9845,-99
5076320837,399.118,113.1253,-99
5076354170,399.1793,117.3763,-99
5076387503,398.8133,119.5806,-99
5076420836,398.4155,122.9928,-99
5076454169,397.3474,126.1166,-99
5076487502,396.4491,129.7232,-99
5076520835,396.4933,132.571,-99
5076554168,396.9412,135.8206,-99
5076587501,397.8737,138.3485,-99
5076620834,398.7833,141.2912,-99
5076654167,399.3048,143.9469,-99
5076687500,400.2043,145.9553,-99
5076720833,401.4705,147.7006,-99
5076754166,403.1081,148.4661,-99
5076787499,404.6526,147.735,-99
5076820832,407.5881,148.4452,-99
5076854165,411.6204,149.3836,-99
5076887498,414.2907,149.6618,-99
5076920831,418.0695,150.3126,-99
5076954164,421.1341,152.2249,-99
5076987497,423.1165,153.7851,-99
5077020830,425.5555,155.7798,-99
5077054163,427.7896,158.8625,-99
5077087496,428.3186,160.5395,-99
5077120829,430.2256,162.6936,-99
5077154162,431.8941,165.2424,-99
5077187495,433.6194,166.428,-99
5077220828,434.5502,167.2197,-99
5077254161,437.3515,167.9563,-99
5077287494,438.2881,168.1413,-99
5077320827,440.2485,170.6433,-99
5077354160,443.4488,172.7512,-99
5077387493,446.2828,171.1919,-99
5077420826,446.2321,179.2036,-99
5077454159,447.6306,182.955,-99
5077487492,452.1429,182.2102,-99
5077520825,453.8698,184.2133,-99
5077554158,455.7471,188.9382,-99
5077587491,454.441,193.5903,-99
5077620824,454.7868,193.7743,-99
5077654157,456.7663,193.624,-99
5077687490,458.7903,195.924,-99
5077720823,459.8078,198.1648,-99
5077754156,460.5166,201.2365,-99
5077787489,461.7526,205.2599,-99
5077820822,461.8156,209.4689,-99
5077854155,460.1476,213.7568,-99
5077887488,460.8688,218.3663,-99
5077920821,461.4929,221.5896,-99
5077954154,462.1515,221.4672,-99
5077987487,462.8077,224.7476,-99
5078020820,463.5288,226.7118,-99
5078054153,463.1161,229.5569,-99
5078087486,463.8143,231.6734,-99
5078120819,464.6915,234.7489,-99
5078153950,465.9851,238.8252,-99
5078187283,467.5507,243.2236,-99
5078220616,469.3004,247.6461,-99
5078253949,469.9822,254.18,-99
5078287282,471.6228,256.8621,-99
5078320615,472.7101,260.4886,-99
5078353948,473.0685,264.1949,-99
5078387281,472.6512,267.7572,-99
5078420614,471.8447,271.7766,-99
5078453947,470.5857,277.0833,-99
5078487280,469.1866,280.2903,-99
5078520613,468.1133,283.5727,-99
5078553946,467.0423,287.926,-99
5078587279,467.7236,290.6709,-99
5078620612,466.557,293.3136,-99
5078653945,466.7361,294.3541,-99
5078687278,467.7516,295.5073,-99
5078720611,467.9669,297.3368,-99
5078753944,467.7355,298.929,-99
5078787277,466.7038,299.5301,-99
5078820610,465.3226,302.0392,-99
5078853943,463.8421,305.0417,-99
5078887276,463.1311,307.9813,-99
5078920609,462.8571,308.2286,-99
5078953942,458.37,312.3271,-99
5078987275,456.9856,314.8674,-99
5079020608,455.5067,317.4933,-99
5079053941,453.515,322.7025,-99
5079087274,448.4086,328.8029,-99
5079120607,449.0526,330.9783,-99
5079153940,449.1825,334.4123,-99
5079187273,447.3408,337.1429,-99
5079220606,445.4882,339.1555,-99
5079253939,443.9856,341.9568,-99
5079287272,440.9142,344.2235,-99
5079320605,438.7415,347.3184,-99
5079353938,437.2835,348.433,-99
5079387271,434.3428,350.1245,-99
5079420604,431.7612,352.201,-99
5079453937,429.6645,354.6425,-99
5079487270,426.8514,356.1231,-99
5079520603,424.4017,359.3473,-99
5079553936,423.5247,362.3457,-99
5079587269,421.5156,366.5558,-99
5079620602,420.2338,370.088,-99
5079653935,420.6896,372.0967,-99
5079687268,418.2634,374.8805,-99
5079720601,415.497,377.7081,-99
5079753934,414.7594,379.9536,-99
5079787267,411.7014,381.5208,-99
5079822210,407.6596,382.9683,-99
5079855543,405.2116,384.7016,-99
5079888876,403.83,385.14,-99
5079922209,401.872,384.432,-99
5079955542,397.4552,385.3619,-99
5079988875,395.2031,388.6667,-99
5080022208,396.5564,389.6331,-99
5080055541,396.1168,390.8361,-99
5080088874,395.9526,393.5454,-99
5080122207,394.5439,394.9869,-99
5080155540,394.583,396.027,-99
5080188873,394.8764,395.9236,-99
5080222206,391.7785,395.3484,-99
5080255539,387.8172,395.7225,-99
5080288872,382.828,394.594,-99
5080322205,379.466,392.8571,-99
5080355538,379.5238,389.966,-99
5080388871,376.0851,390.0046,-99
5080422204,374.0352,390.4836,-99
5080455537,371.8047,389.9704,-99
5080488870,370.9769,390.6474,-99
5080522203,368.4376,391.9926,-99
5080555536,367.6566,394.5275,-99
5080588869,365.3002,395.3941,-99
5080622202,362.2443,396.6808,-99
5080655535,359.0673,396.8916,-99
5080688868,356.6673,396.8149,-99
5080722201,354.0074,396.3513,-99
5080755534,351.4181,396.1243,-99
5080788867,349.3117,395.9676,-99
5080822200,346.3504,395.9489,-99
5080855533,343.2138,396.5127,-99
5080888866,341.2905,397.0428,-99
5080922199,339.1109,399.0769,-99
5080955532,337.9731,402.1212,-99
5080988865,336.9122,405.0346,-99
5081022198,333.0995,406.2118,-99
5081055531,332.4283,407.3969,-99
5081088864,332.481,409.673,-99
5081122197,329.6164,410.8434,-99
5081155530,328.7748,412.0592,-99
5081188863,328.3692,415.2637,-99
5081222196,326.1374,417.1338,-99
5081255529,325.6574,417.8446,-99
5081288862,323.6021,421.7679,-99
5081322195,322.0478,422.5676,-99
5081355528,321.3275,423.7449,-99
5081388861,318.3982,423.2158,-99
5081422194,314.2076,421.4447,-99
5081455527,309.7971,419.4254,-99
5081489548,309.3456,417.2995,-99
5081522881,306.7526,418.2448,-99
5081556214,304.7238,415.1328,-99
5081589547,302.3078,411.6922,-99
5081622880,301.2925,409.7447,-99
5081656213,300.3258,409.4355,-99
5081689546,299.67,408.0479,-99
5081722879,299.5469,407.1661,-99
5081756212,301.4915,406.0454,-99
5081789545,300.4702,405.2761,-99
5081822878,301.561,404.4058,-99
5081856211,301.0687,403.4678,-99
5081889544,301.1786,403.0348,-99
5081922877,301.4416,402.1332,-99
5081956210,301.1617,401.8037,-99
5081989543,301.4296,401.9859,-99
5082022876,302.2959,402.6253,-99
5082056209,300.2653,403.1102,-99
5082089542,300.2265,403.6755,-99
5082122875,300.7111,404.9467,-99
5082156208,300.4035,405.861,-99
5082189541,301.2386,406.2018,-99
5082222874,284.7284,408.9559,-99
5082256207,291.9802,406.7549,-99
5082289540,300.8595,405.5927,-99
5082322873,299.4549,404.3929,-99
5082356206,297.4763,404.6909,-99
5082389539,296.1447,404.8286,-99
5082422872,294.5919,404.8657,-99
5082456205,293.2874,404.475,-99
5082489538,292.3584,404.3671,-99
5082522871,290.5641,404.1779,-99
5082556204,288.6673,403.0642,-99
5082589537,287.0075,401.1707,-99
5082622870,284.8543,398.7851,-99
5082656203,282.0772,396.6121,-99
5082689536,279.6594,393.8678,-99
5082722869,276.843,391.7539,-99
5082756202,274.0569,391.5782,-99
5082789535,271.1524,390.5637,-99
5082822868,268.5406,389.7385,-99
5082856201,265.7016,389.7039,-99
5082889534,263.9161,389.3379,-99
5082922867,261.8097,388.7168,-99
5082956200,258.5132,388.1035,-99
5082989533,255.7967,387.6241,-99
5083022866,254.4674,386.5326,-99
5083056199,253.8884,384.6628,-99
5083089532,250.957,383.8566,-99
5083122865,249.5205,383.6701,-99
5083156198,247.7381,384.1289,-99
5083189531,246.7527,385.4814,-99
5083222864,245.5604,385.6375,-99
5083256197,244.7593,386.6589,-99
5083289530,243.8881,386.3929,-99
5083322863,242.22,385.2336,-99
5083356196,239.9,384.5738,-99
5083389529,236.1809,384.5793,-99
5083422862,234.026,386.0962,-99
5083456195,233.2984,387.3701,-99
5083489528,233.6551,388.4794,-99
5083522861,234.4537,389.3463,-99
5083556194,235.0686,389.5606,-99
5083589527,235.1026,389.5983,-99
5083622860,233.7674,387.4413,-99
5083656193,232.592,385.5486,-99
5083689526,232.9395,382.6495,-99
5083722859,233.8393,379.4329,-99
5083756192,232.9572,375.9165,-99
5083789525,233.1055,372.86,-99
5083822858,232.4294,368.6615,-99
5083856191,234.0954,364.9152,-99
5083889524,235.5736,364.2921,-99
5083922857,236.6379,362.8448,-99
5083956190,236.8219,362.722,-99
5083989523,235.7683,362.3488,-99
5084022856,233.8927,360.7073,-99
5084056189,232.6989,360.018,-99
5084089522,232.4631,358.1656,-99
5084122855,231.9691,357.3127,-99
5084156188,232.3859,356.5083,-99
5084189521,230.6584,354.5776,-99
5084222854,229.2598,352.2454,-99
5084256187,228.0273,350.9895,-99
5084289520,226.4753,349.9327,-99
5084322853,225.0546,349.3614,-99
5084356186,222.2415,348.0636,-99
5084389519,218.1271,346.7097,-99
5084422852,214.1802,346.1165,-99
5084456185,210.5895,346.1895,-99
5084489518,208.4172,347.6485,-99
5084522851,206.1546,347.9589,-99
5084556184,203.2878,346.4561,-99
5084589517,199.8072,342.3161,-99
5084622850,196.6082,339.7096,-99
5084656183,194.8474,337.6969,-99
5084689516,191.8025,333.9854,-99
5084722849,190.0782,330.437,-99
5084756182,188.3126,327.3327,-99
5084789515,186.7632,324.5702,-99
5084824255,185.0403,321.7898,-99
5084857588,183.5312,318.0483,-99
5084890921,182.5173,314.6089,-99
5084924254,181.8172,312.0172,-99
5084957587,181.9081,308.7309,-99
5084990920,181.1855,304.6742,-99
5085024253,180.445,306.2725,-99
5085057586,180.241,302.9557,-99
5085090919,180.1575,302.6877,-99
5085124252,177.892,300.9023,-99
5085157585,177.1867,298.6164,-99
5085190918,176.128,297.8599,-99
5085224251,175.2247,295.0642,-99
5085257584,175.7137,291.3252,-99
5085290917,176.8229,287.2375,-99
5085324250,175.8282,285.7589,-99
5085357583,175.4987,284,-99
5085390916,176.0163,280.3179,-99
5085424249,176.4476,276.1795,-99
5085457582,176.4837,272.9284,-99
5085490915,175.0538,269.5628,-99
5085524248,173.5123,268.5098,-99
5085557581,171.724,266.2344,-99
5085590914,170.8418,262.6328,-99
5085624247,171.2615,260.0385,-99
5085657580,171.2811,256.9801,-99
5085690913,172.4211,255.2078,-99
5085724246,172.9215,252.2674,-99
5085757579,175.2392,249.2871,-99
5085790912,174.6675,246.7259,-99
5085824245,175.3265,244.1111,-99
5085857578,174.4048,243.2706,-99
5085890911,171.8051,242.709,-99
5085924244,170.1433,240.3304,-99
5085957577,169.5929,238.6519,-99
5085990910,169.7184,237.0632,-99
5086024243,168.9043,235.3884,-99
5086057576,170.1221,233.3893,-99
5086090909,169.5925,232.9946,-99
5086124242,171.2565,228.0696,-99
5086157575,171.8875,227.4026,-99
5086190908,172.3186,223.5863,-99
5086224241,174.5547,221.7992,-99
5086257574,176.3748,219.7315,-99
5086290907,177.154,217.6138,-99
5086324240,178.5408,216.0258,-99
5086357573,179.4474,216.379,-99
5086390906,178.9242,215.368,-99
5086424239,181.6401,213.2464,-99
5086457572,182.7554,211.9281,-99
5086497374,184.3688,212.4842,-99
5086530707,186.0259,211.7624,-99
5086564040,187.6453,211.8032,-99
5086597373,189.9119,211.4333,-99
5086630706,190.4103,211.9971,-99
5086664039,192.0287,211.8395,-99
5086697372,193.3099,212.5099,-99
5086730705,192.7173,212.2888,-99
5086764038,192.2399,213.2835,-99
5086797371,190.5081,213.0874,-99
5086830704,188.4103,212.5745,-99
5086864037,186.2549,212.7147,-99
5086897370,184.1564,212.6592,-99
5086930703,182.5113,212.8051,-99
5086964036,180.8551,212.7216,-99
5086997369,180.3836,212.9753,-99
5087030702,179.686,210.1082,-99
5087064035,179.399,208.952,-99
5087097368,178.1574,205.0816,-99
5087130701,179.3869,204.782,-99
5087164034,179.3698,201.8908,-99
5087197367,181.8565,199.8363,-99
5087230700,183.267,196.405,-99
5087264033,185.6369,194.465,-99
5087297366,186.58,192.4478,-99
5087330699,189.4656,190.9737,-99
5087364032,190.7217,188.1935,-99
5087397365,192.8565,187.4328,-99
5087430698,193.2378,185.354,-99
5087464031,194.5419,181.8822,-99
5087497364,195.4048,180.8214,-99
5087530697,196.2935,179.337,-99
5087564030,198.4557,178.0729,-99
5087597363,198.8908,176.4598,-99
5087630696,200.1018,175.3868,-99
5087664029,201.0916,173.9901,-99
5087697362,201.6724,172.6305,-99
5087730695,202.4056,171.7117,-99
5087764028,203.3979,170.8811,-99
5087797361,204.2717,169.5731,-99
5087830694,205.4077,168.8539,-99
5087864027,204.9589,167.9677,-99
5087897360,205.6767,167.9781,-99
5087930693,205.9191,167.7385,-99
5087964026,205.752,166.6266,-99
5087997359,207.2883,166.0077,-99
5088030692,206.9218,164.1788,-99
5088064025,206.8122,163.4709,-99
5088097358,208.1504,163.0215,-99
5088130691,208.7293,163.3636,-99
5088169573,209.9169,162.6427,-99
5088202906,210.9542,162.222,-99
5088236239,209.7275,162.9074,-99
5088269572,209.3374,162.802,-99
5088302905,209.1488,162.9974,-99
5088336238,208.9575,162.655,-99
5088369571,209.4661,162.2764,-99
5088402904,209.3578,162.8652,-99
5088436237,210.0408,161.7065,-99
5088469570,211.0027,162.1867,-99
5088502903,211.9402,160.375,-99
5088536236,212.711,159.5291,-99
5088569569,213.1499,158.9656,-99
5088602902,212.8979,157.7957,-99
5088636235,212.763,157.6043,-99
5088669568,212.299,156.1127,-99
5088702901,210.4534,153.3211,-99
5088736234,209.5323,153.5714,-99
5088769567,206.6955,151.4307,-99
5088802900,205.5929,150.1294,-99
5088836233,203.8513,150.8846,-99
5088869566,203.1563,150.5833,-99
5088902899,204.2902,147.9281,-99
5088936232,205.0672,147.3536,-99
5088969565,207.6692,146.3977,-99
5089002898,210.2098,144.398,-99
5089036231,213.506,143.9859,-99
5089069564,217.1104,144.0021,-99
5089102897,220.6395,143.5764,-99
5089136230,224.1941,143.5594,-99
5089169563,227.1119,142.6667,-99
5089202896,230.12,141.6421,-99
5089236229,233.0046,140.4478,-99
5089269562,233.7192,139.8842,-99
5089302895,233.921,138.0354,-99
5089336228,235.6404,138.2257,-99
5089369561,236.867,137.2168,-99
5089402894,237.1016,136.3177,-99
5089436227,237.3333,137.1801,-99
5089469560,236.8819,136.9849,-99
5089502893,236.1483,137.4737,-99
5089536226,235.9978,136.5575,-99
5089569559,235.9304,134.3413,-99
5089602892,235.5695,134.6352,-99
5089636225,237.7319,130.8462,-99
5089669558,240.3402,129.8949,-99
5089702891,243.4819,128.8032,-99
5089736224,246.5306,127.6292,-99
5089769557,250.3661,127.1888,-99
5089802890,254.0177,125.7098,-99
5089836223,257.8134,124.2873,-99
5089869556,260.4911,124.0535,-99
5089902889,264.5642,121.1392,-99
5089936222,266.9902,118.7569,-99
5089969555,268.6836,116.6527,-99
5090002888,270.7495,113.5892,-99
5090036221,273.5864,111.7523,-99
5090069554,276.6609,111.027,-99
5090102887,279.0433,110.6441,-99
5090136220,282.1406,110.8835,-99
5090169553,286.0354,110.4972,-99
5090202886,288.319,111.7162,-99
5090236219,291.0755,111.9474,-99
5090269552,294.4967,112.4444,-99
5090302885,297.0901,112.8813,-99
5090336218,299.9381,111.6422,-99
5090369551,302.66,110.0817,-99
5090402884,302.6584,108.5337,-99
5090436217,304.1711,106.8868,-99
5090469550,305.6707,104.9475,-99
5090502883,306.9793,104.9067,-99
5090536216,308.9309,103.4903,-99
5090569549,312.8216,103.1826,-99
5090602882,314.8372,103.1529,-99
5090636215,317.8855,103.563,-99
5090669548,321.039,103.9591,-99
5090702881,323.0271,103.9323,-99
5090736214,325.8199,103.4555,-99
5090769547,329.3182,103.5455,-99
5090802880,330.5459,101.8313,-99
5090836213,332.8651,100.9398,-99
5090869546,335.7216,101.2529,-99
5090902879,338.2473,100.6617,-99
5090936212,340.4271,100.5458,-99
5090969545,342.3265,100.2381,-99
5091002878,343.4688,100.6771,-99
5091036211,345.5574,101.3681,-99
5091069544,348.787,101.8217,-99
5091102877,349.5631,103.2097,-99
5091136210,351.4691,104.6502,-99
5091169543,354.125,106.1398,-99
5091202876,355.3046,107.7983,-99
5091236209,356.8394,108.563,-99
5091269542,357.1224,108.9494,-99
5091302875,358.0823,108.4856,-99
5091336208,360.4272,107.8263,-99
5091369541,361.2308,106.9072,-99
5091402874,363.3586,104.9325,-99
5091436207,365.3642,104.8484,-99
5091469540,367.436,105.1763,-99
5091497091,369.4396,106.1921,-99
5091530424,371.9333,108.1863,-99
5091563757,373.5566,110.9264,-99
5091597090,376.5161,112.6895,-99
5091630423,379.8569,114.7175,-99
5091663756,381.9696,115.7004,-99
5091697089,382.5302,116.2557,-99
5091730422,385.0106,117.3383,-99
5091763755,387.1548,117.6903,-99
5091797088,389.8013,117.959,-99
5091830421,392.3385,118.4971,-99
5091863754,394.2541,120.0833,-99
5091897087,396.0125,121.1289,-99
5091930420,396.5242,123.4427,-99
5091963753,398.237,125.4891,-99
5091997086,400.0428,127.4531,-99
5092030419,401.9106,130.0627,-99
5092063752,404.4741,133.4562,-99
5092097085,407.8625,136.3755,-99
5092130418,409.6331,138.2514,-99
5092163751,411.8914,140.2012,-99
5092197084,414.5983,142.3598,-99
5092230417,416.6284,143.0988,-99
5092263750,419.2402,145.0637,-99
5092297083,421.8341,148.1951,-99
5092330416,425.4408,152.1959,-99
5092363749,427.7768,155.0683,-99
5092397082,432.1332,158.131,-99
5092430415,433.818,161.1697,-99
5092463748,435.7178,164.728,-99
5092497081,438.0711,168.5481,-99
5092530414,440.7013,171.3176,-99
5092563747,443.1332,174.7529,-99
5092597080,446.166,177.6462,-99
5092630413,447.6441,180.2187,-99
5092663746,449.528,183.5466,-99
5092697079,451.9878,187.6531,-99
5092730412,453.0843,190.0111,-99
5092763745,454.0887,192.6529,-99
5092797078,455.8512,195.7878,-99
5092830411,457.6485,198.2358,-99
5092863744,456.8557,200.3423,-99
5092897077,458.9193,204.5701,-99
5092930410,461.1208,209.3316,-99
5092963743,464.7459,213.1168,-99
5092997076,466.6915,217.9731,-99
5093030409,468.3409,222.7249,-99
5093063742,469.6548,226.8797,-99
5093097075,470.3327,230.4844,-99
5093130408,470.8758,233.3462,-99
5093159600,471.2365,235.4449,-99
5093192933,471.8996,239.2857,-99
5093226266,472.6525,243.4707,-99
5093259599,473.1,246.706,-99
5093292932,474.5168,250.0483,-99
5093326265,474.9862,253.2736,-99
5093359598,475.7748,255.5188,-99
5093392931,476.2061,258.8156,-99
5093426264,476.5816,260.0993,-99
5093459597,476.643,261.2213,-99
5093492930,477.1591,263.0864,-99
5093526263,476.0144,266.3726,-99
5093559596,476.6598,267.8965,-99
5093592929,476.4728,271.1086,-99
5093626262,475.9841,274.5786,-99
5093659595,476.9605,277.3243,-99
5093692928,476.8195,279.6085,-99
5093726261,475.1081,281.5114,-99
5093759594,474.9313,283.1996,-99
5093792927,474.4968,285.6415,-99
5093826260,474.1818,287.7865,-99
5093859593,473.4937,289.0167,-99
5093892926,473.289,288.6241,-99
5093926259,473.5435,284.3261,-99
5094026258,462.3028,308.633,-99
5094059591,463.8175,304.3285,-99
5094092924,465.3028,303.7532,-99
5094126257,463.9673,303.5098,-99
5094159590,462.2886,312.0058,-99
5094192923,461.2796,311.228,-99
5094226256,459.9867,311.6519,-99
5094259589,459.3272,313.0041,-99
5094292922,458.6516,313.6538,-99
5094326255,456.2656,313.9713,-99
5094359588,453.9734,314.714,-99
5094392921,452.184,315.6785,-99
5094426254,454.0658,315.6028,-99
5094459587,451.6709,316.9124,-99
5094492920,450.2184,319.1092,-99
5094526253,449.5602,321.5077,-99
5094559586,450.7557,323.3224,-99
5094592919,448.405,328.276,-99
5094626252,448.1503,331.6492,-99
5094659585,447.807,334.7569,-99
5094692918,447.3679,337.5047,-99
5094726251,446.9382,339.8146,-99
5094759584,445.9189,341.6133,-99
5094792917,446.25,345.0454,-99
5094838268,444.0356,349.1883,-99
5094871601,441.3542,351.0518,-99
5094904934,435.8585,352.5659,-99
5094938267,433.7172,356.242,-99
5094971600,433.1805,357.6488,-99
5095004933,431.4987,358.7442,-99
5095038266,430.4547,359.9977,-99
5095071599,430.7382,361.6041,-99
5095104932,428.1161,363.6884,-99
5095138265,426.5805,365.1737,-99
5095171598,425.6276,367.154,-99
5095204931,420.9319,367.8328,-99
5095238264,421.0145,370.3295,-99
5095271597,422.4229,371.0657,-99
5095304930,422.8364,370.9722,-99
5095338263,423.7891,372.7382,-99
5095371596,424.8035,376.4509,-99
5095404929,424.5219,377.036,-99
5095438262,423.8655,376.7213,-99
5095471595,424.7786,375.5274,-99
5095504928,425.3568,374.3744,-99
5095538261,424.0934,375.8846,-99
5095571594,423.1564,376.6692,-99
5095604927,422.9776,377.0308,-99
5095638260,422.7979,376.9255,-99
5095671593,422.7267,377.6046,-99
5095704926,424.2685,378.25,-99
5095738259,424.0914,379.3805,-99
5095771592,423.534,380.5393,-99
5095804925,423.7952,381.7793,-99
5095838258,424.7127,381.3914,-99
5095871591,424.6809,380.8045,-99
5095904924,424.1158,382.1848,-99
5095938257,423.8227,382.8841,-99
5095971590,425.8463,384.1159,-99
5096004923,426.3451,383.981,-99
5096038256,426.3011,384.1768,-99
5096071589,427.3141,384.7521,-99
5096104922,426.7147,384.4764,-99
5096138255,426.3969,386.1446,-99
5096171588,426.6091,385.5606,-99
5096204921,428.6261,384.0142,-99
5096238254,432.1144,381.7491,-99
5096271587,431.3075,382.0119,-99
5096304920,432.7451,382.2185,-99
5096338253,435.2591,383.4067,-99
5096371586,438.9523,382.6985,-99
5096404919,442.4546,382.4857,-99
5096438252,444.1714,381.5079,-99
5096471585,445.6937,380.8378,-99
5096507247,445.4815,380.8185,-99
5096540580,448.4694,380.2551,-99
5096573913,450.6722,379.9966,-99
5096607246,454.1293,378.8643,-99
5096640579,458.1264,378.0522,-99
5096673912,462.5164,375.3224,-99
5096707245,465.3729,373.4144,-99
5096740578,469.0733,371.7713,-99
5096773911,473.2533,371.1747,-99
5096807244,475.9311,371.0898,-99
5096840577,478.4057,370.1967,-99
5096873910,480.1474,368.8227,-99
5096907243,482.5967,367.5185,-99
5096940576,484.8599,366.3949,-99
5096973909,486.1647,365.6647,-99
5097007242,487.8333,364.8845,-99
5097040575,489.8109,363.0423,-99
5097073908,489.9396,361.6242,-99
5097107241,490.7347,362.0544,-99
5097140574,491.5499,360.3925,-99
5097173907,492.1624,360.5148,-99
5097207240,492.4727,360.2962,-99
5097240573,492.9531,360.7327,-99
5097273906,493.0064,361.3927,-99
5097307239,493.4486,360.6604,-99
5097340572,493.2608,361.2392,-99
5097373905,493.4511,360.5509,-99
5097407238,493.3376,361.3785,-99
5097440571,493.4747,360.8397,-99
5097473904,492.8822,361.7,-99
5097507237,492.7653,361.8753,-99
5097540570,491.7651,362.9332,-99
5097573903,491.3341,364.2257,-99
5097607236,491.362,365.286,-99
5097640569,491.6119,366.0637,-99
5097673902,490.7291,366.7112,-99
5097707235,490.3116,367.8974,-99
5097740568,489.77,368.2259,-99
5097773901,489.4848,368.645,-99
5097807234,488.1638,370.0404,-99
5097840567,486.1485,371.8249,-99
5097873900,487.6568,370.5404,-99
5097907233,487.7558,370.6244,-99
5097940566,487.0363,370.1088,-99
5097973899,487.0912,370.4584,-99
5098007232,486.6402,370.1402,-99
5098040565,486.5013,369.5438,-99
5098073898,486.7781,366.9635,-99
5098107231,487.9101,364.9748,-99
5098140564,487.8758,362.9681,-99
5098173897,487.4352,363.5155,-99
5098207230,488.3623,362.6754,-99
5098240563,487.3387,362.4027,-99
5098273896,485.843,363.189,-99
5098307229,485.7874,361.6582,-99
5098340562,484.1779,362.1529,-99
5098373895,481.8722,363.3985,-99
5098407228,479.8125,365.205,-99
5098440561,476.4597,368,-99
5098473894,472.6269,369.4577,-99
5098507227,468.0593,371.7012,-99
5098540560,463.1333,373.2519,-99
5098573893,457.3866,374.9403,-99
5098607226,451.5148,375.3941,-99
5098640559,445.5229,375.6916,-99
5098673892,438.6753,375.5303,-99
5098707225,432.4305,374.426,-99
5098740558,425.9705,372.9114,-99
5098773891,420.5034,369.6689,-99
5098807224,415.227,366.9433,-99
5098840557,412.4102,364.656,-99
5098873890,410.9224,363.7023,-99
5098907223,408.698,360.7878,-99
5098940556,407.0365,360.0901,-99
5098973889,406.2473,359.5687,-99
5099007222,406.0154,359.2389,-99
5099040555,404.1395,359.5091,-99
5099073888,403.2751,359.9598,-99
5099107221,402.499,360.2566,-99
5099140554,401.3935,361.6699,-99
5099173887,400.7233,362.6284,-99
5099207220,400.8715,363.6495,-99
5099240553,400.0568,365.0262,-99
5099273886,398.3447,367.9501,-99
5099307219,396.0065,369.4935,-99
5099340552,394.8571,372.2232,-99
5099373885,392.0177,373.7279,-99
5099407218,389.7543,376.097,-99
5099440551,388.6075,378.9539,-99
5099473884,385.6206,381.9072,-99
5099507217,380.7971,385.4077,-99
5099540550,378.2343,389.3391,-99
5099573883,375.0886,393.3303,-99
5099607216,371.438,396.3285,-99
5099640549,371.4317,399.3109,-99
5099673882,368.312,401.3636,-99
5099707215,365.9978,403.368,-99
5099740548,364.1047,403.6336,-99
5099773881,362.8789,406.4277,-99
5099807214,359.9615,407.7769,-99
5099839625,358.9582,410.6833,-99
5099872958,358.0957,411.6035,-99
5099906291,356.0043,412.7766,-99
5099939624,356.8,414.027,-99
5099972957,355.2192,415.9546,-99
5100006290,357.4606,416.1212,-99
5100039623,354.8416,414.4431,-99
5100072956,355.1089,412.5419,-99
5100106289,352.231,411.42,-99
5100139622,347.4,408.3067,-99
5100172955,344.3829,405.5417,-99
5100206288,341.9012,404.4961,-99
5100239621,340.2158,401.641,-99
5100272954,337.6642,399.4776,-99
5100306287,336.6848,399.2694,-99
5100339620,334.6877,398.7762,-99
5100372953,333.841,398.2163,-99
5100406286,333.5983,398.5391,-99
5100439619,332.6557,398.3322,-99
5100472952,331.5252,398.313,-99
5100506285,331.3837,397.8924,-99
5100539618,332.0396,397.8342,-99
5100572951,331.7412,396.8762,-99
5100606284,330.8803,396.3886,-99
5100639617,331.8753,397.0106,-99
5100672950,331.3297,397.6859,-99
5100706283,330.9455,397.6296,-99
5100739616,329.3244,398.4628,-99
5100772949,329.8568,398.9487,-99
5100806282,328.9071,400.5818,-99
5100839615,325.8835,399.7542,-99
5100872948,325.2481,400.1907,-99
5100906281,324.225,400.1579,-99
5100939614,323.604,400.2883,-99
5100972947,322.6227,400.5696,-99
5101006280,322.9511,401.641,-99
5101039613,323.7759,402.3108,-99
5101072946,323.7317,403.235,-99
5101106279,323.0108,405.039,-99
5101139612,320.8594,406.2149,-99
5101172945,319.5543,406.9816,-99
5101206278,318.9115,408.1864,-99
5101239611,317.5914,408.2097,-99
5101272944,316.5381,408.8339,-99
5101306277,316.2018,408.6087,-99
5101339610,315.627,407.2119,-99
5101372943,316.2809,406.6118,-99
5101406276,314.7051,405.8757,-99
5101439609,312.7656,405.8715,-99
5101472942,312.4631,405.3036,-99
5101515074,312.9314,404.8781,-99
5101548407,312.2084,403.7648,-99
5101581740,312.9256,401.7859,-99
5101615073,311.4506,400.5183,-99
5101648406,310.125,397.8842,-99
5101681739,310.3347,394.7382,-99
5101715072,309.94,389.9887,-99
5101748405,310.0341,385.3473,-99
5101781738,312.4873,381.7097,-99
5101815071,314.5161,380.0783,-99
5101848404,316.3784,379.4496,-99
5101881737,315.4071,377.5929,-99
5101915070,315.0359,376.7511,-99
5101948403,314.4364,377.2114,-99
5101981736,312.6718,378.1815,-99
5102015069,312.5217,379.5256,-99
5102048402,313.1623,380.4434,-99
5102081735,313.7769,381.3816,-99
5102115068,312.8261,381.4407,-99
5102148401,311.3,381.1958,-99
5102181734,310.5061,380.3239,-99
5102215067,310.3695,380.1905,-99
5102248400,310.3454,380.5245,-99
5102281733,310.6793,379.9552,-99
5102315066,310.2476,379.3571,-99
5102348399,309.6885,379.8454,-99
5102381732,310.1203,380.6726,-99
5102415065,309.5406,382.2593,-99
5102448398,309.6344,381.2012,-99
5102481731,308.8752,382.6383,-99
5102515064,308.2939,383.5113,-99
5102548397,307.3229,384.2998,-99
5102581730,307.3003,385.1721,-99
5102615063,308.1115,386.7361,-99
5102648396,309.4144,387.2819,-99
5102681729,310.5854,387.6302,-99
5102715062,310.9779,387.618,-99
5102748395,310.5566,386.0431,-99
5102781728,311.9218,385.5524,-99
5102815061,313.0434,383.8791,-99
5102848394,312.3493,384.2399,-99
5102881727,314.3842,381.1704,-99
5102915060,315.2208,380.2702,-99
5102948393,315.1021,379.4583,-99
5102981726,316.0805,378.3103,-99
5103015059,317.2188,377.4819,-99
5103048392,317.7973,377.4585,-99
5103081725,317.4763,377.1893,-99
5103115058,317.8514,377.4808,-99
5103148391,317.7,377.5508,-99
5103181724,317.8423,377.7948,-99
5103215057,317.8067,377.626,-99
5103248390,318.3639,377.3543,-99
5103281723,317.9196,377.082,-99
5103315056,318.6063,376.8728,-99
5103348389,318.6272,375.8118,-99
5103381722,317.4512,375.2081,-99
5103415055,317.8646,375.2238,-99
5103448388,317.4796,374.4926,-99
5103481721,316.5446,374.9386,-99
5103515054,316.2,375.4283,-99
5103548387,315.9692,376.8216,-99
5103581720,315.6986,375.2485,-99
5103615053,315.7943,375.0907,-99
5103648386,317.6137,375.1082,-99
5103681719,320.8808,373.2384,-99
5103715052,322.475,370.105,-99
5103748385,325.6495,365.871,-99
5103781718,327.1902,364.7425,-99
5103815051,330.643,362.7824,-99
5103848384,331.813,362.1196,-99
5103881717,332.3138,362.0454,-99
5103915050,332.0508,362.6301,-99
5103948383,330.9718,362.8427,-99
5103981716,329.8601,362.6144,-99
5104015049,328.6623,362.863,-99
5104048382,328.2915,362.753,-99
5104081715,327.7727,362.8241,-99
5104115048,329.0273,361.7524,-99
5104148381,330.4225,360.2515,-99
5104181714,332.1855,359.2925,-99
5104215047,333.4666,358.673,-99
5104248380,334.5802,357.9937,-99
5104281713,336.6793,357.3836,-99
5104315046,336.8788,358.3159,-99
5104348379,336.6273,359.7882,-99
5104381712,336.5896,360.7117,-99
5104415045,336.2,361.6923,-99
5104448378,335.3908,362.2372,-99
5104481711,335.4065,361.3247,-99
5104515044,335.1667,361.0203,-99
5104548377,334.4593,361.7853,-99
5104581710,334.1764,362.473,-99
5104615043,334.071,362.858,-99
5104648376,334.463,362.5103,-99
5104681709,335.1443,362.2203,-99
5104715042,335.9077,362.1363,-99
5104748375,335.697,360.9459,-99
5104781708,335.3862,362.4101,-99
5104815041,335.6065,362.2406,-99
5104847452,335.6505,362.5779,-99
5104880785,335.4775,361.9425,-99
5104914118,335.4167,362.5806,-99
5104947451,334.5922,362.6883,-99
5104980784,333.841,361.9976,-99
5105014117,334.4774,360.6516,-99
5105047450,334.0305,360.167,-99
5105080783,334.043,360.6473,-99
5105114116,333.5823,359.6378,-99
5105147449,333.6749,360.3704,-99
5105180782,333.7278,359.252,-99
5105214115,333.3826,359.7929,-99
5105247448,333.8713,359.5564,-99
5105280781,333.0538,359.6096,-99
5105314114,333.3411,360.089,-99
5105347447,331.5488,360.4648,-99
5105380780,331.1721,362.818,-99
5105414113,330.4209,363.7832,-99
5105447446,329.061,364.5352,-99
5105480779,327.1081,364.7246,-99
5105514112,325.3401,366.387,-99
5105547445,322.9519,367.9379,-99
5105580778,319.5712,369.4023,-99
5105614111,317.3206,371.021,-99
5105647444,315.8652,372.6294,-99
5105680777,313.4601,374.4456,-99
5105714110,312.4862,376.2668,-99
5105747443,311.0135,377.2346,-99
5105780776,309.362,377.9961,-99
5105814109,307.4644,379.33,-99
5105847442,305.4382,380.6414,-99
5105880775,303.2224,383.1939,-99
5105914108,301.3361,385.1059,-99
5105947441,299.4728,387.2608,-99
5105980774,296.7021,390.2882,-99
5106014107,296.2818,393.8983,-99
5106047440,295.0901,396.5912,-99
5106080773,292.9978,400.4924,-99
5106114106,292.4,402.1563,-99
5106147439,289.4958,404.0872,-99
5106180772,287.5074,404.5574,-99
5106214105,286.9763,405.4964,-99
5106247438,284.9636,406.3516,-99
5106280771,283.8298,407.0316,-99
5106314104,282.3042,408.0717,-99
5106347437,280.572,409.7626,-99
5106380770,279.2451,412.2279,-99
5106414103,279.0458,413.4377,-99
5106447436,276.7964,411.4617,-99
5106480769,275.004,411.0619,-99
5106508320,273.4476,410.1633,-99
5106541653,273.4514,408.8675,-99
5106574986,272.9449,406.9626,-99
5106608319,271.283,403.8508,-99
5106641652,270.3609,402.0581,-99
5106674985,269.965,400.2946,-99
5106708318,268.2817,399.0662,-99
5106741651,268.4704,398.1418,-99
5106774984,268.4242,397.7025,-99
5106808317,268.7084,398.731,-99
5106841650,267.2547,399.04,-99
5106874983,265.7643,398.2401,-99
5106908316,265.6761,396.5284,-99
5106941649,265.9041,395.0977,-99
5106974982,264.7289,394.4019,-99
5107008315,265.1913,392.1296,-99
5107041648,265.4474,392.0804,-99
5107074981,266.6956,391.3593,-99
5107108314,266.0172,390.6241,-99
5107141647,265.4766,389.7996,-99
5107174980,263.9181,388.5987,-99
5107208313,261.2452,388.5011,-99
5107241646,258.6928,388.0828,-99
5107274979,256.3182,387.9136,-99
5107308312,253.6659,386.9839,-99
5107341645,251.1895,385.3399,-99
5107374978,248.0923,384.3033,-99
5107408311,246.0426,382.0493,-99
5107441644,243.1127,380.4988,-99
5107474977,242.2581,378.9171,-99
5107508310,240.3889,378.6204,-99
5107541643,239.69,378.5361,-99
5107574976,238.4498,378.5205,-99
5107608309,235.7575,376.4076,-99
5107641642,234.0038,375.1932,-99
5107674975,233.1679,375.2844,-99
5107708308,232.802,375.1644,-99
5107741641,232.5152,375.2065,-99
5107774974,232.0618,374.2819,-99
5107808307,232.8996,375.9844,-99
5107841640,233.6293,375.2049,-99
5107874973,233.256,375.1005,-99
5107908306,233.5936,374.4087,-99
5107941639,232.2428,374.072,-99
5107974972,231.154,374.8059,-99
5108008305,230.7197,374.9424,-99
5108041638,230.3292,376.3375,-99
5108074971,228.2885,376.8192,-99
5108108304,227.5848,377.5399,-99
5108141637,227.5639,377.814,-99
5108180518,226.2759,378.4381,-99
5108213851,225.6288,378.2617,-99
5108247184,225.2871,378.1156,-99
5108280517,224.6434,377.9223,-99
5108313850,224.3622,377.3237,-99
5108347183,224.2976,376.8254,-99
5108380516,224.0444,376.16,-99
5108413849,222.7199,374.6708,-99
5108447182,222.0166,372.2488,-99
5108480515,221.1937,370.2494,-99
5108513848,219.7381,368.4357,-99
5108547181,219.4901,366.8663,-99
5108580514,217.3949,365.5289,-99
5108613847,215.8,364.7951,-99
5108647180,213.7512,364.067,-99
5108680513,211.1862,363.4515,-99
5108713846,208.5287,363.0215,-99
5108747179,205.8974,361.5458,-99
5108780512,206.2948,361.8141,-99
5108813845,204.968,360.7036,-99
5108847178,203.3217,359.0047,-99
5108880511,203.7723,358.3589,-99
5108913844,202.8564,358.0608,-99
5108947177,203.3861,358.0718,-99
5108980510,202.7383,358.5855,-99
5109013843,202.9183,359.4495,-99
5109047176,202.3808,360.0779,-99
5109080509,202.2304,360.9401,-99
5109113842,203.2963,360.6165,-99
5109147175,203.4683,361.1109,-99
5109180508,204.529,361.0371,-99
5109213841,205.0693,360.4697,-99
5109247174,205.6112,359.6974,-99
5109280507,206.1644,358.2759,-99
5109313840,206.0232,357.7969,-99
5109347173,207.7474,357.5658,-99
5109380506,209.1102,356.9878,-99
5109413839,209.3354,356.7104,-99
5109447172,210.1223,356.3511,-99
5109480505,209.7544,355.6916,-99
5109513838,209.4532,354.8734,-99
5109547171,209.3016,354.6925,-99
5109580504,207.5696,354.1455,-99
5109613837,206.5045,354.0568,-99
5109647170,204.1599,353.1074,-99
5109680503,202.048,351.6591,-99
5109713836,199.0702,350.2882,-99
5109747169,196.7365,349.8706,-99
5109780502,193.5899,349.3741,-99
5109813835,190.4084,349.1601,-99
5109847168,187.8241,349.4213,-99
5109880501,184.614,349.3419,-99
5109913834,182.7982,349.3492,-99
5109947167,180.7183,347.161,-99
5109980500,179.6095,347.2169,-99
5110013833,178.966,347.316,-99
5110047166,178.6158,346.7477,-99
5110080499,177.4592,346.6926,-99
5110113832,177.0338,345.2932,-99
5110147165,176.7888,342.7801,-99
5110180498,177.711,341.6031,-99
5110213831,178.6641,340.0973,-99
5110247164,179.694,339.9733,-99
5110280497,180.83,339.6256,-99
5110313830,179.1158,338.6659,-99
5110347163,177.8037,338.7362,-99
5110380496,176.3307,340.0478,-99
5110413829,175.3403,341.9626,-99
5110447162,174.7816,343.6373,-99
5110480495,173.3985,344.9826,-99
5110513828,172.9187,345.6333,-99
5110547161,172.1612,345.2427,-99
5110580494,170.5057,344.8073,-99
5110613827,169.332,344.1881,-99
5110647160,169.5029,342.5733,-99
5110680493,169.1773,341.3278,-99
5110713826,168.6319,336.9192,-99
5110747159,169.3908,332.4214,-99
5110780492,169.7565,327.8264,-99
5110813825,171.1996,323,-99
5110847158,172.8893,316.8607,-99
5110880491,174.3395,313.4232,-99
5110913824,176.0216,310.8243,-99
5110947157,177.2385,309.9241,-99
5110980490,177.4379,307.9379,-99
5111013823,176.0139,307.1306,-99
5111047156,174.4423,306.9725,-99
5111080489,172.5942,307.0183,-99
5111113822,170.8447,307.0158,-99
5111147155,170.4414,306.5096,-99
5111180488,170.5928,304.1606,-99
5111213821,171.6105,300.8701,-99
5111247154,171.5202,299.5284,-99
5111280487,171.8807,295.358,-99
5111313820,172.7829,293.286,-99
5111347153,172.5576,290.5438,-99
5111380486,172.3501,286.9497,-99
5111413819,171.6558,283.1894,-99
5111447152,171.7182,281.65,-99
5111480485,171.9435,279.369,-99
5111518445,171.9739,278.549,-99
5111551778,171.6004,275.6723,-99
5111585111,170.897,274.0894,-99
5111618444,170.4079,271.1737,-99
5111651777,169.8077,268.7033,-99
5111685110,169.7275,266.3333,-99
5111718443,170.4202,264.056,-99
5111751776,170.2228,261.8658,-99
5111785109,171.5689,258.8163,-99
5111818442,171.8051,256.9359,-99
5111851775,173.0736,253.6349,-99
5111885108,176.4747,251.5207,-99
5111918441,176.2866,250.5791,-99
5111951774,177.615,249.354,-99
5111985107,175.7025,245.8612,-99
5112018440,175.396,243.0198,-99
5112051773,173.0069,240.3103,-99
5112085106,169.7249,239.1878,-99
5112118439,168.1766,238.2026,-99
5112151772,166.4386,238.1175,-99
5112185105,164.6352,236.1759,-99
5112218438,164.948,233.3639,-99
5112251771,166.1168,231.8258,-99
5112285104,166.1248,230.9638,-99
5112318437,166.9762,230.3853,-99
5112351770,165.47,228.7396,-99
5112385103,168.0507,227.5672,-99
5112418436,169.052,226.264,-99
5112451769,169.2635,223.4398,-99
5112485102,171.0784,222.5029,-99
5112518435,171.3942,219.6436,-99
5112551768,173.2265,216.8204,-99
5112585101,175.0784,215.9505,-99
5112618434,176.2283,212.0091,-99
5112651767,177.8018,210.8896,-99
5112685100,181.8144,207.8035,-99
5112718433,184.3739,207.0987,-99
5112751766,185.5823,206.9671,-99
5112785099,186.8262,208.0749,-99
5112818432,187.2474,208.4661,-99
5112851765,187.5399,208.4787,-99
5112885098,187,206.7035,-99
5112918431,185.6644,206.2963,-99
5112951764,184.3033,206.4264,-99
5112985097,183.4025,206.1971,-99
5113018430,182.8612,205.8416,-99
5113051763,182.4652,205.211,-99
5113085096,181.511,204.8656,-99
5113118429,179.8699,204.4361,-99
5113151762,178.6525,202.7575,-99
5113191565,177.4966,202.5873,-99
5113224898,174.8164,201.7387,-99
5113258231,172.4849,202.3898,-99
5113291564,170.4588,202.8892,-99
5113324897,168.5025,202.875,-99
5113358230,166.575,203.1425,-99
5113391563,165.7338,203.0358,-99
5113424896,166.7039,203.4966,-99
5113458229,165.485,204.5774,-99
5113491562,165.7517,203.2325,-99
5113524895,167.1357,203.1028,-99
5113558228,169.2266,202.4948,-99
5113591561,170.728,202.3598,-99
5113624894,172.1462,201.8301,-99
5113658227,173.9044,201.2051,-99
5113691560,175.6955,198.933,-99
5113724893,176.9066,199.1253,-99
5113758226,178.0111,200.0332,-99
5113791559,177.7345,199.7538,-99
5113824892,177.1023,199.6868,-99
5113858225,176.1538,199.5475,-99
5113891558,174.9132,199.5813,-99
5113924891,174.1788,200.3792,-99
5113958224,172.8041,201.2347,-99
5113991557,172.2955,200.4615,-99
5114024890,172.5325,200.6957,-99
5114058223,172.249,200.8946,-99
5114091556,173.1706,199.7083,-99
5114124889,173.9836,199.3412,-99
5114158222,175.5988,199.2955,-99
5114191555,176.7826,198.4304,-99
5114224888,178.3246,198.024,-99
5114258221,179.0839,197.8667,-99
5114291554,179.0346,196.9589,-99
5114324887,178.3654,196.6477,-99
5114358220,177.6096,197.0616,-99
5114391553,176.3781,196.4601,-99
5114424886,176.0063,196.0708,-99
5114458219,175.5837,196.3026,-99
5114491552,174.7396,195.0591,-99
5114524885,175.2012,195.0602,-99
5114558218,174.9292,194.033,-99
5114591551,175.1493,194.5787,-99
5114624884,175.5087,193.9609,-99
5114658217,175.343,193.7672,-99
5114691550,176.2162,193.8799,-99
5114724883,175.8714,193.4149,-99
5114758216,176.696,192.8,-99
5114791549,177.3145,192.2246,-99
5114824882,178.0297,191.6518,-99
5114863794,180.1507,190.6879,-99
5114897127,181.0486,189.9345,-99
5114930460,182.2171,189.4364,-99
5114963793,182.8381,189.1064,-99
5114997126,182.5066,189.0642,-99
5115030459,181.3634,188.7983,-99
5115063792,179.5445,188.8347,-99
5115097125,177.4924,188.9244,-99
5115130458,175.3862,189.6555,-99
5115163791,174.171,189.2863,-99
5115197124,173.2742,189.6371,-99
5115230457,173.5453,190.2971,-99
5115263790,173.525,191.1336,-99
5115297123,174.9796,192.4227,-99
5115330456,174.9035,192.8105,-99
5115363789,176.1017,193.3542,-99
5115397122,177.31,193.641,-99
5115430455,178.6238,194.5177,-99
5115463788,179.5664,193.8173,-99
5115497121,179.4266,192.8948,-99
5115530454,180.5781,192.0832,-99
5115563787,180.3158,191.6121,-99
5115597120,180.0178,190.7663,-99
5115630453,179.7206,190.5709,-99
5115663786,179.4911,190.6243,-99
5115697119,178.6963,190.5748,-99
5115730452,177.3794,190.267,-99
5115763785,176.2374,190.1648,-99
5115797118,175.3964,190.0604,-99
5115830451,174.8642,190.1853,-99
5115863784,174.4207,190.0488,-99
5115897117,174.3866,190.2668,-99
5115930450,173.778,190.8311,-99
5115963783,173.9231,191.6648,-99
5115997116,174.4685,192.2146,-99
5116030449,174.9339,194.2881,-99
5116063782,175.9493,195.491,-99
5116097115,177.5408,196.1735,-99
5116130448,178.8028,198.0069,-99
5116163781,180.8796,198.8203,-99
5116197114,181.8078,198.9733,-99
5116230447,182.9709,199.2186,-99
5116263780,183.8225,199.5782,-99
5116297113,183.8734,200.5419,-99
5116330446,183.6686,200.358,-99
5116363779,183.7634,199.8817,-99
5116397112,183,198.9422,-99
5116430445,182.444,198.643,-99
5116463778,182.5332,198.0162,-99
5116497111,181.3678,195.8044,-99
5116530444,180.996,194.747,-99
5116563777,181.4549,193.5545,-99
5116597110,180.9301,191.3942,-99
5116630443,181.3875,189.9438,-99
5116663776,180.5629,189.5673,-99
5116697109,179.7872,188.0366,-99
5116730442,179.5976,186.5765,-99
5116763775,178.8357,186.277,-99
5116797108,177.9659,186.2,-99
5116830441,176.6083,186.03,-99
5116863774,175.4976,185.8507,-99
5116897107,174.1463,184.8177,-99
5116930440,172.7453,184.0991,-99
5116963773,172.4694,184.4195,-99
5116997106,171.9442,184.6442,-99
5117030439,172.2737,185.2715,-99
5117063772,172.1395,186.2429,-99
5117097105,172.7762,186.8759,-99
5117130438,172.8388,186.262,-99
5117163771,173.4886,187.0684,-99
5117197104,174.5827,186.8252,-99
5117230437,174.5873,186.0852,-99
5117263770,175.4766,186.9213,-99
5117297103,176.1245,186.1266,-99
5117330436,176.6566,186.0562,-99
5117363769,178.1429,187.1301,-99
5117397102,179.7332,187.5293,-99
5117430435,180.9503,187.676,-99
5117463768,181.6116,188.0692,-99
5117497101,181.4776,186.6447,-99
5117530434,180.6114,185.5426,-99
5117563767,180.0293,185.982,-99
5117597100,178.1516,186.2873,-99
5117630433,176.6452,186.0665,-99
5117663766,174.8724,185.8679,-99
5117697099,173.2664,185.1084,-99
5117730432,172.2584,184.2292,-99
5117763765,170.6235,183.0685,-99
5117797098,169.9431,183.41,-99
5117830431,169.2495,183.0409,-99
5117863764,168.2131,183.2373,-99
5117897097,167.1102,183.1286,-99
5117930430,166.8147,182.6512,-99
5117963763,166.2891,182.5964,-99
5117997096,165.0544,182.2824,-99
5118030429,163.3543,181.3442,-99
5118063762,163.1711,181.3921,-99
5118097095,162.9217,181.9661,-99
5118130428,161.656,181.7067,-99
5118163761,160.4934,181.9655,-99
5118187140,161.0708,182.7817,-99
5118220473,159.9893,182.5267,-99
5118253806,160.7514,182.94,-99
5118287139,159.5239,182.5819,-99
5118320472,160.75,183.6521,-99
5118353805,160.3768,182.9008,-99
5118387138,162.8473,180.3808,-99
5118420471,164.0184,179.5041,-99
5118453804,167.0273,178.8926,-99
5118487137,169.7676,178.2876,-99
5118520470,172.85,176.076,-99
5118553803,176.6147,175.739,-99
5118587136,180.9175,175.6881,-99
5118620469,184.5325,176.4361,-99
5118653802,186.7867,178.2275,-99
5118687135,188.2278,178.8655,-99
5118720468,189.4397,179.8511,-99
5118753801,190.0348,179.9536,-99
5118787134,189.7553,180.3624,-99
5118820467,190.1688,181.1923,-99
5118853800,189.9575,182.0984,-99
5118887133,189.3255,183.9896,-99
5118920466,190.8337,185.0651,-99
5118953799,192.6056,185.4202,-99
5118987132,193.6858,186.0596,-99
5119020465,194.3982,186.2838,-99
5119053798,195.2948,186.9105,-99
5119087131,195.4239,187.5457,-99
5119120464,195.3579,187.0846,-99
5119153797,194.6132,186.967,-99
5119187130,193.9811,186.6709,-99
5119220463,192.7169,186.1879,-99
5119253796,192.5686,186.7507,-99
5119287129,192.0275,186.2397,-99
5119320462,191.9631,185.9314,-99
5119353795,191.8149,185.9794,-99
5119387128,192.2824,185.2021,-99
5119420461,194.1724,184.2211,-99
5119453794,194.3454,183.8657,-99
5119487127,195.1659,184.1031,-99
5119520460,196.4617,184.2213,-99
5119553793,197.8277,184.5294,-99
5119587126,198.8192,184.7734,-99
5119620459,199.6054,185.3004,-99
5119653792,199.8462,185.6791,-99
5119687125,199.9065,186.1804,-99
5119720458,200.1973,186.3857,-99
5119753791,200.4803,186.818,-99
5119787124,200.2488,186.7949,-99
5119820457,201.6873,186.9903,-99
5119853790,200.9633,187.5743,-99
5119887123,201.6918,188.2163,-99
5119920456,201.9534,188.8032,-99
5119953789,202.4012,188.9962,-99
5119987122,202.9717,189.9879,-99
5120020455,202.8932,190.5919,-99
5120053788,203.3887,191.2857,-99
5120087121,204.4678,192.4142,-99
5120120454,204.3177,193.1834,-99
5120153787,203.1746,193.8325,-99
5120187120,203.7855,194.3217,-99
5120220453,205.2074,195.1383,-99
5120253786,206.1526,195.8803,-99
5120287119,207.293,196.0462,-99
5120320452,207.8308,195.7297,-99
5120353785,207.7887,196.2004,-99
5120387118,207.3186,195.4442,-99
5120420451,206.9538,194.687,-99
5120453784,205.7743,194.2099,-99
5120487117,204.1845,193.4539,-99
5120520450,202.3619,193.815,-99
5120553783,201.335,193.5422,-99
5120587116,199.8897,193.4411,-99
5120620449,198.2738,193.1687,-99
5120653782,198.3821,192.8668,-99
5120687115,198.5784,191.9758,-99
5120720448,197.3111,193.334,-99
5120753781,195.9951,194.4466,-99
5120787114,197.644,194.726,-99
5120820447,199.5058,193.638,-99
5120853780,201.2641,193.1174,-99
5120887113,202.2388,192.898,-99
5120920446,202.4631,192.6256,-99
5120953779,200.8144,190.6535,-99
5120987112,198.6106,189.7981,-99
5121020445,194.8399,187.4672,-99
5121053778,190.8739,185.695,-99
5121087111,187.2797,184.1584,-99
5121120444,182.1768,181.9696,-99
5121153777,179.6276,182.8698,-99
5121187110,176.1081,182.5405,-99
5121220443,173.452,182.8164,-99
5121253776,171.3583,183.6083,-99
5121287109,169.1347,183.7335,-99
5121320442,166.7438,183.1207,-99
5121353775,164.6906,183.8945,-99
5121387108,162.2923,184.4571,-99
5121420441,159.8056,184.8876,-99
5121453774,157.936,185.5071,-99
5121487107,155.2352,186.3082,-99
5121522738,153.8629,187.3522,-99
5121556071,152.516,189.1364,-99
5121589404,152.8868,189.3342,-99
5121622737,152.6119,185.2595,-99
5121656070,154.4021,184.1958,-99
5121689403,156.2949,183.4957,-99
5121722736,157.7004,181.7643,-99
5121756069,160.988,181.445,-99
5121789402,162.8257,180.4009,-99
5121822735,163.6196,179.3895,-99
5121856068,164.5675,178.8307,-99
5121889401,165.6783,178.7389,-99
5121922734,166.0952,176.8889,-99
5121956067,167.1574,176.337,-99
5121989400,166.9915,176.482,-99
5122022733,167.7808,175.8163,-99
5122056066,169.1832,176.0773,-99
5122089399,171.0741,176.5621,-99
5122122732,172.8385,176.5863,-99
5122156065,173.2767,178.5355,-99
5122189398,175.2974,180.121,-99
5122222731,177.5207,180.6632,-99
5122256064,178.6864,180.7514,-99
5122289397,181.0191,182.2814,-99
5122322730,183.0107,183.7573,-99
5122356063,184.6425,184.3627,-99
5122389396,186.9153,185.1557,-99
5122422729,189.5424,186.2236,-99
5122456062,192.093,186.4186,-99
5122489395,194.4809,187.224,-99
5122522728,196.752,187.876,-99
5122556061,198.6385,188.5303,-99
5122589394,200.2506,189.1318,-99
5122622727,201.5132,188.5609,-99
5122656060,201.46,186.515,-99
5122689393,201.1528,186.3968,-99
5122722726,201.4462,184.957,-99
5122756059,201.1413,182.4158,-99
5122789392,200.7968,181.992,-99
5122822725,201.5755,180.8854,-99
5122856058,202.1111,178.3528,-99
5122889391,202.8843,178.0257,-99
5122922724,203.3612,177.0647,-99
5122956057,203.0833,176.7292,-99
5122989390,203.087,175.8261,-99
5123022723,202.0545,175.3815,-99
5123056056,200.4611,174.785,-99
5123089389,200.5525,174.0497,-99
5123122722,199.7292,172.7798,-99
5123156055,199.4023,172.4136,-99
5123201437,201.0118,172.1741,-99
5123234770,201.669,171.5,-99
5123268103,200.9186,171.944,-99
5123301436,201.3534,171.8717,-99
5123334769,202.7474,170.3144,-99
5123368102,204.9828,169.3701,-99
5123401435,206.0405,169.3241,-99
5123434768,207.2517,169.776,-99
5123468101,207.5744,169.4349,-99
5123501434,207.5545,169.1517,-99
5123534767,207.1968,167.595,-99
5123568100,206.3027,165.704,-99
5123601433,205.5077,166.4436,-99
5123634766,205.7911,165.3192,-99
5123668099,207.3132,162.3521,-99
5123701432,207.9957,162.0366,-99
5123734765,208.0284,162.4083,-99
5123768098,208.5084,160.6218,-99
5123801431,209.8405,159.7236,-99
5123834764,210.8185,159.0806,-99
5123868097,211.6633,157.9482,-99
5123901430,212.7016,157.8765,-99
5123934763,212.2291,157.6311,-99
5123968096,212.6823,157.6558,-99
5124001429,213.3182,156.6963,-99
5124034762,213.5333,156.2312,-99
5124068095,213.1909,155.7375,-99
5124101428,213.8548,153.8405,-99
5124134761,213.9429,153.5538,-99
5124168094,215.2349,151.4295,-99
5124201427,216.1581,149.7735,-99
5124234760,218.1864,149.5987,-99
5124268093,219.5078,148.5213,-99
5124301426,221.7009,147.2902,-99
5124334759,223.6034,146.081,-99
5124368092,226.2284,145.6564,-99
5124401425,229.4866,145.5794,-99
5124434758,231.1419,145.4054,-99
5124468091,231.2658,145.6911,-99
5124501424,232.9091,145.6052,-99
5124534757,234.1333,144.672,-99
5124568090,234.7859,144.3879,-99
5124601423,236.1862,142.2322,-99
5124634756,238.0064,142.0043,-99
5124668089,239.0888,141.0454,-99
5124701422,241.2886,140.4084,-99
5124734755,242.3408,140.9438,-99
5124768088,242.5907,142.2411,-99
5124801421,242.8587,142.6975,-99
5124834754,242.8971,142.7613,-99
5124868087,242.4612,141.8595,-99
5124901420,242.0887,140.9753,-99
5124934753,240.9821,137.8566,-99
5124968086,240.832,137.6295,-99
5125001419,239.9769,136.0587,-99
5125034752,239.5909,134.6033,-99
5125068085,240.0739,134.3848,-99
5125101418,241.4303,133.3163,-99
5125134751,242.7184,133.3449,-99
5125168084,244.4303,131.3955,-99
5125201417,246.9699,130.9539,-99
5125234750,249.0542,132.0643,-99
5125268083,250.5565,133.2036,-99
5125301416,252.3103,133.144,-99
5125334749,252.4688,132.7688,-99
5125368082,253.4694,132.0204,-99
5125401415,254.8835,129.8326,-99
5125434748,254.8679,127.8923,-99
5125468081,255.8659,124.7475,-99
5125501414,256.9043,123.9688,-99
5125534747,257.9037,121.4617,-99
5125568080,258.7419,121.1714,-99
5125601413,260.4292,120.3881,-99
5125634746,263.8466,118.4117,-99
5125668079,266.9496,117.405,-99
5125701412,270.846,116.0195,-99
5125734745,273.8289,116.5788,-99
5125768078,276.1501,116.4158,-99
5125801411,279.2968,115.4884,-99
5125834744,279.8306,114.2682,-99
5125868077,282.105,113.6404,-99
5125901410,284.0974,113.1921,-99
5125934743,285.3625,113.0694,-99
5125968076,286.8816,113.5214,-99
5126001409,288.4871,113.4215,-99
5126034742,290.566,113.7841,-99
5126068075,290.7315,112.5751,-99
5126101408,291.9633,111.4449,-99
5126134741,292.8806,109.2672,-99
5126168074,295.0765,108.1366,-99
5126201407,296.5239,107.9331,-99
5126234740,298.22,107.582,-99
5126268073,300.3482,107.7467,-99
5126301406,301.5927,107.8494,-99
5126334739,302.0295,108.1242,-99
5126368072,302.6749,106.1863,-99
5126401405,303.0107,105.4744,-99
5126434738,303.403,103.2994,-99
5126468071,304.1573,100.734,-99
5126501404,304.6839,99.72763,-99
5126540285,305.5836,98.59431,-99
5126573618,305.1525,97.54456,-99
5126606951,306.271,97.53645,-99
5126640284,307.0703,97.28829,-99
5126673617,307.678,97.00378,-99
5126706950,308.6568,97.91314,-99
5126740283,309.1599,98.54303,-99
5126773616,308.7844,98.53277,-99
5126806949,309.3954,98.61099,-99
5126840282,309.4696,98.56394,-99
5126873615,309.7832,98.20132,-99
5126906948,310.0769,98.5978,-99
5126940281,309.7924,98.10268,-99
5126973614,311.2747,98.40129,-99
5127006947,311.8518,99.20139,-99
5127040280,311.9594,99.36038,-99
5127073613,312.4071,99.70953,-99
5127106946,313.2241,99.89151,-99
5127140279,313.1827,100.7538,-99
5127173612,312.6587,100.4826,-99
5127206945,313.2857,99.57876,-99
5127240278,313.8302,99.33334,-99
5127273611,313.5185,98.12854,-99
5127306944,312.816,96.408,-99
5127340277,313.1109,95.82895,-99
5127373610,313.6734,95.20766,-99
5127406943,314.0246,95.45557,-99
5127440276,314.7576,94.78004,-99
5127473609,315.2113,94.96234,-99
5127506942,316.4834,95.83148,-99
5127540275,317.9199,95.85931,-99
5127573608,318.3326,96.26087,-99
5127606941,317.6394,96.16368,-99
5127640274,318.7312,95.95699,-99
5127673607,319.5386,95.79625,-99
5127706940,321.2744,94.73984,-99
5127740273,320.8473,94.13646,-99
5127773606,321.6394,93.9979,-99
5127806939,322.8008,93.62915,-99
5127840272,323.8489,93.0478,-99
5127873605,325.454,93.05726,-99
5127906938,324.9958,93.94106,-99
5127940271,326.597,94.96375,-99
5127973604,328.8391,94.90772,-99
5128006937,329.4088,95.25652,-99
5128040270,328.5211,94.51688,-99
5128073603,328.9856,94.09035,-99
5128106936,328.3802,94.07722,-99
5128140269,326.5837,93.79796,-99
5128173602,324.5818,94.34369,-99
5128209263,324.3964,93.81275,-99
5128242596,323.6692,93.6579,-99
5128275929,321.823,93.88869,-99
5128309262,319.6929,94.30896,-99
5128342595,319.7022,94.77715,-99
5128375928,319.3023,95.84258,-99
5128409261,319.3815,96.83815,-99
5128442594,318.9919,98.20322,-99
5128475927,320.8316,99.38134,-99
5128509260,320.8185,100.5387,-99
5128542593,320.8439,101.0549,-99
5128575926,322.2238,101.7483,-99
5128609259,323.3091,101.6727,-99
5128642592,323.3145,101.9027,-99
5128675925,324.5786,101.3941,-99
5128709258,323.6332,101.2991,-99
5128742591,324.2084,98.88692,-99
5128775924,324.285,97.14954,-99
5128809257,325.8437,97.3576,-99
5128842590,326.1066,95.69617,-99
5128875923,326.0701,94.42284,-99
5128909256,325,93.85185,-99
5128942589,325.8944,93.61852,-99
5128975922,326.2375,92.75676,-99
5129009255,327.1426,93.53972,-99
5129042588,326.9832,94.62617,-99
5129075921,328.3911,97.04888,-99
5129109254,331.4424,99.84906,-99
5129142587,333.9496,102.3318,-99
5129175920,336.5256,105.3096,-99
5129209253,339.0341,108.5565,-99
5129242586,339.5991,111.196,-99
5129275919,341.1701,112.6784,-99
5129309252,342.5321,114.5259,-99
5129342585,343.883,114.917,-99
5129375918,346.1294,114.3925,-99
5129409251,347.9469,113.983,-99
5129442584,350.5464,112.6941,-99
5129475917,351.6912,111.0798,-99
5129509250,352.5568,111.0087,-99
5129542583,355.3,111.8229,-99
5129575916,358.5816,113.4714,-99
5129609249,361.7917,114.7104,-99
5129642582,366.2129,117.3346,-99
5129675915,369.9458,120.8259,-99
5129709248,373.7342,123.8439,-99
5129742581,376.3127,126.882,-99
5129775914,379.3783,128.7414,-99
5129809247,382.1502,130.5947,-99
5129842580,384.8422,131.2643,-99
5129875913,387.5059,131.5295,-99
5129909246,388.7413,131.2973,-99
5129942579,390.5646,130.2657,-99
5129975912,392.5301,129.9845,-99
5130009245,393.1431,129.8664,-99
5130042578,394.5216,130.6098,-99
5130075911,395.7753,132.2159,-99
5130109244,398.1895,134.3813,-99
5130142577,401.1384,136.6488,-99
5130175910,405.0581,138.3895,-99
5130209243,408.9491,140.9335,-99
5130242576,410.9564,144.1429,-99
5130275909,413.0907,147.2061,-99
5130309242,415.5192,149.8231,-99
5130342575,417.6414,151.5484,-99
5130375908,420.6924,152.0497,-99
5130409241,425.018,153.5108,-99
5130442574,428.8324,155.0484,-99
5130475907,431.3156,155.8367,-99
5130509240,434.4308,157.6701,-99
5130542573,437.3947,159.6696,-99
5130575906,440.1599,162.3144,-99
5130609239,442.7845,164.8748,-99
5130642572,444.3699,168.2053,-99
5130675905,444.8441,171.2204,-99
5130709238,446.7686,173.4835,-99
5130742571,448.9939,177.454,-99
5130775904,450.4423,181.3312,-99
5130809237,452.809,183.7434,-99
5130842570,455.2374,186.0175,-99
5130875903,457.0594,188.0297,-99
5130909236,458.9132,189.6792,-99
5130942569,459.094,192.1453,-99
5130975902,459.0519,193.7311,-99
5131009235,459.0396,197.4978,-99
5131042568,459.9699,202.1677,-99
5131075901,460.7302,206.3255,-99
5131109234,461.5615,211.6958,-99
5131142567,462.6108,215.6651,-99
5131175900,464.1492,220.2647,-99
5131209233,464.3549,223.9375,-99
5131242566,465.0768,227.9212,-99
5131275899,465.8157,232.0911,-99
5131309232,466.3419,236.2425,-99
5131342565,467.9271,240.8355,-99
5131375898,468.4563,244.2369,-99
5131409231,468.0774,247.6596,-99
5131442564,467.9876,252.0103,-99
5131475897,466.5785,255.5368,-99
5131509230,465.9324,258.3586,-99
5131536782,465.6715,260.4812,-99
5131570115,465.6563,262.3892,-99
5131603448,467.6397,264.5569,-99
5131636781,469.6406,265.4503,-99
5131670114,471.4753,267.2881,-99
5131703447,473.2175,269.2276,-99
5131736780,474.0102,269.9468,-99
5131770113,474.8275,270.7734,-99
5131803446,475.0839,274.2018,-99
5131836779,474.366,278.866,-99
5131870112,473.8376,281.6005,-99
5131903445,473.2421,283.3429,-99
5131936778,473.0336,286.4765,-99
5131970111,473.3752,291.0412,-99
5132003444,472.3463,294.4312,-99
5132036777,470.9608,296.084,-99
5132070110,470.8281,298.3281,-99
5132103443,472.442,297.3514,-99
5132136776,470.8571,305.9124,-99
5132170109,469.4061,311.0848,-99
5132203442,464.3629,314.3266,-99
5132236775,460.1354,321.9219,-99
5132270108,457.4438,318.7692,-99
5132303441,454.4745,320.0949,-99
5132336774,455.078,323.6808,-99
5132370107,452.9922,324.1273,-99
5132403440,452.4934,325.1114,-99
5132436773,452.4267,325.6027,-99
5132470106,455.6055,326.6361,-99
5132503439,452.6865,327.5555,-99
5132536772,448.3775,336.3718,-99
5132570105,448.1714,343.0026,-99
5132603438,445.1367,345.0527,-99
5132636771,441.4573,348.8494,-99
5132670104,437.7189,351.6604,-99
5132703437,433.9945,354.3879,-99
5132736770,431.0448,358.6013,-99
5132770103,427.1519,362.6228,-99
5132803436,424.7441,363.5235,-99
5132836769,422.2698,365.349,-99
5132870102,420.771,367.7252,-99
5132903435,419.5296,371.2607,-99
5132936768,419.8857,373.3371,-99
5132970101,420.6503,374.8558,-99
5133003434,418.6873,376.6648,-99
5133036767,416.9202,376.3932,-99
5133070100,418.2769,376.0892,-99
5133103433,419.0251,377.4843,-99
5133136766,419.7456,378.3905,-99
5133170099,420.1651,380.5321,-99
5133208980,421.3799,383.0475,-99
5133242313,421.7834,384.3294,-99
5133275646,420.7946,386.5559,-99
5133308979,416.6599,386.932,-99
5133342312,410.7563,386.9146,-99
5133375645,406.2529,389.436,-99
5133408978,406.4894,387.8862,-99
5133442311,406.2599,387.4278,-99
5133475644,403.0132,387.9288,-99
5133508977,399.78,389.756,-99
5133542310,395.6598,390.8379,-99
5133575643,392.7014,389.6945,-99
5133608976,387.9585,391.9917,-99
5133642309,385.7271,390.9908,-99
5133675642,383.4487,391.1198,-99
5133708975,380.055,390.5465,-99
5133742308,376.8474,390.6121,-99
5133775641,374.7006,390.6204,-99
5133808974,371.8629,390.8117,-99
5133842307,369.2279,390.4106,-99
5133875640,368.2422,391.3173,-99
5133908973,367.0889,391.9718,-99
5133942306,365.0551,392.9163,-99
5133975639,364.4752,395.0449,-99
5134008972,361.4936,397.4142,-99
5134042305,359.2724,400.1342,-99
5134075638,355.59,401.9157,-99
5134108971,352.6965,404.0232,-99
5134142304,350.3058,405.0845,-99
5134175637,347.5043,406.4957,-99
5134208970,346.0983,408.659,-99
5134242303,344.4147,410.8101,-99
5134275636,342.4904,412.2548,-99
5134308969,342.3546,413.2704,-99
5134342302,342.1946,413.4261,-99
5134375635,341.3275,412.0275,-99
5134408968,339.0469,410.9131,-99
5134442301,335.0681,408.6446,-99
5134475634,333.9835,408.3248,-99
5134508967,332.9553,407.3649,-99
5134542300,331.7791,406.3252,-99
5134575633,330.6746,406.0903,-99
5134608966,330.154,404.8426,-99
5134642299,331.1362,403.2665,-99
5134675632,332.0677,402.6797,-99
5134708965,332.6452,401.5543,-99
5134742298,332.6652,401.6403,-99
5134775631,333.2657,401.1678,-99
5134808964,333.4858,402.7408,-99
5134842297,333.9562,404.407,-99
5134875630,333.9641,406.2008,-99
5134908963,335.9818,407.7039,-99
5134942296,336.1919,410.1471,-99
5134975629,336.3805,411.4948,-99
5135008962,335.7201,412.7404,-99
5135042295,333.8346,414.1893,-99
5135075628,332.0297,413.822,-99
5135108961,330.756,414.3677,-99
5135142294,329.3234,414.1136,-99
5135175627,327.074,413.2961,-99
5135208960,325.6487,411.9878,-99
5135242293,327.3945,411.4371,-99
5135275626,323.5417,409.9805,-99
5135308959,321.658,408.5959,-99
5135342292,320.4148,407.9578,-99
5135375625,318.6501,406.8868,-99
5135408958,318.2587,405.8671,-99
5135442291,316.809,404.9518,-99
5135475624,314.4983,403.1771,-99
5135508957,312.9191,401.7195,-99
5135542290,310.2397,400.7997,-99
5135575623,308.0157,399.8185,-99
5135608956,306.2713,399.4961,-99
5135642289,305.0773,400.4569,-99
5135675622,303.2495,400.1425,-99
5135708955,301.1645,400.1513,-99
5135742288,299.1796,400.2993,-99
5135775621,297.0989,400.2387,-99
5135808954,294.3719,398.7746,-99
5135842287,292.3715,398.3264,-99
5135875620,289.239,398.085,-99
5135908953,286.1987,397.9749,-99
5135942286,284.1771,398.533,-99
5135975619,282.6673,399.4715,-99
5136008952,280.4432,400.0074,-99
5136042285,277.6252,401.1153,-99
5136075618,275.8069,402.4299,-99
5136108951,274.5294,402.9596,-99
5136142284,272.5766,403.7007,-99
5136175617,269.9557,403.0638,-99
5136208950,267.2904,402.1551,-99
5136242283,265.8799,400.2403,-99
5136275616,262.5637,398.5655,-99
5136308949,260.2864,396.1164,-99
5136342282,260.035,394.8529,-99
5136375615,260.4204,393.4401,-99
5136408948,260.9481,393.9459,-99
5136442281,260.391,393.2921,-99
5136475614,259.2545,393.2613,-99
5136508947,257.6057,393.0551,-99
5136550157,257.238,393.1213,-99
5136583490,255.3044,391.2157,-99
5136616823,253.8743,389.3557,-99
5136650156,252.1503,388.0402,-99
5136683489,250.279,386.7866,-99
5136716822,249.118,386.7041,-99
5136750155,247.5728,385.3321,-99
5136783488,247.2727,384.6155,-99
5136816821,247.0617,385.9021,-99
5136850154,246.4883,387.2418,-99
5136883487,245.5624,386.1269,-99
5136916820,244.714,386.2563,-99
5136950153,244.5632,386.3425,-99
5136983486,243.1879,386.7309,-99
5137016819,241.5717,386.6368,-99
5137050152,240.0195,384.4475,-99
5137083485,239.4556,384.6081,-99
5137116818,236.951,383.6007,-99
5137150151,236.0466,382.9634,-99
5137183484,235.1889,381.9511,-99
5137216817,235.1438,381.0173,-99
5137250150,234.6723,379.4215,-99
5137283483,234.6143,377.936,-99
5137316816,234.5973,375.8149,-99
5137350149,235.0255,374.5592,-99
5137383482,234.6674,372.5672,-99
5137416815,235.2515,371.8466,-99
5137450148,235.5993,370.1268,-99
5137483481,235.5751,371.6616,-99
5137516814,234.3411,371.6914,-99
5137550147,232.4067,371.8445,-99
5137583480,230.8697,371.4099,-99
5137616813,230.1135,371.3841,-99
5137650146,229.3841,372.558,-99
5137683479,227.2614,372.7506,-99
5137716812,225.7784,371.1274,-99
5137750145,224.3267,370.361,-99
5137783478,224.6811,369.6274,-99
5137816811,224.513,369.9182,-99
5137850144,225.1832,369.043,-99
5137883477,224.8559,365.8381,-99
5137916810,226.6225,365.4696,-99
5137950143,226.2955,363.7573,-99
5137983476,228.0273,365.6492,-99
5138016809,227.9929,365.5938,-99
5138050142,229.5938,364.8076,-99
5138083475,230.1253,364.7053,-99
5138116808,230.2127,364.914,-99
5138150141,231.2189,365.1221,-99
5138183474,231.5541,365.1678,-99
5138216807,230.0775,364.7256,-99
5138250140,230.1287,365.5644,-99
5138283473,230.0137,366.0432,-99
5138316806,230.4611,367.2334,-99
5138350139,231.0235,367.1971,-99
5138383472,230.9327,366.7635,-99
5138416805,231.727,367.6252,-99
5138450138,232.5321,367.6638,-99
5138483471,232.9557,367.1672,-99
5138516804,233.1578,366.7342,-99
5138550137,231.6029,364.7924,-99
5138583470,231.2166,363.6606,-99
5138616803,230.0317,362.6796,-99
5138650136,229,361.6805,-99
5138683469,226.9143,360.8082,-99
5138716802,224.0323,359.4707,-99
5138750135,221.8172,357.2977,-99
5138783468,219.0938,357.0618,-99
5138816801,217.4463,354.6707,-99
5138850134,214.7579,353.5159,-99
5138883467,212.8286,351.2909,-99
5138916800,210.8786,350.752,-99
5138950133,210.0941,350.651,-99
5138983466,209.04,349.62,-99
5139016799,209.445,348.635,-99
5139050132,208.6585,346.778,-99
5139083465,207.5722,346.4356,-99
5139116798,207.423,345.0758,-99
5139150131,207.0653,343.9765,-99
5139183464,205.5134,343.893,-99
5139216797,205.1145,343.9618,-99
5139250130,203.7742,344.2109,-99
5139283463,202.4286,344.4837,-99
5139316796,201.1511,344.6091,-99
5139350129,199.8753,344.2861,-99
5139383462,199.1097,343.5357,-99
5139416795,198.9402,341.9202,-99
5139450128,197.8454,339.5187,-99
5139483461,197.7943,338.1615,-99
5139516794,197.9132,334.9474,-99
5139550127,197.2406,334.1604,-99
5139583460,196.6872,330.5739,-99
5139616793,194.9008,329.4886,-99
5139650126,194.2754,326.2332,-99
5139683459,192.8112,323.2207,-99
5139716792,192.6128,321.9385,-99
5139750125,192.0053,318.8325,-99
5139783458,190.2036,316.2112,-99
5139816791,189.702,315.0167,-99
5139850124,187.8526,312.1711,-99
5139885786,187.306,310.6592,-99
5139919119,186.1429,306.936,-99
5139952452,185.1959,305.25,-99
5139985785,184.6351,301.2867,-99
5140019118,183.8373,298.5538,-99
5140052451,184.2417,296.5829,-99
5140085784,183.8033,294.8504,-99
5140119117,184.0407,293.2265,-99
5140152450,183.2976,291.4683,-99
5140185783,181.3465,289.8044,-99
5140219116,180.3893,288.8344,-99
5140252449,178.1439,286.7342,-99
5140285782,176.4486,285.1075,-99
5140319115,174.6692,284.5795,-99
5140352448,172.9263,283.7526,-99
5140385781,171.4508,282.1244,-99
5140419114,171.5442,278.1456,-99
5140452447,170.9979,274.2954,-99
5140485780,170.6315,270.8551,-99
5140519113,172.4722,268.2289,-99
5140552446,173.9385,265.5786,-99
5140585779,174.1199,263.6859,-99
5140619112,174.3995,263.0107,-99
5140652445,175.7829,259.6371,-99
5140685778,176.408,255.9787,-99
5140719111,176.9214,253.027,-99
5140752444,177.8333,250.4216,-99
5140785777,179.0845,248.2536,-99
5140819110,179.6819,246.9137,-99
5140852443,181.1188,246.4972,-99
5140885776,181.5148,245.9569,-99
5140919109,181.2742,245.6537,-99
5140952442,182.7766,245.6294,-99
5140985775,181.9772,244.2987,-99
5141019108,180.9558,241.4338,-99
5141052441,181.5952,239.5735,-99
5141085774,182.1931,237.5531,-99
5141119107,182.0182,234.9427,-99
5141152440,182.1356,233.6322,-99
5141185773,180.2906,232.7627,-99
5141219106,180.3607,232.2388,-99
5141252439,178.4354,230.1293,-99
5141285772,176.4118,228.3782,-99
5141319105,177.358,227.8494,-99
5141352438,178.2626,225.7135,-99
5141385771,176.8387,222.129,-99
5141419104,179.0968,221.3065,-99
5141452437,179.5167,217.653,-99
5141485770,178.915,215.5748,-99
5141519103,180.8611,213.3763,-99
5141552436,180.9913,212.7855,-99
5141585769,181.3642,210.2448,-99
5141619102,183.474,209.1918,-99
5141652435,184.6043,209.2219,-99
5141685768,186.5939,209.2005,-99
5141719101,187.9838,206.973,-99
5141752434,188.2222,204.0053,-99
5141785767,189.1078,203.8145,-99
5141819100,188.0631,201.2323,-99
5141852433,187.342,199.9347,-99
5141885766,185.67,200.0277,-99
5141919099,184.0378,199.9874,-99
5141952432,182.2639,199.8789,-99
5141985765,181.2854,200.0122,-99
5142019098,180.3325,199.7245,-99
5142052431,178.9745,197.6752,-99
5142085764,177.7128,197.6808,-99
5142119097,178.1671,197.7827,-99
5142152430,181.4425,196.4358,-99
5142185763,185.0761,195.9396,-99
5142219096,188.3512,196.0157,-99
5142252429,191.8599,195.744,-99
5142285762,193.8959,196.2233,-99
5142319095,195.274,197.0791,-99
5142352428,196.1192,197.5908,-99
5142385761,197.124,197.7261,-99
5142419094,198.8773,197.4693,-99
5142452427,200.583,197.1507,-99
5142485760,201.2763,194.4408,-99
5142519093,201.4837,194.5326,-99
5142552426,201.9293,190.2827,-99
5142585759,202.8273,187.0902,-99
5142619092,204.0606,185.9254,-99
5142652425,204.6867,183.8045,-99
5142685758,204.4688,182.4813,-99
5142719091,204.7707,181.721,-99
5142752424,204.9362,180.7021,-99
5142785757,205.5518,178.7487,-99
5142819090,206.4834,177.22,-99
5142852423,207.6408,175.3521,-99
5142885756,208.7873,173.5941,-99
5142919089,208.9035,171.4718,-99
5142952422,209.457,169.8747,-99
5142985755,209.6325,168.4074,-99
5143019088,208.5305,167.7889,-99
5143052421,206.7151,167.2603,-99
5143085754,205.9462,165.5086,-99
5143119087,204.7471,165.1765,-99
5143152420,205.3476,164.5214,-99
5143185753,206.6763,162.2763,-99
5143218852,207.6094,161.1745,-99
5143252185,209.8348,160.8673,-99
5143285518,211.6449,160.2983,-99
5143318851,212.8536,159.9807,-99
5143352184,213.924,159.1127,-99
5143385517,214.7644,157.6795,-99
5143418850,215.4521,158.2,-99
5143452183,216.3532,156.1195,-99
5143485516,217.4617,154.6199,-99
5143518849,219.156,154.1783,-99
5143552182,221.0935,154.0571,-99
5143585515,222.0125,152.44,-99
5143618848,222.7048,150.5573,-99
5143652181,223.8989,149.9481,-99
5143685514,224.6864,149.1542,-99
5143718847,226.8268,147.7714,-99
5143752180,229.7757,146.3627,-99
5143785513,232.0213,145.9745,-99
5143818846,233.6604,146.0167,-99
5143852179,236.0577,146.1134,-99
5143885512,236.7963,145.4413,-99
5143918845,238.0989,144.7995,-99
5143952178,238.9195,142.9537,-99
5143985511,240.0236,142.1937,-99
5144018844,241.2072,137.9821,-99
5144052177,242.096,137.839,-99
5144085510,243.4217,134.8362,-99
5144118843,245.9258,134.1401,-99
5144152176,247.9827,130.802,-99
5144185509,250.3944,129.9771,-99
5144218842,253.513,128.7435,-99
5144252175,255.8192,128.2466,-99
5144285508,257.2889,128.7167,-99
5144318841,259.2648,129.1388,-99
5144352174,261.6085,128.9286,-99
5144385507,262.9113,129.4532,-99
5144418840,262.5379,128.9191,-99
5144452173,263.7296,129.4856,-99
5144485506,265.4699,128.3875,-99
5144518839,265.9741,127.5745,-99
5144552172,267.9947,125.7562,-99
5144585505,269.2902,124.1312,-99
5144618838,270.0073,123.5301,-99
5144652171,271.0267,123.8871,-99
5144685504,272.1744,123.4167,-99
5144718837,273.5773,122.9491,-99
5144752170,275.0502,122.243,-99
5144785503,278.0238,120.7163,-99
5144818836,282.2982,119.1481,-99
5144852169,285.6036,116.4196,-99
5144885502,287.5764,115.3965,-99
5144918835,290.2613,114.2449,-99
5144952168,291.6852,114.4938,-99
5144985501,292.9496,114.4155,-99
5145018834,293.2352,115.2298,-99
5145052167,292.9801,116.2809,-99
5145085500,294.0432,116.3271,-99
5145118833,294.2945,117.0212,-99
5145152166,293.9101,118.53,-99
5145185499,295.4244,118.6102,-99
5145218832,297.8552,118.9569,-99
5145252165,299.471,119.9073,-99
5145285498,300.5678,120.8023,-99
5145318831,301.5623,122.2188,-99
5145352164,303.0135,124.1165,-99
5145385497,303.7872,124.2048,-99
5145418830,303.4393,124.4053,-99
5145452163,303.0756,123.2463,-99
5145485496,303.1599,121.5084,-99
5145518829,302.9369,120.8598,-99
5145552162,303.2988,120.7365,-99
5145585495,303.8014,118.8294,-99
5145618828,303.8196,117.9465,-99
5145652161,304.7562,117.4458,-99
5145685494,306.9875,116.9425,-99
5145718827,308.9146,116.6683,-99
5145752160,309.9975,116.9619,-99
5145785493,311.1546,117.4239,-99
5145818826,312.5821,117.0769,-99
5145852159,313.4014,116.4299,-99
5145885492,313.7591,115.9221,-99
5145918825,312.9816,114.6552,-99
5145952158,312.3404,113.4515,-99
5145985491,311.3601,112.6691,-99
5146018824,310.8224,110.1557,-99
5146052157,309.7614,107.7185,-99
5146085490,308.3554,105.0358,-99
5146118823,306.5358,101.7825,-99
5146152156,303.8457,98.6383,-99
5146185489,300.5168,96.84357,-99
5146218822,297.1524,93.0107,-99
5146252155,295.1346,92.51649,-99
5146285488,291.5648,89.9242,-99
5146318821,289.1662,87.51862,-99
5146352154,287.4032,87.40053,-99
5146385487,282.9576,83.42373,-99
5146418820,281.7432,83.70219,-99
5146452153,278.1529,81.37261,-99
5146485486,275.6866,80.33788,-99
5146518819,273.6237,78.81579,-99
5146551230,272.0197,78.2829,-99
5146584563,270.4691,77.87963,-99
5146617896,269.4939,77.95454,-99
5146651229,268.6686,77.77428,-99
5146684562,267.7379,76.54707,-99
5146717895,266.292,75.23515,-99
5146751228,264.9257,74.33714,-99
5146784561,264.7636,73.76902,-99
5146817894,265.2219,72.7464,-99
5146851227,265.0771,73.18554,-99
5146884560,265.7536,72.9341,-99
5146917893,266.1654,73.89664,-99
5146951226,267.0102,73.70229,-99
5146984559,267.9924,73.79494,-99
5147017892,269.4683,74.71951,-99
5147051225,270.7976,74.76627,-99
5147084558,272.1178,74.98077,-99
5147117891,272.3428,75.04256,-99
5147151224,272.3872,75.22051,-99
5147184557,272.933,76.39454,-99
5147217890,273.6143,76.81667,-99
5147251223,274.3207,78.15094,-99
5147284556,273.5704,77.55869,-99
5147317889,274.4024,78.17381,-99
5147351222,275.1066,79.5237,-99
5147384555,275.8282,80,-99
5147417888,276.2182,80.47722,-99
5147451221,276.4806,80.40827,-99
5147484554,276.8568,80.30097,-99
5147517887,276.5589,80.43609,-99
5147551220,276.5849,81.32798,-99
5147584553,276.3614,81.16832,-99
5147617886,274.8691,78.86649,-99
5147651219,274.6606,77.59068,-99
5147684552,274.519,77.6256,-99
5147717885,274.7489,77.97488,-99
5147751218,274.311,77.5933,-99
5147784551,272.8005,76.28571,-99
5147817884,272.0686,75.28,-99
5147851217,271.8163,74.55102,-99
5147884550,270.6964,74.01276,-99
5147917883,269.8005,73.09016,-99
5147951216,268.6563,71.53693,-99
5147984549,268.9381,72.03608,-99
5148017882,267.9162,71.95686,-99
5148051215,267.2664,71.74577,-99
5148084548,266.4282,71.49202,-99
5148117881,266.0791,71.49745,-99
5148151214,265.3257,71.74747,-99
5148184547,263.5787,71.14975,-99
5148223428,263.4297,70.81892,-99
5148256761,263.268,71.1031,-99
5148290094,262.9062,71.0563,-99
5148323427,263.4377,71.18575,-99
5148356760,264.5248,71.28459,-99
5148390093,264.557,71.41192,-99
5148423426,265.0179,71.71026,-99
5148456759,265.9976,72.46283,-99
5148490092,266.1501,72.51089,-99
5148523425,267.1483,73.03235,-99
5148556758,268.1908,73.92621,-99
5148590091,268.9729,74.10345,-99
5148623424,270.0178,74.68702,-99
5148656757,271.0938,74.95573,-99
5148690090,271.9711,75.89501,-99
5148723423,272.0625,75.79427,-99
5148756756,273.0675,76.65974,-99
5148790089,273.8741,77.37531,-99
5148823422,274.1231,77.19951,-99
5148856755,274.6667,77.79021,-99
5148890088,275.0169,77.4506,-99
5148923421,275.3828,77.51196,-99
5148956754,276.1017,77.80872,-99
5148990087,276.5293,77.59756,-99
5149023420,277.4122,77.61323,-99
5149056753,278.4828,78.21675,-99
5149090086,279.7809,78.0567,-99
5149123419,280.8,78.97465,-99
5149156752,282.5244,80.0573,-99
5149190085,284.4598,80.62069,-99
5149223418,286.7562,82.24691,-99
5149256751,288.9472,83.26087,-99
5149290084,291.5367,84.65982,-99
5149323417,294.1684,86.09326,-99
5149356750,296.0501,87.13984,-99
5149390083,296.7539,87.93979,-99
5149423416,296.5529,88.77341,-99
5149456749,296.699,89.72492,-99
5149490082,297.5047,90.59502,-99
5149523415,297.9035,90.98392,-99
5149556748,297.6869,91.9848,-99
5149590081,298.748,93.67123,-99
5149623414,299.5166,95.25831,-99
5149656747,300.4548,97.29146,-99
5149690080,301.6238,99.1986,-99
5149723413,303.7473,101.6134,-99
5149756746,305.076,104.1544,-99
5149790079,305.8417,106.3518,-99
5149823412,306.9817,108.856,-99
5149856745,308.0644,110.6807,-99
5149892407,308.5703,113.266,-99
5149925740,309.1601,114.9814,-99
5149959073,309.9566,115.7904,-99
5149992406,309.6898,116.0261,-99
5150025739,310.4319,116.7224,-99
5150059072,312.1,117.0838,-99
5150092405,313.9777,118.9109,-99
5150125738,315.166,120.25,-99
5150159071,317.1985,121.7549,-99
5150192404,317.7465,122.9321,-99
5150225737,318.4848,124.7674,-99
5150259070,319.2175,126.9888,-99
5150292403,321.4738,127.6812,-99
5150325736,322.4197,128.3313,-99
5150359069,324.0933,129.1138,-99
5150392402,324.6549,128.9333,-99
5150425735,325.5674,127.9717,-99
5150459068,327.0505,126.8646,-99
5150492401,329.548,125.1769,-99
5150525734,332.6075,123.6529,-99
5150559067,336.5117,122.5202,-99
5150592400,340.8224,121.6206,-99
5150625733,343.5695,120.639,-99
5150659066,346.2713,119.6598,-99
5150692399,348.8079,119.1481,-99
5150725732,351.3599,118.7291,-99
5150759065,354.0844,118.2962,-99
5150792398,358.2224,118.2684,-99
5150825731,360.1326,118.1061,-99
5150859064,360.6686,117.7619,-99
5150892397,362.6092,117.2285,-99
5150925730,364.0367,117.3116,-99
5150959063,366.7515,118.2172,-99
5150992396,370.36,118.292,-99
5151025729,373.6758,119.8126,-99
5151059062,376.9487,120.9589,-99
5151092395,380.0466,122.6084,-99
5151125728,383.0131,123.9584,-99
5151159061,385.9725,124.9765,-99
5151192394,390.6827,126.6364,-99
5151225727,392.6882,128.0228,-99
5151259060,396.5089,129.0786,-99
5151292393,400.3004,130.8213,-99
5151325726,402.5157,132.5379,-99
5151359059,403.5064,135.4088,-99
5151392392,407.0199,138.3363,-99
5151425725,409.8516,140.9941,-99
5151459058,411.4929,144.4303,-99
5151492391,414.0745,147.9887,-99
5151525724,415.655,151.0351,-99
5151559057,417.4225,152.6922,-99
5151592390,419.9424,155.2803,-99
5151625723,423.4262,157.9335,-99
5151659056,425.6158,161.1129,-99
5151692389,428.6166,165.1107,-99
5151725722,433.0124,168.7143,-99
5151759055,436.8418,170.0765,-99
5151792388,441.2986,174.5671,-99
5151825721,444.0484,177.4455,-99
5151859054,445.4177,180.2697,-99
5151892387,448.7846,183.5586,-99
5151925720,452.8008,186.1762,-99
5151959053,454.5732,188.3938,-99
5151992386,457.1663,191.4563,-99
5152025719,459.8039,194.3799,-99
5152059052,462.2438,196.4211,-99
5152092385,465.1743,201.2905,-99
5152125718,464.615,208.18,-99
5152159051,464.5454,207.0435,-99
5152192384,462.924,206.3634,-99
5152225717,463.2033,209.0742,-99
5152259050,462.5886,210.861,-99
5152292383,461.35,215.2437,-99
5152325716,459.7853,217.9015,-99
5152359049,458.0535,220.1979,-99
5152392382,455.4517,222.804,-99
5152425715,455.367,225.1988,-99
5152459048,458.6593,226.378,-99
5152492381,460.4213,229.8344,-99
5152525714,462.8291,232.3281,-99
5152559047,464.6965,235.3969,-99
5152592380,467.3484,237.6598,-99
5152625713,469.266,239.2639,-99
5152659046,471.8327,240.6299,-99
5152692379,473.5188,241.9663,-99
5152725712,473.9879,243.7633,-99
5152759045,475.4,247.2416,-99
5152792378,477.0026,248.5674,-99
5152825711,478.7273,252.2317,-99
5152859044,479.0191,254.9428,-99
5152892377,479.4076,256.8374,-99
5152925710,479.5465,259.8698,-99
5152959043,479.5608,262.5037,-99
5152992376,480.9616,266.8529,-99
5153025709,481.0487,269.3252,-99
5153059042,481.9705,271.4177,-99
5153092375,482.8222,274.2824,-99
5153125708,483.5761,275.5144,-99
5153159041,483.5735,276.8976,-99
5153192374,483.4172,277.3075,-99
5153234506,483.5515,278.97,-99
5153267839,483.9471,280.8478,-99
5153301172,483.3648,283.2404,-99
5153334505,483.168,285.811,-99
5153367838,480.6459,286.8787,-99
5153401171,481.4928,289.0373,-99
5153434504,482.9439,288.6463,-99
5153467837,482.5583,289.1935,-99
5153501170,480.9976,290.2962,-99
5153534503,479.7306,290.6796,-99
5153567836,478.1436,291.5526,-99
5153601169,477.4,291.1385,-99
5153634502,476.7188,291.2308,-99
5153667835,476.0779,291.8338,-99
5153701168,475.5947,291.5474,-99
5153734501,476.4366,293.8778,-99
5153767834,476.1747,294.2524,-99
5153801167,476.9084,295.053,-99
5153834500,477.3701,295.5346,-99
5153867833,477.8436,296.7717,-99
5153901166,478.0896,297.85,-99
5153934499,478.3077,298.5956,-99
5153967832,477.6526,299.5381,-99
5154001165,477.6538,299.7617,-99
5154034498,477.7418,300.2495,-99
5154067831,478.2243,301.1122,-99
5154101164,478.6898,301.0056,-99
5154134497,477.2403,301.5028,-99
5154167830,477.5577,302.5718,-99
5154201163,476.3041,305.023,-99
5154234496,473.8568,305.9495,-99
5154267829,472.8013,307.7671,-99
5154301162,471.6983,307.8017,-99
5154334495,469.3856,307.7903,-99
5154367828,467.1509,308.0356,-99
5154401161,465.253,308.7866,-99
5154434494,462.8242,309.4499,-99
5154467827,460.2931,309.4445,-99
5154501160,456.5744,309.7176,-99
5154534493,454.2758,307.6643,-99
5154567826,452.7,303.75,-99
5154601159,434.5211,315.1127,-99
5154634492,434.3862,314.672,-99
5154667825,439.7435,308.4565,-99
5154701158,438.3024,309.5403,-99
5154734491,438.798,318.9461,-99
5154767824,433.1632,320.4268,-99
5154801157,434.4958,320.8291,-99
5154834490,434.9698,323.1581,-99
5154867823,433.4186,325.2977,-99
5154901156,433.1952,328.3831,-99
5154934489,433.0398,331.3162,-99
5154967822,432.6798,334.9977,-99
5155001155,432.1941,338.6904,-99
5155034488,432.3114,341.7713,-99
5155067821,430.5486,345.4762,-99
5155101154,430.1951,350.1057,-99
5155134487,430.0333,353.5725,-99
5155167820,431.8658,356.061,-99
5155201153,428.2979,359.2021,-99
5155234486,425.8167,360.6606,-99
5155267819,423.0487,362.6375,-99
5155301152,422.4467,363.198,-99
5155334485,420.9867,363.8363,-99
5155367818,417.9211,364.8098,-99
5155401151,416.4254,366.7941,-99
5155434484,413.8496,369.2945,-99
5155467817,411.4733,371.3991,-99
5155501150,411.0207,375.7047,-99
5155534483,408.686,375.2271,-99
5155567816,402.5924,377.3333,-99
5155601149,400.499,377.9877,-99
5155634482,397.9531,378.9453,-99
5155667815,395.8612,379.8345,-99
5155701148,393.6186,380.4799,-99
5155734481,391.038,381.1221,-99
5155767814,388.2432,381.8148,-99
5155801147,386.7173,381.8672,-99
5155834480,384.9099,382.7463,-99
5155867813,383.3719,383.3742,-99
5155901146,381.0564,384.6811,-99
5155934479,377.9125,385.4297,-99
5155967812,375.2137,386.8225,-99
5156001145,373.8368,388.0911,-99
5156034478,372.2036,389.4636,-99
5156067811,371.0929,389.9429,-99
5156101144,370.5172,390.774,-99
5156134477,369.9629,391.666,-99
5156167810,370.0641,393.5591,-99
5156201143,367.7618,394.4016,-99
5156234476,367.0979,395.0697,-99
5156267809,365.5862,396.1245,-99
5156301142,364.3783,396.8932,-99
5156334475,363.4846,397.3575,-99
5156367808,362.0475,398.6168,-99
5156401141,360.3742,399.3677,-99
5156434474,360.3032,399.75,-99
5156467807,360.0383,399.7635,-99
5156501140,358.5576,399.4288,-99
5156534473,357.6823,399.1462,-99
5156562024,356.178,398.9949,-99
5156595357,353.7874,399.4099,-99
5156628690,351.2872,399.4392,-99
5156662023,349.0439,399.9274,-99
5156695356,347.0813,400.3183,-99
5156728689,344.9677,400.636,-99
5156762022,342.2384,401.1738,-99
5156795355,341.3366,400.2914,-99
5156828688,340.4847,400.2159,-99
5156862021,340.4134,400.7749,-99
5156895354,340.2489,399.7489,-99
5156928687,339.9803,399.8428,-99
5156962020,340.8312,399.4594,-99
5156995353,341.1263,399.441,-99
5157028686,341.5862,400.0953,-99
5157062019,339.3011,399.5194,-99
5157095352,339.0863,399.1501,-99
5157128685,337.3322,399.394,-99
5157162018,335.945,398.8302,-99
5157195351,335.4071,398.5832,-99
5157228684,335.2277,399.043,-99
5157262017,336.1228,399.2145,-99
5157295350,335.0392,399.6433,-99
5157328683,334.1667,399.2054,-99
5157362016,333.5957,398.4681,-99
5157395349,332.7204,397.4178,-99
5157428682,331.2779,396.3378,-99
5157462015,330.7433,394.4378,-99
5157495348,330.1587,393.2992,-99
5157528681,331.9127,393.0493,-99
5157562014,333.167,392.835,-99
5157595347,335.1363,393.4109,-99
5157628680,336.568,393.7627,-99
5157662013,338.2526,393.8309,-99
5157695346,337.8172,393.7532,-99
5157728679,337.6418,393.3333,-99
5157762012,337.6638,392.4357,-99
5157795345,338.0297,391.8998,-99
5157828678,338.5083,390.8429,-99
5157862011,337.8732,389.9783,-99
5157895344,337.2318,389.2284,-99
5157928677,338.5699,388.0248,-99
5157962010,338.4692,387.3152,-99
5157995343,338.5327,387.22,-99
5158028676,338.8718,386.7125,-99
5158062009,339.2393,386.3954,-99
5158095342,339.1115,386.2,-99
5158128675,339.3224,386.3103,-99
5158162008,339.3339,386.8658,-99
5158195341,339.7484,388.6738,-99
5158230050,340.7742,390.7516,-99
5158263383,341.6726,393.8502,-99
5158296716,343.9137,396.9058,-99
5158330049,347.1107,399.9339,-99
5158363382,349.8607,403.5679,-99
5158396715,351.7804,406.1118,-99
5158430048,353.9853,407.8737,-99
5158463381,355.3571,410.039,-99
5158496714,355.7824,412.1852,-99
5158530047,355.3904,412.4134,-99
5158563380,356.2349,415.8144,-99
5158596713,356.3377,416.834,-99
5158630046,358.0933,419.4384,-99
5158663379,359.4429,421.2264,-99
5158696712,360.5047,425.0707,-99
5158730045,361.7798,428.5063,-99
5158763378,361.0248,428.2278,-99
5158796711,364.1835,428.9209,-99
5158830044,364.3838,427.0056,-99
5158863377,365.3683,427.4004,-99
5158896710,365.6627,428.1084,-99
5158930043,365.34,427.7378,-99
5158963376,365.2225,425.4611,-99
5158996709,368.1477,424.6562,-99
5159030042,369.6788,425.8565,-99
5159063375,369.9671,427.6646,-99
5159096708,368.8927,427.1561,-99
5159130041,369.2787,426.3802,-99
5159163374,371.7395,423.5685,-99
5159196707,371.5915,423.4316,-99
5159230040,372.5746,421.3183,-99
5159263373,372.2645,419.9823,-99
5159296706,372.2992,417.072,-99
5159330039,370.2509,416.8534,-99
5159363372,370.3114,415.0534,-99
5159396705,370.6849,413.1901,-99
5159430038,370.5063,410.5282,-99
5159463371,368.7646,408.9866,-99
5159496704,369.4312,407.4111,-99
5159530037,369.1802,406.9306,-99
5159563370,368.7855,405.9918,-99
5159596703,368.8883,406.4907,-99
5159630036,369.0817,406.5683,-99
5159663369,369.1562,407.4499,-99
5159696702,369.2375,408.9435,-99
5159730035,368.5683,411.07,-99
5159763368,368.4535,412.4203,-99
5159796701,367.7387,414.4305,-99
5159830034,367.6724,415.6948,-99
5159863367,368.1837,417.6496,-99
5159896700,367.4929,418.6922,-99
5159930033,368.9201,418.3392,-99
5159963366,368.6048,420.3493,-99
5159996699,368.6523,421.4824,-99
5160030032,367.7872,422.3209,-99
5160063365,367.14,423.6796,-99
5160096698,367.201,423.8304,-99
5160130031,367.7722,424.6609,-99
5160163364,368.1803,426.038,-99
5160196697,368.4497,426.9034,-99
5160230030,370.2195,427.8168,-99
5160263363,371.2679,429.7698,-99
5160296696,376.8276,430.8464,-99
5160330029,373.6915,432.6226,-99
5160363362,373.2384,434.2292,-99
5160396695,374.2879,432.1299,-99
5160430028,375.8157,432.6152,-99
5160463361,376.9449,434.8268,-99
5160496694,378.1768,435.3496,-99
5160530027,377.1654,434.2822,-99
5160563360,376.9354,433.6072,-99
5160596693,378.8144,432.6005,-99
5160630026,379.6432,432.4635,-99
5160663359,380.1866,432.3278,-99
5160696692,381.37,432.1592,-99
5160730025,382.4675,432.5887,-99
5160763358,383.3069,432.1545,-99
5160796691,384.3191,431.8458,-99
5160830024,385.2273,430.3512,-99
5160863357,385.9255,429.4404,-99
5160896690,386.5464,428.4147,-99
5160930023,387.7897,426.7814,-99
5160963356,388.5168,426.8719,-99
5160996689,389.7079,426.194,-99
5161030022,390.1446,425.7984,-99
5161063355,391.1844,424.9426,-99
5161096688,391.4381,424.9413,-99
5161130021,391.7035,424.5606,-99
5161163354,392.0449,425.0577,-99
5161196687,391.7246,425.6356,-99
5161230020,391.628,425.992,-99
5161263353,391.4,426.7591,-99
5161296686,391.4268,426.7971,-99
5161330019,390.9893,428.0753,-99
5161363352,390.7505,429.0576,-99
5161396685,390.1422,429.8726,-99
5161430018,389.8925,430.2066,-99
5161463351,389.1167,430.652,-99
5161496684,387.913,431.7941,-99
5161530017,386.7388,432.2976,-99
5161568898,385.6629,432.5692,-99
5161602231,384.6998,432.7108,-99
5161635564,383.4343,432.0657,-99
5161668897,382.5506,431.6444,-99
5161702230,381.4247,432.0395,-99
5161735563,379.9084,432.2549,-99
5161768896,380.7198,433.773,-99
5161802229,378.2264,432.9033,-99
5161835562,376.6675,432.5864,-99
5161868895,375.7818,432.047,-99
5161902228,374.0732,432.5521,-99
5161935561,373.2675,432.8207,-99
5161968894,372.5232,432.9536,-99
5162002227,372.3724,432.9039,-99
5162035560,373.4513,433.3259,-99
5162068893,375.1714,434.8214,-99
5162102226,376.4948,434.5849,-99
5162135559,378.0854,433.8621,-99
5162168892,377.9563,433.7048,-99
5162202225,379.1294,433.3059,-99
5162235558,380.8904,433.3635,-99
5162268891,381.7099,433.0994,-99
5162302224,381.3554,431.4052,-99
5162335557,381.9623,430.9472,-99
5162368890,382.9146,430.4749,-99
5162402223,384.0171,429.7,-99
5162435556,385.2148,429.7338,-99
5162468889,385.8996,430.3055,-99
5162502222,386.6429,430.124,-99
5162535555,387.0317,430.167,-99
5162568888,387.9873,429.5466,-99
5162602221,388.3595,429.3246,-99
5162635554,388.9872,429.2628,-99
5162668887,388.8981,429.4607,-99
5162702220,389.1458,429.3708,-99
5162735553,388.9292,429.7232,-99
5162768886,388.7844,429.8182,-99
5162802219,388.9393,429.8026,-99
5162835552,388.5108,429.8853,-99
5162868885,387.2786,429.9314,-99
5162902218,386.1711,429.7923,-99
5162935551,384.5,430.6965,-99
5162968884,383.6504,430.3033,-99
5163002217,382.5173,430.3763,-99
5163035550,381.0314,431.2251,-99
5163068883,380.6059,430.9138,-99
5163102216,379.5212,431.0274,-99
5163135549,380.2025,432.5419,-99
5163168882,379.5383,433.0555,-99
5163202215,377.1101,431.8033,-99
5163244347,376.5512,431.8132,-99
5163277680,376.4351,432.5918,-99
5163311013,374.2961,430.6383,-99
5163344346,373.57,431.1057,-99
5163377679,372.7287,431.7793,-99
5163411012,370.7748,431.7327,-99
5163444345,373.4221,430.1048,-99
5163477678,372.9583,431.7889,-99
5163511011,372.7522,430.7752,-99
5163544344,372.7083,430.2173,-99
5163577677,373.1759,431.0503,-99
5163611010,372.7833,431.6995,-99
5163644343,372.1141,431.1737,-99
5163677676,371.5562,429.7752,-99
5163711009,372.3533,429.2964,-99
5163744342,374.9289,430.4449,-99
5163777675,377.0794,430.6803,-99
5163811008,378.0169,430.7182,-99
5163844341,378.1508,430.4268,-99
5163877674,378.9488,430.9147,-99
5163911007,379.603,431.3189,-99
5163944340,379.4605,431.9391,-99
5163977673,379.3097,432.0215,-99
5164011006,379.7425,432.3132,-99
5164044339,379.2566,432.4934,-99
5164077672,379.7149,433.1357,-99
5164111005,379.6448,433.2941,-99
5164144338,379.5011,433.1441,-99
5164177671,379.6372,433.5397,-99
5164211004,379.6586,433.2823,-99
5164244337,380.4857,433.002,-99
5164277670,380.495,432.9441,-99
5164311003,380.4297,432.9141,-99
5164344336,380.0591,432.9232,-99
5164377669,380.279,432.9371,-99
5164411002,380.1897,432.9802,-99
5164444335,380.8372,432.8546,-99
5164477668,380.6908,433.0294,-99
5164511001,381.002,432.86,-99
5164544334,380.9881,433.0277,-99
5164577667,381.0317,432.8356,-99
5164611000,381.3078,432.9745,-99
5164644333,381.1142,432.8257,-99
5164677666,381.5542,433.0296,-99
5164710999,381.5447,432.8648,-99
5164744332,382.2327,432.9763,-99
5164777665,381.9881,432.9345,-99
5164810998,381.5922,432.2126,-99
5164844331,381.2125,432.0828,-99
5164877664,381.1356,431.9103,-99
5164910997,380.8866,431.8079,-99
5164944330,381.2262,431.5786,-99
5164977663,380.8622,431.2256,-99
5165010996,381.2719,431.5083,-99
5165044329,381.6605,431.1848,-99
5165077662,381.9299,431.4515,-99
5165110995,382.1006,431.6638,-99
5165144328,381.9841,431.254,-99
5165177661,381.9958,430.8382,-99
5165210994,381.8078,431.0725,-99
5165244327,381.2743,430.4086,-99
5165277660,381.0157,430.4137,-99
5165310993,380.4467,430.6126,-99
5165344326,379.7863,430.6722,-99
5165377659,379.5084,431.1975,-99
5165410992,378.5576,431.5982,-99
5165444325,378.4243,431.6812,-99
5165477658,376.7791,432.6626,-99
5165510991,376.4947,432.9048,-99
5165544324,376.1108,433.5468,-99
5165577657,377.15,433.3238,-99
5165610990,377.6674,432.7448,-99
5165644323,377.5136,432.6017,-99
5165677656,374.5687,431.5237,-99
5165710989,374.2864,430.5188,-99
5165744322,373.3747,430.7129,-99
5165777655,372.618,430.1088,-99
5165810988,371.9059,429.9678,-99
5165844321,371.0731,429.9922,-99
5165877654,369.8721,429.7302,-99
5165910987,367.1772,430.6151,-99
5165944320,365.7367,428.7347,-99
5165977653,363.7873,427.2065,-99
5166010986,361.6552,425.9816,-99
5166044319,359.3632,422.7586,-99
5166077652,354.6077,420.7099,-99
5166110985,352.6234,419.8594,-99
5166144318,350.7111,420.1311,-99
5166177651,350.9867,418.3925,-99
5166210984,347.7408,417.7464,-99
5166244317,345.2296,414.7985,-99
5166277650,343.5151,411.2947,-99
5166310983,342.4683,407.0952,-99
5166344316,341.8545,404.2346,-99
5166377649,341.4395,401.8939,-99
5166410982,342.8476,399.7848,-99
5166444315,343.2073,397.8944,-99
5166477648,343.057,396.9145,-99
5166510981,344.0088,397.6543,-99
5166544314,345.5056,396.9932,-99
5166571865,345.3468,397.3714,-99
5166605198,345.9248,396.8075,-99
5166638531,346.4178,396.94,-99
5166671864,346.6364,397.306,-99
5166705197,347.3077,397.6967,-99
5166738530,348.0558,398.2209,-99
5166771863,348.1172,398.0974,-99
5166805196,348.4768,398.4838,-99
5166838529,347.8542,398.3341,-99
5166871862,347.8612,398.32,-99
5166905195,346.9664,398.5145,-99
5166938528,346.5426,397.9305,-99
5166971861,346.5012,398.5154,-99
5167005194,345.9483,398.4562,-99
5167038527,346.0507,399.3525,-99
5167071860,346,399.5318,-99
5167105193,346.0423,400.2806,-99
5167138526,346.2648,401.2516,-99
5167171859,345.8067,402.218,-99
5167205192,346.047,402.7092,-99
5167238525,344.2084,402.8577,-99
5167271858,344.1109,402.61,-99
5167305191,343.7037,403.3685,-99
5167338524,343.0207,404.3696,-99
5167371857,343.1294,404.4975,-99
5167405190,342.836,405.0195,-99
5167438523,343.3065,404.8275,-99
5167471856,343.3752,404.6112,-99
5167505189,343.397,405.0349,-99
5167538522,343.4915,404.7534,-99
5167571855,343.825,404.801,-99
5167605188,343.6631,404.3457,-99
5167638521,343.3322,404.1179,-99
5167671854,343.3708,403.7825,-99
5167705187,343.355,403.671,-99
5167738520,343.5775,403.2103,-99
5167771853,343.5633,402.5936,-99
5167805186,344.0145,401.98,-99
5167838519,343.6451,401.0804,-99
5167871852,343.3115,400.7866,-99
5167905185,343.1652,399.0472,-99
5167938518,343.2983,398.3077,-99
5167971851,343.3717,396.6475,-99
5168005184,343.1616,395.0249,-99
5168038517,343.6171,393.4906,-99
5168071850,343.156,392.7366,-99
5168105183,342.4513,391.0211,-99
5168138516,343.9779,390.1884,-99
5168171849,345.7148,389.3815,-99
5168205182,345.4497,388.8254,-99
5168244094,346.168,389.1134,-99
5168277427,347.4202,389.669,-99
5168310760,347.8537,389.3703,-99
5168344093,347.9928,389.7727,-99
5168377426,348.307,390,-99
5168410759,348.1316,390.693,-99
5168444092,348.515,390.5981,-99
5168477425,347.8702,391.1745,-99
5168510758,347.4867,391.1903,-99
5168544091,347.9083,391.5961,-99
5168577424,347.0022,391.472,-99
5168610757,347.0817,391.9514,-99
5168644090,346.9192,391.6255,-99
5168677423,346.3792,392.0768,-99
5168710756,346.5494,391.9275,-99
5168744089,345.7909,392.5773,-99
5168777422,345.7757,392.1971,-99
5168810755,345.3885,392.6512,-99
5168844088,344.4695,391.888,-99
5168877421,343.9226,392.5238,-99
5168910754,344.1869,392.2081,-99
5168944087,344.3806,392.7814,-99
5168977420,344.0944,392.9923,-99
5169010753,344.4031,392.9674,-99
5169044086,344.3289,393.0727,-99
5169077419,344.2491,393.0487,-99
5169110752,344.4895,393.0514,-99
5169144085,344.3807,393.0838,-99
5169177418,344.8874,392.6832,-99
5169210751,345.3119,393.2917,-99
5169244084,346.8967,392.7912,-99
5169277417,347.2242,392.8467,-99
5169310750,347.7071,391.8436,-99
5169344083,347.5393,391.609,-99
5169377416,347.4262,391.3349,-99
5169410749,347.8527,390.9565,-99
5169444082,347.4014,391.0528,-99
5169477415,348.0378,390.8608,-99
5169510748,347.4667,391.1586,-99
5169544081,347.7838,390.9667,-99
5169577414,347.331,391.631,-99
5169610747,346.9091,391.5385,-99
5169644080,346.6,391.7191,-99
5169677413,345.9567,392.3029,-99
5169710746,346.6283,391.9536,-99
5169744079,345.3577,391.7947,-99
5169777412,345.2089,391.9615,-99
5169810745,345.3422,392.4677,-99
5169844078,345.2771,393.4217,-99
5169877411,344.7463,393.1586,-99
5169913042,345.5814,394.0754,-99
5169946375,344.8571,393.3265,-99
5169979708,345.3254,393.7421,-99
5170013041,344.646,393.0438,-99
5170046374,345.0751,393.6956,-99
5170079707,344.6477,393.0037,-99
5170113040,345.2604,393.8966,-99
5170146373,345.045,393.2004,-99
5170179706,345.4479,393.9155,-99
5170213039,345.2402,393.2477,-99
5170246372,345.2866,393.8148,-99
5170279705,344.9632,393.0608,-99
5170313038,345.1235,393.2291,-99
5170346371,345.0704,392.6315,-99
5170379704,345.5913,392.6786,-99
5170413037,345.858,393.0844,-99
5170446370,346.8053,392.9513,-99
5170479703,346.2191,393.1319,-99
5170513036,347.1425,392.7127,-99
5170546369,347.0558,392.9399,-99
5170579702,347.2633,392.9536,-99
5170613035,348.0087,392.8562,-99
5170646368,347.7724,393.3172,-99
5170679701,348.5593,392.6353,-99
5170713034,347.9724,393.2322,-99
5170746367,348.9425,392.5487,-99
5170779700,348.5978,393.1711,-99
5170813033,348.95,392.6109,-99
5170846366,349.0844,392.4069,-99
5170879699,349.5856,391.6149,-99
5170913032,349.6563,391.6921,-99
5170946365,349.2886,391.0705,-99
5170979698,349.8592,391.3723,-99
5171013031,349.4165,390.9631,-99
5171046364,349.865,391.1762,-99
5171079697,349.7051,391.1346,-99
5171113030,349.684,391.842,-99
5171146363,349.9167,391.3246,-99
5171179696,350.0511,392.1533,-99
5171213029,349.6544,392.2117,-99
5171246362,349.6411,392.6543,-99
5171279695,349.0643,392.4279,-99
5171313028,349.1435,392.9801,-99
5171346361,348.8571,392.6461,-99
5171379694,348.644,393.6122,-99
5171413027,348.643,393.9047,-99
5171446360,347.3874,393.5395,-99
5171479693,346.6908,393.9159,-99
5171513026,347.3047,393.4381,-99
5171546359,347.0735,394.1205,-99
5171579692,347.4099,394.1461,-99
5171613025,347.2449,394.462,-99
5171646358,347.2926,394.8241,-99
5171679691,347.472,394.75,-99
5171713024,347.4288,394.5618,-99
5171746357,347.1122,394.3897,-99
5171779690,347.4792,393.8428,-99
5171813023,346.8985,394.5226,-99
5171846356,348.4879,394.2964,-99
5171879689,348.3366,394.4119,-99
5171913022,349.0551,394.5445,-99
5171946355,349.6405,394.3347,-99
5171979688,349.728,394.6213,-99
5172013021,350.3983,394.3941,-99
5172046354,350.4483,393.062,-99
5172079687,350.3808,392.8891,-99
5172113020,351.0749,392.0264,-99
5172146353,350.6726,391.5641,-99
5172179686,350.9765,391.7082,-99
5172213019,351.0022,391.1096,-99
5172246352,351.1485,391.6798,-99
5172279685,351.3846,391.1652,-99
5172313018,351.181,391.5453,-99
5172346351,351.0332,391.4447,-99
5172379684,351.0705,391.8788,-99
5172413017,351.1017,392.0952,-99
5172446350,351.2423,392.3701,-99
5172479683,350.8247,393.0281,-99
5172513016,350.8875,393.0087,-99
5172546349,350.5747,393.4564,-99
5172579682,350.6165,392.8474,-99
5172613015,350.2881,393.2696,-99
5172646348,350.568,392.6998,-99
5172679681,350.5978,392.9935,-99
5172713014,350.6231,392.6209,-99
5172746347,350.3929,393.1723,-99
5172779680,350.8898,393,-99
5172813013,351.1974,393.6497,-99
5172846346,350.8694,393.8857,-99
5172879679,349.8293,392.9778,-99
5172913012,350.5379,393.1775,-99
5172946345,349.8976,393.9441,-99
5172979678,350.0701,393.5,-99
5173013011,349.4308,393.014,-99
5173046344,349.8311,392.9812,-99
5173079677,349.7451,392.2602,-99
5173113010,350.1016,393.0638,-99
5173146343,351.0273,393.2378,-99
5173179676,351.0998,393.9267,-99
5173213009,350.9566,393.0038,-99
5173245420,351.8149,393.0704,-99
5173278753,351.4865,392.9228,-99
5173312086,352.1084,393.0941,-99
5173345419,352.2929,393.1088,-99
5173378752,351.928,392.607,-99
5173412085,352.1775,392.3173,-99
5173445418,351.3655,392.2526,-99
5173478751,351.9828,392.1013,-99
5173512084,351.332,392.4365,-99
5173545417,352.2068,392.2869,-99
5173578750,352.031,392.5351,-99
5173612083,352.5441,392.2688,-99
5173645416,352.382,392.6054,-99
5173678749,351.939,392.185,-99
5173712082,352.0219,392.4731,-99
5173745415,351.2059,392.0938,-99
5173778748,351.1926,392.1979,-99
5173812081,350.8737,392.1602,-99
5173845414,351.4114,392.1378,-99
5173878747,351.0642,392.4118,-99
5173912080,351.5811,392.288,-99
5173945413,351.3601,392.7368,-99
5173978746,351.6725,392.5279,-99
5174012079,351.9565,392.9927,-99
5174045412,350.8013,393.1871,-99
5174078745,350.7448,393.4913,-99
5174112078,351.1674,393.0663,-99
5174145411,351.6153,393.6418,-99
5174178744,351.1975,393.3041,-99
5174212077,352.0458,393.7725,-99
5174245410,351.3836,392.9715,-99
5174278743,350.6376,392.6846,-99
5174312076,350.2078,392,-99
5174345409,349.0331,391.4157,-99
5174378742,349.112,390.224,-99
5174412075,349.8521,389.5647,-99
5174445408,350.0316,389.3166,-99
5174478741,349.0355,388.375,-99
5174512074,347.7885,387,-99
5174545407,348.5391,386.145,-99
5174578740,349.3855,384.2801,-99
5174612073,350.829,383.1518,-99
5174645406,351.1401,381.2121,-99
5174678739,351.7874,380.464,-99
5174712072,352.2548,379.5076,-99
5174745405,353.8618,378.626,-99
5174778738,353.8654,377.575,-99
5174812071,353.4831,377.5977,-99
5174845404,353.161,378.2368,-99
5174878737,353.4753,378.0194,-99
5174920869,352.9033,378.135,-99
5174954202,353.2426,378.3647,-99
5174987535,352.9943,378.5655,-99
5175020868,353.1943,378.5651,-99
5175054201,353.2128,378.7646,-99
5175087534,353.3754,378.4807,-99
5175120867,353.5663,379.0163,-99
5175154200,353.3702,378.6053,-99
5175187533,354.018,378.9224,-99
5175220866,354.046,378.2549,-99
5175254199,354.2437,378.3069,-99
5175287532,354.6411,377.3446,-99
5175320865,353.623,377.357,-99
5175354198,353.9453,376.199,-99
5175387531,354.2785,376.528,-99
5175420864,354.7306,375.7461,-99
5175454197,354.5956,376.432,-99
5175487530,354.8754,375.8871,-99
5175520863,354.2829,376.5313,-99
5175554196,354.6059,376.5912,-99
5175587529,355.9234,377.0505,-99
5175620862,357.3355,378.5298,-99
5175654195,356.0895,378.5056,-99
5175687528,355.125,378.8879,-99
5175720861,354.4863,379.0502,-99
5175754194,353.9602,379.9134,-99
5175787527,353.8289,381.5711,-99
5175820860,353.7582,383.2277,-99
5175854193,353.3584,385.5617,-99
5175887526,352.5742,388.0574,-99
5175920859,352.0648,390.4074,-99
5175954192,352.0068,392.9317,-99
5175987525,352.2329,395.2612,-99
5176020858,352.1801,397.5612,-99
5176054191,352.7818,400.35,-99
5176087524,353.2284,402.9746,-99
5176120857,354.0982,405.1835,-99
5176154190,353.3739,407.2203,-99
5176187523,353.3841,407.5652,-99
5176220856,352.2601,408.5101,-99
5176254189,351.9235,410.5026,-99
5176287522,352.223,411.1567,-99
5176320855,352.0281,412.3529,-99
5176354188,353.7774,413.1006,-99
5176387521,355.6861,413.7242,-99
5176420854,357.8568,414.0083,-99
5176454187,355.6347,413.8972,-99
5176487520,354.8546,411.613,-99
5176520853,353.0075,411.0674,-99
5176554186,352.6498,409.8988,-99
5176587519,350.9186,407.8,-99
5176620852,349.9221,405.4276,-99
5176654185,349.239,405.0239,-99
5176687518,347.3842,403.5474,-99
5176720851,346.0275,402.4244,-99
5176754184,344.4319,401.711,-99
5176787517,345.2982,400.4167,-99
5176820850,346.1025,400.7364,-99
5176854183,346.2017,399.187,-99
5176887516,345.7679,398.2495,-99
5176920849,346.3862,397.7655,-99
5176954182,345.2839,397.6462,-99
5176987515,344.7706,398.4784,-99
5177020848,344.7424,398.5649,-99
5177054181,342.1881,399.1825,-99
5177087514,340.2313,399.5304,-99
5177120847,338.8294,401.3813,-99
5177154180,337.6213,402.4352,-99
5177187513,335.796,403.6053,-99
5177220846,334.3398,405.0827,-99
5177254179,331.234,405.9038,-99
5177287512,330.2839,406.0886,-99
5177320845,329.0608,406.3004,-99
5177354178,328.3685,407.0103,-99
5177387511,327.2559,407.0817,-99
5177420844,324.0488,407.0898,-99
5177454177,323.6667,406.7062,-99
5177487510,321.8802,407.0466,-99
5177520843,321.0998,406.8503,-99
5177554176,320.0771,406.2903,-99
5177587509,319.1458,408.5555,-99
5177620842,319.1641,411.2371,-99
5177654175,319.5469,408.4209,-99
5177687508,316.0168,408.244,-99
5177720841,313.5138,407.6093,-99
5177754174,314.7213,407.223,-99
5177787507,314.7361,407.5035,-99
5177820840,314.2231,408.1376,-99
5177854173,313.5122,408.7178,-99
5177887506,313.4742,409.0464,-99
5177920839,312.1076,409.1882,-99
5177954172,311.209,408.5482,-99
5177987505,311.5193,407.9363,-99
5178020838,312.7361,406.6431,-99
5178054171,311.8801,406.2346,-99
5178087504,312.4278,405.848,-99
5178120837,314.3024,407.0367,-99
5178154170,314.7131,406.7068,-99
5178187503,315.0261,407.1652,-99
5178220836,315.4507,406.9769,-99
5178253247,315.525,407.7818,-99
5178286580,315.6306,408.1245,-99
5178319913,316.1586,409.0402,-99
5178353246,315.9097,409.4034,-99
5178386579,313.1803,408.2863,-99
5178419912,312.4004,408.2446,-99
5178453245,311.5373,408.2753,-99
5178486578,310.4915,407.7505,-99
5178519911,308.9625,407.0607,-99
5178553244,307.4199,406.4756,-99
5178586577,306.6864,405.543,-99
5178619910,304.9876,405.4947,-99
5178653243,303.6123,404.933,-99
5178686576,301.4182,404.16,-99
5178719909,300.1486,403.9725,-99
5178753242,299.3315,404.153,-99
5178786575,296.969,405.5785,-99
5178819908,295.5938,406.1667,-99
5178853241,294.4542,407.6655,-99
5178886574,294.3618,408.5427,-99
5178919907,292.7655,408.7505,-99
5178953240,292.297,409.0158,-99
5178986573,290.8095,410.4099,-99
5179019906,288.0844,411.7807,-99
5179053239,287.6599,412.425,-99
5179086572,289.5486,413.1154,-99
5179119905,292.6845,414.733,-99
5179153238,293.4257,415.4912,-99
5179186571,294.0075,415.0497,-99
5179219904,293.0212,414.56,-99
5179253237,291.0059,413.9686,-99
5179286570,290.6552,413.3412,-99
5179319903,291.1415,412.969,-99
5179353236,291.3214,411.8582,-99
5179386569,292.1342,411.1359,-99
5179419902,292.638,410.1582,-99
5179453235,294.2416,410.5723,-99
5179486568,295.4947,410.7303,-99
5179519901,296.5358,408.8872,-99
5179553234,292.7104,407.2778,-99
5179586567,294.8847,406.7429,-99
5179619900,293.6598,405.9656,-99
5179653233,294.1342,404.6133,-99
5179686566,294.4963,403.8175,-99
5179719899,294.7036,403.1836,-99
5179753232,294.6618,403.2764,-99
5179786565,294.6282,402.7363,-99
5179819898,294.1206,403.6197,-99
5179853231,293.8036,403.34,-99
5179886564,293.9127,404.1582,-99
5179917335,293.1882,404.9871,-99
5179950668,293.0328,405.7067,-99
5179984001,293.4113,406.6394,-99
5180017334,294.3667,406.9146,-99
5180050667,294.0707,407.8051,-99
5180084000,293.7992,408.3745,-99
5180117333,293.2606,408.9809,-99
5180150666,292.9066,409.3859,-99
5180183999,292.7364,409.4372,-99
5180217332,292.3048,409.8768,-99
5180250665,291.1319,409.6476,-99
5180283998,291.136,410.034,-99
5180317331,289.5287,409.8479,-99
5180350664,289.6314,410.084,-99
5180383997,289.3671,410.2677,-99
5180417330,289.0779,410.9072,-99
5180450663,289.2555,410.7463,-99
5180483996,289.0767,411.221,-99
5180517329,289.7547,411.0906,-99
5180550662,289.2153,411.427,-99
5180583995,289.2469,411.8855,-99
5180617328,289.1454,411.562,-99
5180650661,290.0768,411.9543,-99
5180683994,290.1449,411.6996,-99
5180717327,290.6174,411.5009,-99
5180750660,290.8404,410.5963,-99
5180783993,291.0538,410.6711,-99
5180817326,291.9483,410.2346,-99
5180850659,293.0147,410.6164,-99
5180883992,293.6992,409.6886,-99
5180917325,293.8649,409.1996,-99
5180950658,294.6547,408.1726,-99
5180983991,293.8004,407.885,-99
5181017324,293.4061,406.8582,-99
5181050657,293.332,406.4556,-99
5181083990,292.872,406.4004,-99
5181117323,293.1252,405.5838,-99
5181150656,293.3369,405.0721,-99
5181183989,293.4226,405.0018,-99
5181217322,293.3231,405.1209,-99
5181250655,293.1024,405.3931,-99
5181283988,292.8109,405.82,-99
5181317321,292.938,406.1077,-99
5181350654,292.3327,406.8439,-99
5181383987,292.7444,407.1175,-99
5181417320,292.7611,408.1964,-99
5181450653,293.2656,408.0926,-99
5181483986,293.5527,408.7869,-99
5181517319,293.2004,408.8686,-99
5181550652,291.2745,408.4338,-99
5181589564,287.9297,406.5463,-99
5181622897,286.982,406.2852,-99
5181656230,285.851,404.3112,-99
5181689563,284.0569,402.97,-99
5181722896,284.5748,402.6396,-99
5181756229,283.9981,401.7907,-99
5181789562,283.6265,401.4345,-99
5181822895,282.314,401.3176,-99
5181856228,281.118,400.696,-99
5181889561,280.4216,400.4069,-99
5181922894,280.6004,400.1013,-99
5181956227,280.5369,399.2176,-99
5181989560,279.6686,398.6054,-99
5182022893,279.448,397.6394,-99
5182056226,278.8286,396.92,-99
5182089559,278.3099,396.555,-99
5182122892,276.588,396.4427,-99
5182156225,275.8235,395.8569,-99
5182189558,275.3766,396.4145,-99
5182222891,275.5148,396.5826,-99
5182256224,274.5965,395.7339,-99
5182289557,274.6099,396.0904,-99
5182322890,273.3923,397.1657,-99
5182356223,273.1846,398.4888,-99
5182389556,272.5802,399.3017,-99
5182422889,269.9784,398.9314,-99
5182456222,267.9634,398.5941,-99
5182489555,265.6512,397.6775,-99
5182522888,264.3412,397.402,-99
5182556221,263.1556,397.702,-99
5182589554,260.7894,397.0222,-99
5182622887,259.7748,396.6152,-99
5182656220,258.2135,396.243,-99
5182689553,256.9915,395.8739,-99
5182722886,255.6449,395.7446,-99
5182756219,254.211,395.5009,-99
5182789552,252.4883,394.5167,-99
5182822885,251.0209,393.9096,-99
5182856218,250.0339,393.3857,-99
5182889551,249.4159,392.5823,-99
5182922884,248.2839,392.5956,-99
5182956217,248.0152,391.7555,-99
5182989550,248.7143,391.619,-99
5183022883,248.2523,391.4072,-99
5183056216,248.3553,390.6117,-99
5183089549,247.6873,389.0086,-99
5183122882,246.0249,388.005,-99
5183156215,245.5966,388.1367,-99
5183189548,244.8836,387.6843,-99
5183222881,243.8584,387.4301,-99
5183256214,242.6806,386.8778,-99
5183289547,241.7223,385.7372,-99
5183322880,241.2334,384.606,-99
5183356213,240.0487,383.7896,-99
5183389546,238.2862,383.1645,-99
5183422879,237.5351,382.4281,-99
5183456212,237.3327,382.3047,-99
5183489545,237.4213,381.7659,-99
5183522878,237.1964,381.2554,-99
5183556211,237.2139,381.3391,-99
5183589544,238.1944,380.6074,-99
5183622877,238.2077,380.873,-99
5183656210,239.2436,382.0763,-99
5183689543,239.9004,382.1505,-99
5183722876,239.9564,381.8257,-99
5183756209,240.1028,381.7827,-99
5183789542,240.9849,381.1832,-99
5183822875,241.1035,380.9977,-99
5183856208,241.3832,380.6984,-99
5183889541,241.3996,381.4357,-99
5183922874,241.2644,381.403,-99
5183956207,240.3528,382.5283,-99
5183989540,239.9702,383.8899,-99
5184022873,240.5739,385.1648,-99
5184056206,240.4394,387.3544,-99
5184089539,240.3728,388.9014,-99
5184122872,241.5774,390.5319,-99
5184156205,241.4211,392.991,-99
5184189538,241.9312,394.894,-99
5184222871,242.3174,397.3743,-99
5184256204,243.5204,400.2039,-99
5184289537,244.5222,402.6325,-99
5184322870,245.2766,405.2766,-99
5184356203,245.3769,407.3658,-99
5184389536,244.5826,409.5587,-99
5184422869,242.9665,410.8681,-99
5184456202,242.1777,411.707,-99
5184489535,243.5714,413.3271,-99
5184522868,243.6302,415.0806,-99
5184556201,242.6874,416.4388,-99
5184589534,241.1391,417.6139,-99
5184622867,240.6956,418.2228,-99
5184656200,241.309,419.2322,-99
5184689533,242.2972,420.424,-99
5184722866,243.202,419.7408,-99
5184756199,243.3658,418.821,-99
5184789532,243.6145,418.687,-99
5184822865,244.5577,418.0567,-99
5184856198,243.7295,417.4914,-99
5184889531,245.1055,417.645,-99
5184922630,244.9693,417.5092,-99
5184955963,246.5273,417.1407,-99
5184989296,246.7087,415.4586,-99
5185022629,246.3569,414.6555,-99
5185055962,246.3958,415.2552,-99
5185089295,246.4746,413.9022,-99
5185122628,246.7091,412.4278,-99
5185155961,246.656,411.1842,-99
5185189294,246.2612,409.2215,-99
5185222627,246.0612,408.5791,-99
5185255960,246.0689,408.076,-99
5185289293,245.6712,407.9019,-99
5185322626,246.0289,407.8489,-99
5185355959,246.3832,408.4314,-99
5185389292,246.5448,408.6965,-99
5185422625,247.2698,409.0988,-99
5185455958,247.4927,410.0709,-99
5185489291,247.0348,410.6282,-99
5185522624,247.6857,411.4696,-99
5185555957,247.7638,412.2522,-99
5185589290,247.3504,412.5504,-99
5185622623,247.6702,412.8227,-99
5185655956,247.3495,412.8763,-99
5185689289,247.0987,413.3752,-99
5185722622,246.8011,413.0037,-99
5185755955,246.7354,413.3386,-99
5185789288,246.5912,413.3451,-99
5185822621,245.9595,413.4313,-99
5185855954,245.525,414.1837,-99
5185889287,245.9961,414.5183,-99
5185922620,246.4132,414.6488,-99
5185955953,246.9513,414.8877,-99
5185989286,246.4074,415.5359,-99
5186022619,246.4912,415.5329,-99
5186055952,246.2133,415.7978,-99
5186089285,246.3745,416.2687,-99
5186122618,246.2949,416.0953,-99
5186155951,245.925,416.1125,-99
5186189284,246.6231,416.7281,-99
5186222617,246.8503,417.4377,-99
5186255950,247.5066,416.804,-99
5186289283,247.4564,416.9702,-99
5186322616,247.486,416.5613,-99
5186355949,248.0816,416.0862,-99
5186389282,248.25,415.6776,-99
5186422615,247.4492,415.9741,-99
5186455948,246.8132,416.011,-99
5186489281,246.6057,415.9679,-99
5186522614,247.5009,414.8686,-99
5186555947,247.0754,414.1903,-99
5186597391,246.8587,413.0526,-99
5186630724,247.4031,412.3525,-99
5186664057,246.4966,411.922,-99
5186697390,246.1227,410.8185,-99
5186730723,246.5677,410.5528,-99
5186764056,245.9485,409.6333,-99
5186797389,246.6422,409.1134,-99
5186830722,246.0669,409.193,-99
5186864055,246.0758,408.8532,-99
5186897388,245.8199,409.0048,-99
5186930721,245.8484,409.0767,-99
5186964054,245.9368,409.3012,-99
5186997387,245.5481,409.8803,-99
5187030720,245.3861,410.6887,-99
5187064053,246.3875,410.9041,-99
5187097386,246.1072,411.83,-99
5187130719,246.6518,411.9292,-99
5187164052,246.0914,412.2541,-99
5187197385,246.7533,412.2356,-99
5187230718,245.9398,412.2975,-99
5187264051,246.5654,412.2726,-99
5187297384,245.929,412.3625,-99
5187330717,246.593,412.4751,-99
5187364050,246.0788,412.337,-99
5187397383,246.8182,412.32,-99
5187430716,246.1885,412.3512,-99
5187464049,246.7846,412.3824,-99
5187497382,246.167,412.3599,-99
5187530715,246.8229,412.3579,-99
5187564048,246.166,412.2817,-99
5187597381,246.7648,412.2982,-99
5187630714,246.0403,412.2546,-99
5187664047,246.764,412.0656,-99
5187697380,245.9689,412.234,-99
5187730713,246.5827,412.0827,-99
5187764046,246.1636,411.9758,-99
5187797379,246.6283,412.1766,-99
5187830712,246.059,412.0978,-99
5187864045,246.5809,412.1305,-99
5187897378,245.9354,412.0498,-99
5187930711,246.7062,412.0274,-99
5187964044,246.1827,411.9465,-99
5187997377,246.5579,411.7308,-99
5188030710,246.0636,411.5291,-99
5188064043,246.1429,410.734,-99
5188097376,245.7821,410.4949,-99
5188130709,246.415,410.3061,-99
5188164042,246.1267,409.96,-99
5188197375,246.8594,409.6823,-99
5188230708,246.42,409.588,-99
5188264041,247.0778,409.0169,-99
5188297374,246.4653,409.37,-99
5188330707,246.8816,408.9679,-99
5188364040,246.1821,409.2975,-99
5188397373,246.933,409.0137,-99
5188430706,246.1902,409.3639,-99
5188464039,246.8449,409.2491,-99
5188497372,246.3661,409.5966,-99
5188530705,246.4629,409.8622,-99
5188564038,245.9965,410.2247,-99
5188597371,246.3449,410.5349,-99
5188630704,246.0973,410.7676,-99
5188664037,246.5678,410.8138,-99
5188697370,246.1642,411.3875,-99
5188730703,246.4015,411.6989,-99
5188764036,246.207,411.8503,-99
5188797369,246.6188,411.9355,-99
5188830702,246.1142,411.919,-99
5188864035,246.7243,412.0184,-99
5188897368,246.182,411.9338,-99
5188930701,246.3544,411.8282,-99
5188964034,246.0297,411.6141,-99
5188997367,246.4238,411.0735,-99
5189030700,246.0628,410.8366,-99
5189064033,246.4227,410.5722,-99
5189097366,246.0773,410.3199,-99
5189130699,246.6467,410.0106,-99
5189164032,246.3905,409.6503,-99
5189197365,246.6801,409.3251,-99
5189230698,246.0875,409.4571,-99
5189264031,246.6456,409.1737,-99
5189297364,246.0992,409.3203,-99
5189330697,246.5491,409.1325,-99
5189364030,246.1342,409.2635,-99
5189397363,246.6748,409.0852,-99
5189430696,246.3333,409.1403,-99
5189464029,246.3908,409.0387,-99
5189497362,246.32,408.9033,-99
5189530695,246.1441,409.0808,-99
5189564028,246.2622,408.9277,-99
5189597361,246.1972,409.0827,-99
5189630694,246.3389,408.9699,-99
5189664027,246.2729,409.0158,-99
5189697360,246.3205,408.953,-99
5189730693,246.0664,409.0262,-99
5189764026,246.303,408.7946,-99
5189797359,246.2143,408.9355,-99
5189830692,246.2919,408.7886,-99
5189864025,246.2792,408.9459,-99
5189897358,246.3686,408.8248,-99
5189932067,246.4325,408.9256,-99
5189965400,246.2639,408.7279,-99
5189998733,246.5301,408.7969,-99
5190032066,246.3025,408.7223,-99
5190065399,246.2948,408.8638,-99
5190098732,246.2298,408.6628,-99
5190132065,246.2188,408.7969,-99
5190165398,246.1933,408.6874,-99
5190198731,246.0734,408.7133,-99
5190232064,245.9731,408.6891,-99
5190265397,246.1252,408.5757,-99
5190298730,246.0835,408.6411,-99
5190332063,245.9427,408.3837,-99
5190365396,245.9111,408.5419,-99
5190398729,245.7466,408.4486,-99
5190432062,245.8424,408.4424,-99
5190465395,245.7554,408.0694,-99
5190498728,245.7938,408.234,-99
5190532061,245.8479,407.9644,-99
5190565394,245.7003,408.0828,-99
5190598727,245.8738,407.8951,-99
5190632060,245.9231,407.8495,-99
5190665393,245.9509,407.7529,-99
5190698726,246.2317,407.7383,-99
5190732059,245.8538,407.7791,-99
5190765392,246.0502,407.6137,-99
5190798725,246.1071,407.6705,-99
5190832058,246.1522,407.8779,-99
5190865391,246.0916,407.8601,-99
5190898724,246.1691,408.0488,-99
5190932057,245.9416,408.2029,-99
5190965390,246.2166,408.2622,-99
5190998723,246.0163,408.3464,-99
5191032056,246.1459,408.3614,-99
5191065389,245.6916,408.5325,-99
5191098722,245.7818,408.5945,-99
5191132055,245.9066,408.9152,-99
5191165388,246.2249,409.1618,-99
5191198721,246.1804,409.9518,-99
5191232054,245.7872,410.9431,-99
5191265387,246.465,411.7675,-99
5191298720,246.088,412.2908,-99
5191332053,246.3862,412.931,-99
5191365386,245.5243,413.6685,-99
5191398719,245.635,414.7357,-99
5191432052,244.9118,415.8405,-99
5191465385,245.3555,416.4315,-99
5191498718,245.4176,417.912,-99
5191532051,245.8691,418.5781,-99
5191565384,247.5525,418.9566,-99
5191598717,247.5419,420.1204,-99
5191632050,247.9186,421.0771,-99
5191665383,248.3695,422.3274,-99
5191698716,248.7295,423.4818,-99
5191732049,249.4623,424.5962,-99
5191765382,250.8067,425.2404,-99
5191798715,250.2426,427.8242,-99
5191832048,248.8293,427.9639,-99
5191865381,249.2114,428.2389,-99
5191898714,250.2147,429.5031,-99
5191932047,250.0443,430.854,-99
5191965380,250.2549,429.1265,-99
5191998713,250.7853,428.3145,-99
5192032046,251.2083,428.911,-99
5192065379,251.4008,427.9268,-99
5192098712,251.4928,427.9258,-99
5192132045,251.2297,428.0496,-99
5192165378,250.1237,428.5691,-99
5192198711,249.708,427.8081,-99
5192232044,251.1022,427.8662,-99
5192265377,252.4222,426.0167,-99
5192298710,252.4363,424.7336,-99
5192332043,251.7793,423.9082,-99
5192365376,251.648,422.8473,-99
5192398709,251.2416,422.619,-99
5192432042,250.9313,422.1584,-99
5192465375,251.4523,421.4558,-99
5192498708,251.0539,420.961,-99
5192532041,250.6381,420.5969,-99
5192565374,250.2837,420.5296,-99
5192598707,250.2389,420.2526,-99
5192632040,249.7676,420.5181,-99
5192665373,250.5112,420.327,-99
5192698706,250.6222,420.863,-99
5192732039,251.1129,421.1075,-99
5192765372,250.9151,421.1377,-99
5192798705,251.1083,421.5486,-99
5192832038,251.0338,421.4503,-99
5192865371,250.9805,421.4814,-99
5192898704,250.4212,422.0513,-99
5192932037,250.2961,421.8528,-99
5192965370,250.0094,422.3308,-99
5192998703,249.3941,422.1476,-99
5193032036,249.2603,422.5637,-99
5193065369,248.9055,422.5091,-99
5193098702,248.7931,422.3376,-99
5193132035,248.6604,422.5047,-99
5193165368,248.4577,422.3946,-99
5193198701,248.5638,422.4895,-99
5193232034,248.3459,422.6306,-99
5193266055,248.6031,422.7476,-99
5193299388,248.4132,422.7477,-99
5193332721,248.6744,422.7823,-99
5193366054,248.6611,422.7741,-99
5193399387,248.8657,422.7444,-99
5193432720,249.0481,422.9185,-99
5193466053,249.1119,422.7346,-99
5193499386,249.3869,422.4617,-99
5193532719,249.4439,422.1526,-99
5193566052,250.4181,422.0414,-99
5193599385,250.8746,421.6326,-99
5193632718,250.815,421.6905,-99
5193666051,251.0424,421.593,-99
5193699384,251.2527,421.6039,-99
5193732717,251.4426,421.5593,-99
5193766050,251.6036,421.5478,-99
5193799383,251.1817,421.0594,-99
5193832716,249.399,419.2371,-99
5193866049,248.4522,418.1945,-99
5193899382,249.4051,415.6423,-99
5193932715,248.2646,414.6077,-99
5193966048,249.5272,411.6703,-99
5193999381,249.9625,411.9099,-99
5194032714,251.0481,411.9148,-99
5194066047,252.4294,413.127,-99
5194099380,253.3333,413.567,-99
5194132713,254.4011,414.8182,-99
5194166046,254.5477,415.9161,-99
5194199379,253.4929,415.3268,-99
5194232712,253.4416,413.379,-99
5194266045,249.5365,409.854,-99
5194299378,248.5064,405.9046,-99
5194332711,247.9106,402.4051,-99
5194366044,250.337,399.3722,-99
5194399377,252.0592,397.0825,-99
5194432710,251.7735,395.0865,-99
5194466043,250.3433,394.0986,-99
5194499376,252.5806,393.3825,-99
5194532709,254.0137,392.908,-99
5194566042,255.3569,392.4758,-99
5194599375,254.7476,391.1869,-99
5194632708,253.2565,388.5298,-99
5194666041,249.6286,385.6763,-99
5194699374,248.3477,381.757,-99
5194732707,246.2316,375.821,-99
5194766040,247.6584,371.9366,-99
5194799373,249.3773,371.8992,-99
5194832706,252.5224,370.4165,-99
5194866039,252.6429,370.5262,-99
5194899372,252.236,371.0973,-99
5194932705,252.3894,371.3341,-99
5194966038,251.5529,371.7718,-99
5194999371,249.6682,372.1341,-99
5195032704,248.076,372.9667,-99
5195066037,245.8565,374.5048,-99
5195099370,244.7238,376.0707,-99
5195132703,242.451,375.9471,-99
5195166036,241.1818,376.9863,-99
5195199369,239.9819,378.3514,-99
5195232702,239.4607,379.7285,-99
5195266035,237.3541,378.8756,-99
5195299368,235.7047,377.9824,-99
5195332701,235.6461,376.956,-99
5195366034,236.0556,375.8974,-99
5195399367,235.8093,376.0241,-99
5195432700,234.9354,375.1179,-99
5195466033,233.5723,375.1426,-99
5195499366,233.4068,374.2316,-99
5195532699,233.4159,373.7505,-99
5195566032,232.5754,372.5605,-99
5195599365,231.467,372.2825,-99
5195632698,230.6269,372.2576,-99
5195666031,231.0705,372.0724,-99
5195699364,230.8445,372.1555,-99
5195732697,231.4792,372.0208,-99
5195766030,229.7539,371.8674,-99
5195799363,230.1227,372.5714,-99
5195832696,231.3711,371.8446,-99
5195866029,231.105,372.2597,-99
5195899362,231.8759,370.7176,-99
5195932695,233.3205,370.1762,-99
5195966028,234.2788,369.7131,-99
5195999361,236.0395,371.8271,-99
5196032694,237.1376,371.3268,-99
5196066027,237.1079,368.9613,-99
5196099360,237.6192,369.2584,-99
5196132693,237.9368,370.6979,-99
5196166026,236.927,369.8695,-99
5196199359,236.3452,369.659,-99
5196232692,236.7988,369.9157,-99
5196266025,236.9232,370.9663,-99
5196299358,237.7907,371.7015,-99
5196332691,238.506,372.1394,-99
5196366024,237.532,371.998,-99
5196399357,237.2131,371.5103,-99
5196432690,237.2583,370.9215,-99
5196466023,237.4049,370.7852,-99
5196499356,238.1619,369.6939,-99
5196532689,237.9446,369.417,-99
5196566022,238.8065,370.3029,-99
5196607232,238.2597,369.5265,-99
5196640565,238.6004,369.7782,-99
5196673898,239.3857,369.0286,-99
5196707231,239.3089,368.7589,-99
5196740564,239.272,368.7926,-99
5196773897,238.9267,367.4451,-99
5196807230,237.5435,366.4529,-99
5196840563,238.4944,366.5639,-99
5196873896,238.1631,367.1766,-99
5196907229,238.0855,367.9225,-99
5196940562,238.5672,368.6264,-99
5196973895,238.2758,367.7401,-99
5197007228,238.1372,367.7692,-99
5197040561,238.9864,366.9806,-99
5197073894,238.5507,366.5985,-99
5197107227,238.7579,366.7857,-99
5197140560,238.1245,366.535,-99
5197173893,238.3852,366.3482,-99
5197207226,237.5149,366.1654,-99
5197240559,238.1396,365.8814,-99
5197273892,237.8158,365.3148,-99
5197307225,236.8385,366.6081,-99
5197340558,236.1027,366.1223,-99
5197373891,236.4403,365.9485,-99
5197407224,236.4923,365.4551,-99
5197440557,235.2911,365.385,-99
5197473890,235.1961,365.6689,-99
5197507223,234.6613,364.6795,-99
5197540556,234.0135,364.946,-99
5197573889,232.8664,365.1069,-99
5197607222,231.6598,364.7682,-99
5197640555,231.456,365.184,-99
5197673888,230.4973,365.3894,-99
5197707221,231.12,365.586,-99
5197740554,229.7388,364.891,-99
5197773887,229.3681,364.7928,-99
5197807220,229.7858,365.086,-99
5197840553,229.7662,365.8532,-99
5197873886,230.6279,365.8076,-99
5197907219,230.7701,366.0632,-99
5197940552,230.27,365.5903,-99
5197973885,231.3793,364.2292,-99
5198007218,231.3216,363.6296,-99
5198040551,233.2536,364.0374,-99
5198073884,233.5066,365.4049,-99
5198107217,233.4693,364.8491,-99
5198140550,234.3515,364.5393,-99
5198173883,234.7987,364.7854,-99
5198207216,235.2136,364.775,-99
5198240549,235.3319,363.8266,-99
5198273882,236.0677,362.7729,-99
5198307215,235.2373,362.1886,-99
5198340548,236.9774,361.5885,-99
5198373881,236.9754,361.1988,-99
5198407214,237.4075,361.0807,-99
5198440547,238.3711,360.7546,-99
5198473880,238.3095,360.9726,-99
5198507213,239.047,360.7914,-99
5198540546,238.4633,360.7903,-99
5198573879,238.7764,360.6158,-99
5198607212,238.4342,360.6848,-99
5198640545,238.2825,360.3618,-99
5198673878,238.1115,360.4188,-99
5198707211,237.4657,360.5364,-99
5198740544,237.7923,361.1628,-99
5198773877,236.9554,360.896,-99
5198807210,237.3659,361.2328,-99
5198840543,237.2168,361.2105,-99
5198873876,236.6725,361.0097,-99
5198907209,235.7683,361.4753,-99
5198940542,235.894,362.128,-99
5198973875,235.6317,363.0761,-99
5199007208,234.312,364.8269,-99
5199040541,233.6455,366.3811,-99
5199073874,232.3969,369.057,-99
5199107207,232.7055,371.5154,-99
5199140540,231.6759,374.1772,-99
5199173873,231.3357,376.3786,-99
5199207206,230.3967,378.2066,-99
5199240539,229.0683,377.677,-99
5199273872,229.1947,378.5375,-99
5199307205,229.6768,378.9899,-99
5199340538,230.1105,379.4339,-99
5199373871,230.5875,380.8488,-99
5199407204,231.9,382.1,-99
5199440537,231.4396,381.5652,-99
5199473870,231.3136,381.7605,-99
5199507203,231.7114,381.5823,-99
5199540536,232.0157,381.3632,-99
5199573869,232.8165,381.6927,-99
5199607202,233.8154,381.6067,-99
5199640535,234.7468,381.4832,-99
5199673868,236.2951,381.9485,-99
5199707201,237.2983,381.1408,-99
5199740534,236.7283,378.998,-99
5199773867,237.0063,377.9412,-99
5199807200,238.015,377.0215,-99
5199840533,239.0471,375.5852,-99
5199873866,239.7041,374.3024,-99
5199907199,240.7373,372.502,-99
5199946111,240.8362,371.3738,-99
5199979444,241.7495,370.2852,-99
5200012777,243.3266,369.9032,-99
5200046110,245.3401,370.61,-99
5200079443,245.8963,370.9287,-99
5200112776,247.3856,371.597,-99
5200146109,248.2389,371.9175,-99
5200179442,248.6331,371.7643,-99
5200212775,249.0193,371.4846,-99
5200246108,250.5738,371.2162,-99
5200279441,251.8313,369.7024,-99
5200312774,253.6539,367.7445,-99
5200346107,256.1791,366.1002,-99
5200379440,259.3622,364.0583,-99
5200412773,262.1718,363.2775,-99
5200446106,263.5904,364.3723,-99
5200479439,264.6537,364.5069,-99
5200512772,265.1247,364.2086,-99
5200546105,263.3995,363.8206,-99
5200579438,261.9332,364.3586,-99
5200612771,260.2593,365.6168,-99
5200646104,258.5791,366.5512,-99
5200679437,254.5096,367.0361,-99
5200712770,252.2765,368.1901,-99
5200746103,250.4326,370.5609,-99
5200779436,248.1286,371.9959,-99
5200812769,246.2128,375.0723,-99
5200846102,244.1139,378.0253,-99
5200879435,243.2031,380.6563,-99
5200912768,242.4723,383.459,-99
5200946101,240.8329,385.4601,-99
5200979434,239.1359,388.0898,-99
5201012767,237.7118,389.8227,-99
5201046100,236.4182,391.3195,-99
5201079433,235.2842,393.5763,-99
5201112766,235.0231,395.0128,-99
5201146099,234.9644,397.6,-99
5201179432,234.8451,399.2256,-99
5201212765,235.4646,402.5785,-99
5201246098,235.007,406.9298,-99
5201279431,235.5432,409.0648,-99
5201312764,234.8789,409.6584,-99
5201346097,235.6503,411.4216,-99
5201379430,236.7267,412.9535,-99
5201412763,237.7069,414.5575,-99
5201446096,238.6708,414.1371,-99
5201479429,240.5896,415.6234,-99
5201512762,239.0828,415.4037,-99
5201546095,239.6239,414.4347,-99
5201579428,237.5687,412.9826,-99
5201615059,237.6004,412.2419,-99
5201648392,237.0345,410.2956,-99
5201681725,237.1804,410.6754,-99
5201715058,235.7033,407.4607,-99
5201748391,235.9838,405.0736,-99
5201781724,238.4465,404.2572,-99
5201815057,239.5293,402.8571,-99
5201848390,239.5877,400.7127,-99
5201881723,239.5023,399.0183,-99
5201915056,239.6809,397.8694,-99
5201948389,240.2004,396.3685,-99
5201981722,241.5987,396.0724,-99
5202015055,242.1513,396.2434,-99
5202048388,242.5757,396.0413,-99
5202081721,242.8036,396.1808,-99
5202115054,242.2517,396.2494,-99
5202148387,242.8633,395.836,-99
5202181720,242.3392,395.0503,-99
5202215053,242.5471,394.639,-99
5202248386,243.0446,393.6406,-99
5202281719,241.9002,393.7914,-99
5202315052,242.1435,392.7682,-99
5202348385,242.4988,391.8835,-99
5202381718,242.0835,392.105,-99
5202415051,242.4615,391.3032,-99
5202448384,241.9095,391.7619,-99
5202481717,241.629,391.7059,-99
5202515050,241.173,391.7275,-99
5202548383,240.9857,391.7809,-99
5202581716,240.4688,392.0625,-99
5202615049,240.3506,391.873,-99
5202648382,239.4236,391.8958,-99
5202681715,238.7915,391.0085,-99
5202715048,238.1319,390.4532,-99
5202748381,237.786,390.71,-99
5202781714,238.1961,390.9107,-99
5202815047,237.2693,391.2495,-99
5202848380,237.5537,390.4557,-99
5202881713,236.7345,390.4825,-99
5202915046,237.1585,390.1264,-99
5202948379,235.9811,389.0796,-99
5202981712,236.7951,389.5226,-99
5203015045,237.3242,389.2126,-99
5203048378,237.3341,389.1556,-99
5203081711,237.1377,387.3912,-99
5203115044,237.3383,386.5898,-99
5203148377,237.1521,386.5138,-99
5203181710,235.2942,384.668,-99
5203215043,233.097,382.5,-99
5203248376,232.7364,381.0814,-99
5203281709,232.2656,380.0273,-99
5203315042,231.5845,377.6252,-99
5203348375,231.2917,377.5137,-99
5203381708,231.1576,376.402,-99
5203415041,230.7931,376.9103,-99
5203448374,229.5801,375.8736,-99
5203481707,228.252,373.194,-99
5203515040,227.8458,372.9079,-99
5203548373,227.739,372.4322,-99
5203581706,226.8607,370.4733,-99
5203615039,226.8817,370.2969,-99
5203648372,226.3859,370.9294,-99
5203681705,225.0468,369.1382,-99
5203715038,224.6886,370.545,-99
5203748371,224.531,371.0496,-99
5203781704,223.5943,371.1742,-99
5203815037,223.0894,370.7615,-99
5203848370,222.5461,370.9199,-99
5203881703,221.6015,371.2832,-99
5203915036,221.0928,370.6286,-99
5203948369,220.1452,370.5119,-99
5203981702,218.3692,369.0439,-99
5204015035,216.9882,367.8146,-99
5204048368,215.0422,367.9667,-99
5204081701,213.5059,367.8588,-99
5204115034,211.9489,367.6419,-99
5204148367,210.9474,367.2707,-99
5204181700,209.0566,366.1493,-99
5204215033,207.692,364.8736,-99
5204248366,207.2882,363.9348,-99
5204281699,207.1364,364.1566,-99
5204315032,206.2783,363.7288,-99
5204348365,205.9034,361.6931,-99
5204381698,206.1192,360.5638,-99
5204415031,204.8389,359.442,-99
5204448364,205.3554,357.8732,-99
5204481697,206.3872,356.4331,-99
5204515030,206.9885,355.327,-99
5204548363,208.5443,355.0734,-99
5204581696,209.5968,356.2758,-99
5204615029,210.7899,355.3777,-99
5204648362,210.8698,355.1276,-99
5204681695,211.0767,355.2249,-99
5204715028,209.6518,354.3325,-99
5204748361,209.0298,354.9052,-99
5204781694,208.1628,355.6537,-99
5204815027,208.0818,355.7059,-99
5204848360,207.4962,356.4761,-99
5204881693,206.4363,356.434,-99
5204915026,205.6303,354.5535,-99
5204941655,204.757,353.247,-99
5204974988,203.5332,352.1252,-99
5205008321,202.7375,350.2758,-99
5205041654,201.9537,349.1296,-99
5205074987,202.0253,348.77,-99
5205108320,202.1458,349.3354,-99
5205141653,202.0084,348.6821,-99
5205174986,201.4,350.2439,-99
5205208319,200.089,350.0164,-99
5205241652,200.6456,347.7476,-99
5205274985,199.8814,346.6005,-99
5205308318,199.2997,345.9471,-99
5205341651,199.4719,343.6786,-99
5205374984,198.4803,342.5249,-99
5205408317,198.5198,341.4975,-99
5205441650,198.0931,339.9202,-99
5205474983,198.5995,339.0027,-99
5205508316,197.315,337.5,-99
5205541649,196.769,336.8557,-99
5205574982,197.0497,336.0969,-99
5205608315,196.8298,336.1075,-99
5205641648,197.0739,334.7192,-99
5205674981,196.4609,334.8906,-99
5205708314,195.0925,334.3805,-99
5205741647,194.8961,333.8312,-99
5205774980,195.4254,332.9804,-99
5205808313,195.5376,332.0538,-99
5205841646,195.6794,331.3206,-99
5205874979,196.0567,330.3608,-99
5205908312,196.8047,330.0651,-99
5205941645,197.5542,330.1814,-99
5205974978,197.6835,329.625,-99
5206008311,197.6865,328.4275,-99
5206041644,196.7091,328.1136,-99
5206074977,195.8496,327.6992,-99
5206108310,195.25,327.4243,-99
5206141643,194.2723,326.9008,-99
5206174976,192.8542,326.5448,-99
5206208309,192.3503,326.4264,-99
5206241642,191.6806,326.4843,-99
5206274975,191.455,325.7116,-99
5206308308,191.5248,325.5196,-99
5206341641,191.6126,323.3784,-99
5206374974,190.6477,322.9974,-99
5206408307,191.0436,322.9539,-99
5206441640,190.452,322.4753,-99
5206474973,190.0207,322.4845,-99
5206508306,188.5806,321.4118,-99
5206541639,188.8144,318.2831,-99
5206574972,188.3717,316.7348,-99
5206614775,187.7699,314.8761,-99
5206648108,188.0044,312.1501,-99
5206681441,186.9267,312.6028,-99
5206714774,187.1244,311.0259,-99
5206748107,186.4383,310.4436,-99
5206781440,185.2559,309.9817,-99
5206814773,184.8854,308.1605,-99
5206848106,184.8179,306.9511,-99
5206881439,184.3128,306.4926,-99
5206914772,183.467,306.1491,-99
5206948105,183.2104,306.2896,-99
5206981438,182.4363,305.1843,-99
5207014771,181.418,302.8934,-99
5207048104,182.7173,300.2743,-99
5207081437,183.5529,298.9559,-99
5207114770,182.9884,297.1323,-99
5207148103,182.1035,299.0981,-99
5207181436,183.0601,298.235,-99
5207214769,182.2077,297.7656,-99
5207248102,182.7003,297.3127,-99
5207281435,181.4896,296.1943,-99
5207314768,180.9778,295.1667,-99
5207348101,180.8669,295.1898,-99
5207381434,180.8858,295.3844,-99
5207414767,180.1243,294.0162,-99
5207448100,179.4817,292.9266,-99
5207481433,178.8482,292.144,-99
5207514766,179.2808,291.4843,-99
5207548099,178.8672,289.6992,-99
5207581432,178.8772,289.3661,-99
5207614765,179.4139,286.756,-99
5207648098,179.2547,286.4824,-99
5207681431,178.6632,286.1105,-99
5207714764,177.6779,286.0208,-99
5207748097,177.0662,284.8626,-99
5207781430,177.168,284.0542,-99
5207814763,175.5829,282.9696,-99
5207848096,174.7922,282.036,-99
5207881429,173.8403,280.7618,-99
5207914762,173.7275,279.627,-99
5207948095,173.8812,276.5529,-99
5207981428,173.5261,274.981,-99
5208014761,173.2399,275,-99
5208048094,173.0326,272.5874,-99
5208081427,173.1101,270.0683,-99
5208114760,172.6675,269.1456,-99
5208148093,172.4447,266.9936,-99
5208181426,171.9891,266.5839,-99
5208214759,171.7426,265.6765,-99
5208248092,171.5784,263.4644,-99
5208283754,170.0199,263.1829,-99
5208317087,171.4026,262.5628,-99
5208350420,170.5861,260.6286,-99
5208383753,170.0329,259.2368,-99
5208417086,169.5332,259.3036,-99
5208450419,169.7576,258.0306,-99
5208483752,168.832,255.0165,-99
5208517085,170.0807,254.5573,-99
5208550418,170.6585,253.1341,-99
5208583751,171.7312,251.8548,-99
5208617084,171.6779,250.9888,-99
5208650417,172.75,250.3856,-99
5208683750,173.768,249.5052,-99
5208717083,174.5636,249.2545,-99
5208750416,175.5121,248.8257,-99
5208783749,175.7466,248.4768,-99
5208817082,177.9426,248.5738,-99
5208850415,177.0523,247.1956,-99
5208883748,176.377,245.301,-99
5208917081,176.5816,244.15,-99
5208950414,176.7147,244.0749,-99
5208983747,176.7438,241.9901,-99
5209017080,176.5718,240.2847,-99
5209050413,176.2981,239.2606,-99
5209083746,175.0482,237.5229,-99
5209117079,175.0232,237.1314,-99
5209150412,175.1969,236.8294,-99
5209183745,173.6736,234.3161,-99
5209217078,175.361,232.8317,-99
5209250411,176.073,228.9378,-99
5209283744,177.1757,228.0523,-99
5209317077,177.6374,226.5912,-99
5209350410,178.1769,224.2052,-99
5209383743,179.2549,223.8423,-99
5209417076,178.0208,223.549,-99
5209450409,178.5824,221.6463,-99
5209483742,178.7464,220.6501,-99
5209517075,178.3103,218.6395,-99
5209550408,179.1338,217.6288,-99
5209583741,178.7644,217.6274,-99
5209617074,179.2146,217.1717,-99
5209650407,180.0268,215.8707,-99
5209683740,181.8371,213.0625,-99
5209717073,181.6245,211.9333,-99
5209750406,182.6125,211.7662,-99
5209783739,182.0998,212.6128,-99
5209817072,181.945,212.0075,-99
5209850405,181.426,210.523,-99
5209883738,181.4383,208.916,-99
5209917071,184.5,208.0313,-99
5209950404,186.5598,206.1175,-99
5209983737,188.0879,204.1255,-99
5210017070,190.4568,202.1132,-99
5210050403,189.4944,201.0361,-99
5210083736,190.5377,199.5896,-99
5210117069,190.6509,197.3876,-99
5210150402,191.2648,195.2253,-99
5210183735,191.4724,192.9874,-99
5210217068,191.4971,189.3771,-99
5210250401,191.7959,188.0025,-99
5210283734,191.9172,185.3018,-99
5210317067,192.9021,182.8505,-99
5210350400,193.3562,181.6877,-99
5210383733,194.623,178.8852,-99
5210417066,194.2533,177.5947,-99
5210450399,195.6373,177.2494,-99
5210483732,195.2934,173.4401,-99
5210517065,196.3554,173.6364,-99
5210550398,197.2419,172.5736,-99
5210583731,197.305,170.3255,-99
5210617064,200.9686,170.2332,-99
5210650397,203.5996,169.5528,-99
5210683730,205.7827,168.1269,-99
5210717063,207.9012,168.57,-99
5210750396,209.6224,167.9606,-99
5210783729,210.7362,167.4663,-99
5210817062,210.8826,167.4266,-99
5210850395,211.0558,166.7251,-99
5210883728,210.1306,166.3571,-99
5210917061,208.0526,164.4368,-99
5210950394,209.5441,162.2217,-99
5210983727,210.5355,159.736,-99
5211017060,213.3596,158.6298,-99
5211050393,214.3908,158.5448,-99
5211083726,216.094,157.8463,-99
5211117059,216.529,157.7007,-99
5211150392,216.6511,156.5538,-99
5211183725,215.8832,154.5148,-99
5211217058,217.3913,154.1304,-99
5211250391,216.9953,152.3474,-99
5211283724,217.9605,150.4839,-99
5211317057,220.504,150.4852,-99
5211350390,222.5585,149.8803,-99
5211383723,225.4148,148.8144,-99
5211417056,228.8173,146.263,-99
5211450389,231.1053,145.6274,-99
5211483722,233.5166,144.8758,-99
5211517055,236.1526,143.7403,-99
5211550388,238.1481,142.7575,-99
5211583721,238.0567,141.9742,-99
5211622602,240.6286,141.2961,-99
5211655935,242.3206,139.8931,-99
5211689268,243.8081,137.947,-99
5211722601,246.361,137.6471,-99
5211755934,247.9418,137.4894,-99
5211789267,249.4635,137.2526,-99
5211822600,251.7248,136.5831,-99
5211855933,254.8594,134.9841,-99
5211889266,255.7098,134.3674,-99
5211922599,257.4463,133.2166,-99
5211955932,258.2421,132.1561,-99
5211989265,258.0298,131.4473,-99
5212022598,260.1374,129.1488,-99
5212055931,261.0207,128.1186,-99
5212089264,263.0547,127.5585,-99
5212122597,266.0222,125.5139,-99
5212155930,267.9619,125.1252,-99
5212189263,267.9959,125.6584,-99
5212222596,269.4599,125.4894,-99
5212255929,268.924,124.7078,-99
5212289262,269.5742,123.099,-99
5212322595,270.5469,123.3516,-99
5212355928,270.6425,124.2225,-99
5212389261,270.6803,125.6752,-99
5212422594,270.8333,125.5208,-99
5212455927,270.1299,125.7402,-99
5212489260,270.7647,125.1471,-99
5212522593,270.6763,124.8579,-99
5212555926,271.2405,124.6919,-99
5212589259,271.1323,124.4249,-99
5212622592,272.1983,123.3967,-99
5212655925,273.1393,121.7562,-99
5212689258,273.8699,121.2908,-99
5212722591,274.4527,121.2264,-99
5212755924,276.5482,119.1802,-99
5212789257,278.5274,118.8249,-99
5212822590,279.9163,118.8075,-99
5212855923,281.6199,117.5183,-99
5212889256,284.1967,117.4657,-99
5212922589,285.4483,117.524,-99
5212955922,286.4843,117.3424,-99
5212989255,285.5419,117.2094,-99
5213022588,285.7885,116.5055,-99
5213055921,286.7572,114.6815,-99
5213089254,287.1915,112.8484,-99
5213122587,286.6765,113.0824,-99
5213155920,286.1026,110.0026,-99
5213189253,285.4658,108.726,-99
5213222586,284.6361,108.6972,-99
5213255919,283.8579,107.0605,-99
5213291581,282.9714,106.6457,-99
5213324914,282.715,106.4565,-99
5213358247,282.5607,105.5029,-99
5213391580,282.882,106.4906,-99
5213424913,282.3267,107.0802,-99
5213458246,282.9922,107.5026,-99
5213491579,284.0079,108.1132,-99
5213524912,286.9294,108.468,-99
5213558245,289.5457,109.2178,-99
5213591578,291.2541,110.1329,-99
5213624911,292.5871,111.3914,-99
5213658244,294.0124,113.804,-99
5213691577,295.9111,115.8074,-99
5213724910,298.2462,116.5203,-99
5213758243,299.3303,117.4487,-99
5213791576,301.3489,117.363,-99
5213824909,302.3753,118.0427,-99
5213858242,302.2559,119.1137,-99
5213891575,301.9235,119.0871,-99
5213924908,302.0978,119.1491,-99
5213958241,302.3871,118.5349,-99
5213991574,302.1735,118.0024,-99
5214024907,301.5058,117.2979,-99
5214058240,302.8304,116.8304,-99
5214091573,302.7929,116.0956,-99
5214124906,300.0078,115.7942,-99
5214158239,299.1877,115.7473,-99
5214191572,296.8324,115.7356,-99
5214224905,294.4147,116.1409,-99
5214258238,295.7514,116.895,-99
5214291571,297.1948,116.4688,-99
5214324904,297.131,116.8818,-99
5214358237,295.6098,117.1445,-99
5214391570,295.6918,118.1139,-99
5214424903,296.3298,117.3175,-99
5214458236,294.4859,118.4122,-99
5214491569,294.9051,119.2062,-99
5214524902,295.4709,119.3012,-99
5214558235,295.7769,119.3708,-99
5214591568,296.9795,118.5265,-99
5214624901,296.7483,118.4829,-99
5214658234,298.295,118.3622,-99
5214691567,297.7716,119.6134,-99
5214724900,296.9206,119.5919,-99
5214758233,299.1699,119.4028,-99
5214791566,298.0167,119.5309,-99
5214824899,297.6082,119.7962,-99
5214858232,296.6369,119.7431,-99
5214891565,296.5758,120.0766,-99
5214924898,297.1393,120.4472,-99
5214958231,296.9287,120.9762,-99
5214991564,296.3279,120.9294,-99
5215024897,296.0423,121.1178,-99
5215058230,295.0601,120.7041,-99
5215091563,295.2734,121.0229,-99
5215124896,293.4739,120.953,-99
5215158229,293.3135,121.2523,-99
5215191562,292.7049,122.0776,-99
5215224895,293.0893,122.6485,-99
5215258228,292.9344,122.6277,-99
5215291561,292.9774,123.1965,-99
5215324894,292.4867,123.135,-99
5215358227,292.0623,123.6419,-99
5215391560,291.1964,124.2962,-99
5215424893,289.9349,125.2667,-99
5215458226,290.3861,126.2859,-99
5215491559,289.2928,126.5514,-99
5215524892,289.5509,127.6316,-99
5215558225,290.2059,128.6526,-99
5215591558,289.9123,129.8318,-99
5215624891,291.8298,129.7584,-99
5215658224,293.5677,130.8624,-99
5215691557,292.8366,130.671,-99
5215724890,294.1777,130.7538,-99
5215758223,295.045,130.8356,-99
5215791556,296.7741,130.7478,-99
5215824889,295.7009,130.0224,-99
5215858222,296.5572,129.6529,-99
5215891555,296.1756,129.6299,-99
5215924888,296.931,129.6421,-99
5215958221,296.9211,129.7567,-99
5215991554,296.6758,129.6856,-99
5216024887,297.3004,129.6701,-99
5216058220,297.192,128.9086,-99
5216091553,296.824,129.088,-99
5216124886,296.1214,128.9769,-99
5216158219,296.5067,130.2813,-99
5216191552,296.1843,130.4051,-99
5216224885,296.6048,130.2757,-99
5216258218,296.2661,130.9864,-99
5216291551,296.2437,131.6384,-99
5216324884,297.0832,131.6859,-99
5216358217,296.9587,131.5396,-99
5216391550,297.3661,131.3439,-99
5216424883,297.5822,131.5113,-99
5216458216,297.26,131.3868,-99
5216491549,296.6597,131.2371,-99
5216524882,296.4311,130.898,-99
5216558215,296.2204,130.3369,-99
5216591548,295.3454,129.6131,-99
5216620708,296.3584,129.0617,-99
5216654041,296.0989,128.9137,-99
5216687374,295.9005,129.0111,-99
5216720707,295.1782,128.7216,-99
5216754040,294.4552,128.4161,-99
5216787373,293.2124,127.5751,-99
5216820706,291.5549,127.4691,-99
5216854039,291.2985,127.3004,-99
5216887372,291.7046,127.0379,-99
5216920705,291.7514,125.4822,-99
5216954038,291.9926,125.5478,-99
5216987371,290.5788,123.8762,-99
5217020704,292.8846,124.2173,-99
5217054037,294.1684,124.3281,-99
5217087370,295.6422,123.9097,-99
5217120703,295.9826,123.644,-99
5217154036,298.4758,124.0217,-99
5217187369,300.39,123.7047,-99
5217220702,302.553,124.2797,-99
5217254035,304.5208,125.2244,-99
5217287368,307.4785,125.9458,-99
5217320701,309.9274,125.6221,-99
5217354034,310.4668,126.9272,-99
5217387367,311.8985,128.4723,-99
5217420700,311.8508,128.8739,-99
5217454033,312.48,129.9304,-99
5217487366,312.8342,131.4223,-99
5217520699,313.0436,130.8235,-99
5217554032,312.7819,130.446,-99
5217587365,310.0404,129.9454,-99
5217620698,309.4552,129.7379,-99
5217654031,309.6403,130.5203,-99
5217687364,309.8011,131.1644,-99
5217720697,309.6276,131.1382,-99
5217754030,310.1591,132.3568,-99
5217787363,310.0439,133.3142,-99
5217820696,309.8547,133.6922,-99
5217854029,310.1898,133.9411,-99
5217887362,311.3042,134.7654,-99
5217920695,311.119,135.1071,-99
5217954028,310.5088,133.4074,-99
5217987361,311.3802,133.7751,-99
5218020694,312.3066,134.1861,-99
5218054027,313.0461,133.7804,-99
5218087360,313.6782,133.5164,-99
5218120693,312.3832,132.5847,-99
5218154026,313.7007,133.1264,-99
5218187359,313.7209,133.5548,-99
5218220692,311.3113,131.4341,-99
5218254025,310.4744,131.0604,-99
5218287125,310.929,132.5457,-99
5218320458,309.9164,132.6563,-99
5218353791,308.3152,131.9584,-99
5218387124,306.947,131.618,-99
5218420457,305.5355,131.443,-99
5218453790,304.7047,131.3557,-99
5218487123,304.2492,131.5164,-99
5218520456,303.2047,131.6556,-99
5218553789,302.6486,132.1259,-99
5218587122,301.9189,133.1924,-99
5218620455,300.7982,133.6958,-99
5218653788,300.895,134.344,-99
5218687121,300.9884,134.9811,-99
5218720454,301.2123,135.7218,-99
5218753787,302.7569,136.1789,-99
5218787120,303.3672,136.5053,-99
5218820453,304.2231,136.9852,-99
5218853786,305.25,137.4881,-99
5218887119,306.0234,138.0717,-99
5218920452,306.5561,138.9167,-99
5218953785,308.1782,139.0507,-99
5218987118,309.9904,138.7814,-99
5219020451,312.9143,137.9697,-99
5219053784,315.9383,137.7284,-99
5219087117,321.8465,138.378,-99
5219120450,326.1873,138.1264,-99
5219153783,328.3943,137.7062,-99
5219187116,329.0703,136.4622,-99
5219220449,330.4814,133.1834,-99
5219253782,330.0393,129.4045,-99
5219287115,330.5349,124.8837,-99
5219320448,330.7722,121.2987,-99
5219353781,331.1469,117.1949,-99
5219387114,331.6712,112.4348,-99
5219420447,330.5683,108.3907,-99
5219453780,329.136,105.6771,-99
5219487113,327.6706,103.0554,-99
5219520446,327.5635,100.7875,-99
5219553779,326.5314,98.60852,-99
5219587112,325.234,96.12186,-99
5219620445,324.1008,95.58746,-99
5219653778,323.4473,95.03797,-99
5219687111,321.2529,95.06322,-99
5219720444,320.903,95.06177,-99
5219753777,321.3846,94.65385,-99
5219787110,322.1272,94.07988,-99
5219820443,322.9634,94.3324,-99
5219853776,323.5718,94.43098,-99
5219887109,324.1516,95.76676,-99
5219920442,324.4167,95.89881,-99
5219957025,324.8688,95.99417,-99
5219990358,324.3245,96.47198,-99
5220023691,324.6349,96.76984,-99
5220057024,323.8386,96.31124,-99
5220090357,323.8598,96.4744,-99
5220123690,323.6359,96.58696,-99
5220157023,322.9765,96.06005,-99
5220190356,323.2055,95.9863,-99
5220223689,322.9478,95.51923,-99
5220257022,322.614,95.92105,-99
5220290355,322.4955,95.58967,-99
5220323688,322.0151,95.90936,-99
5220357021,320.9972,95.0057,-99
5220390354,320.6667,95.15339,-99
5220423687,320.0838,94.9012,-99
5220457020,320.1492,95.14921,-99
5220490353,320.6863,95.26398,-99
5220523686,321.103,96.05151,-99
5220557019,321.9791,98.09254,-99
5220590352,323.6026,100.2286,-99
5220623685,324.3144,101.7104,-99
5220657018,325.4265,103.7794,-99
5220690351,326.5385,105.4079,-99
5220723684,326.6117,107.9797,-99
5220757017,327.2015,110.2922,-99
5220790350,328.9487,112.3667,-99
5220823683,329.6323,113.2619,-99
5220857016,330.3528,115.0195,-99
5220890349,330.3123,116.3366,-99
5220923682,330.3861,117.705,-99
5220957015,330.9134,118.2124,-99
5220990348,331.0228,118.3195,-99
5221023681,332.8969,118.5642,-99
5221057014,335.0567,119.0878,-99
5221090347,335.4217,119.7892,-99
5221123680,335.6813,121.2066,-99
5221157013,336.7125,121.675,-99
5221190346,337.0234,122.264,-99
5221223679,336.4875,121.4737,-99
5221257012,335.8824,120.6667,-99
5221290345,336.5718,119.438,-99
5221323678,337.0367,118.5013,-99
5221357011,336.4445,119.2765,-99
5221390344,337.1134,118.6933,-99
5221423677,338.3887,119.0402,-99
5221457010,339.671,120.0311,-99
5221490343,340.9695,120.5573,-99
5221523676,342.9846,122.1923,-99
5221557009,344.9974,123.8087,-99
5221590342,346.5692,124.5796,-99
5221632474,347.641,124.882,-99
5221665807,349.0324,125.8479,-99
5221699140,350.4433,126.2427,-99
5221732473,351.8474,126.1798,-99
5221765806,353.7753,126.2356,-99
5221799139,355.911,125.4188,-99
5221832472,356.7507,124.0542,-99
5221865805,357.3297,123.1374,-99
5221899138,357.8946,121.1722,-99
5221932471,358.8857,118.9096,-99
5221965804,359.6361,116.3893,-99
5221999137,359.415,114.4123,-99
5222032470,358.7902,112.0027,-99
5222065803,357.4825,111.4186,-99
5222099136,359.0634,109.7976,-99
5222132469,360.2686,110.1059,-99
5222165802,360.0853,110.4573,-99
5222199135,360.7465,110.8193,-99
5222232468,361.1882,111.5812,-99
5222265801,362.2791,112.5256,-99
5222299134,364.3048,113.6754,-99
5222332467,365.7495,115.3431,-99
5222365800,367.0944,116.627,-99
5222399133,368.3883,118.7043,-99
5222432466,370.4247,120.2854,-99
5222465799,372.4825,120.7977,-99
5222499132,375.2153,121.3132,-99
5222532465,377.1213,122.0489,-99
5222565798,378.4266,121.8648,-99
5222599131,380.6768,121.6641,-99
5222632464,382.4879,122.9892,-99
5222665797,382.8533,123.8293,-99
5222699130,384.3108,124.3659,-99
5222732463,386.5312,125.8151,-99
5222765796,387.7375,126.0271,-99
5222799129,389.9209,126.3504,-99
5222832462,391.8942,128.0894,-99
5222865795,393.7577,129.058,-99
5222899128,395.7455,130.4982,-99
5222932461,397.597,132.5083,-99
5222965794,399.7309,133.2292,-99
5222999127,401.4678,134.9079,-99
5223032460,403.3663,136.6505,-99
5223065793,405.4338,137.9939,-99
5223099126,408.425,139.5417,-99
5223132459,409.7909,142.1874,-99
5223165792,410.881,144.3925,-99
5223199125,412.7961,146.5768,-99
5223232458,413.6674,147.2009,-99
5223265791,415.1435,147.3304,-99
5223301452,417.2681,148.0447,-99
5223334785,419.6618,148.4338,-99
5223368118,421.3971,149.3321,-99
5223401451,422.6736,149.7268,-99
5223434784,421.4276,150.8121,-99
5223468117,422.2991,152.5171,-99
5223501450,423.692,154.4729,-99
5223534783,422.8088,156.4363,-99
5223568116,426.0432,157.821,-99
5223601449,428.2729,159.2196,-99
5223634782,431.3845,160.334,-99
5223668115,434.7932,162.0214,-99
5223701448,437.9148,164.0185,-99
5223734781,439.0338,166.5,-99
5223768114,440.5739,168.0935,-99
5223801447,441.7067,170.0067,-99
5223834780,442.4762,171.4405,-99
5223868113,444.3304,172.7655,-99
5223901446,445.3705,174.0576,-99
5223934779,446.2624,175.3757,-99
5223968112,448.2421,177.0794,-99
5224001445,449.1852,179.4425,-99
5224034778,449.4799,183.1245,-99
5224068111,450.7485,185.5545,-99
5224101444,451.1853,186.8789,-99
5224134777,451.9482,188.3379,-99
5224168110,452.5239,190.8484,-99
5224201443,452.6997,192.5637,-99
5224234776,453.4561,192.8272,-99
5224268109,454.1935,194.8275,-99
5224301442,454.9242,196.0316,-99
5224334775,455.6505,196.44,-99
5224368108,455.5839,197.1425,-99
5224401441,455.3643,198.902,-99
5224434774,456.2949,201.8894,-99
5224468107,455.4155,203.5479,-99
5224501440,454.8522,204.4852,-99
5224534773,456.326,202.9842,-99
5224568106,456.8141,204.1218,-99
5224601439,458.5,204.3467,-99
5224634772,461.1988,204.6398,-99
5224668105,457.9909,212.1318,-99
5224701438,458.0314,215.4431,-99
5224734771,460.9896,215.609,-99
5224768104,465.637,224.137,-99
5224801437,468.3319,224.7328,-99
5224834770,466.3858,223.7614,-99
5224868103,467.8122,227.7293,-99
5224901436,467.4742,227.6117,-99
5224934769,467.5054,229.6989,-99
5224968102,469.5678,230.0854,-99
5225001435,471.1679,231.3037,-99
5225034768,472.5918,231.356,-99
5225068101,471.142,233.3478,-99
5225101434,472.837,232.9926,-99
5225134767,474.2883,232.5845,-99
5225168100,473.8354,234.2922,-99
5225201433,473.8471,235.1736,-99
5225234766,472.4596,235.5635,-99
5225268099,473.0137,238.2883,-99
5225301432,472.8396,239.2962,-99
5225334765,472.366,241.5221,-99
5225368098,471.539,243.3171,-99
5225401431,469.471,244.0749,-99
5225434764,469.1163,244.0582,-99
5225468097,470.0538,244.9591,-99
5225501430,470.3625,245.5586,-99
5225534763,470.0905,246.1,-99
5225568096,470.8462,244.3128,-99
5225601429,471.5896,239.7729,-99
5225634762,475.4225,243.8063,-99
5225668095,477.3791,247.1896,-99
5225701428,476.8333,246.1402,-99
5225734761,478.6107,251.0387,-99
5225768094,478.2029,251.3381,-99
5225801427,478.2934,252.1508,-99
5225834760,477.8295,251.5979,-99
5225868093,478.3391,252.9222,-99
5225901426,479.0114,252.385,-99
5225934759,479.6738,253.0536,-99
5225968092,481.0663,254.4979,-99
5226001425,481.1492,254.7542,-99
5226034758,481.8378,256.7921,-99
5226068091,481.2556,258.88,-99
5226101424,478.6127,259.5226,-99
5226134757,476.9954,260.9039,-99
5226168090,476.0263,261.9212,-99
5226201423,473.7474,263.0042,-99
5226234756,472.6457,265.3585,-99
5226268089,470.7914,267.0819,-99
5226301422,468.617,268.0617,-99
5226334755,467.33,268.1497,-99
5226368088,465.84,268.1143,-99
5226401421,464.9913,268.6075,-99
5226434754,464.7249,268.4986,-99
5226468087,463.937,269.1575,-99
5226501420,464.1564,269.7067,-99
5226534753,462.1453,271.9501,-99
5226568086,461.9683,273.0724,-99
5226601419,462.5098,274.3666,-99
5226640300,462.3294,275.0838,-99
5226673633,461.9465,276.0967,-99
5226706966,461.7863,276.751,-99
5226740299,461.3775,277.6502,-99
5226773632,460.5992,278.7616,-99
5226806965,460.6122,279.0408,-99
5226840298,461.1331,277.3173,-99
5226873631,460.1051,277.2046,-99
5226906964,460.6487,277.0025,-99
5226940297,460.5528,275.2638,-99
5226973630,461.4724,274.5678,-99
5227006963,463.3387,273.4347,-99
5227040296,466.4929,272.9065,-99
5227073629,469.8866,271.3463,-99
5227106962,474.1667,270.3452,-99
5227140295,478.1491,268.9659,-99
5227173628,482.8983,266.7579,-99
5227206961,487.2034,264.2339,-99
5227240294,491.8127,260.2441,-99
5227273627,496.0475,255.3424,-99
5227306960,499.3372,250.8799,-99
5227340293,500.9918,246.0988,-99
5227373626,502.8163,241.7244,-99
5227406959,504.7883,239.0706,-99
5227440292,506.634,236.2421,-99
5227473625,508.2487,235.1675,-99
5227506958,509.6751,234.2183,-99
5227540291,510.3747,233.965,-99
5227573624,511.6737,233.4658,-99
5227606957,512.7605,233.6684,-99
5227640290,513.7692,233.598,-99
5227673623,514.67,233.4075,-99
5227706956,515.954,231.7506,-99
5227740289,516.1922,230.8416,-99
5227773622,517.3676,229.5681,-99
5227806955,517.7277,228.9926,-99
5227840288,517.9389,228.3308,-99
5227873621,517.8345,227.9281,-99
5227906954,517.8903,228.5162,-99
5227940287,517.7852,229.1284,-99
5227973620,517.4063,229.8365,-99
5228006953,517.5643,230.5892,-99
5228040286,517.1387,230.5236,-99
5228073619,517.1926,231.3315,-99
5228106952,517.9194,232.1022,-99
5228140285,517.4849,232.4274,-99
5228173618,517.477,232.2629,-99
5228206951,517.019,232.3804,-99
5228240284,517.2465,231.7591,-99
5228273617,517.0678,232.2401,-99
5228306950,517.0405,232.2948,-99
5228340283,516.3217,233.5603,-99
5228373616,516.0424,234.2879,-99
5228406949,515.7014,235.4219,-99
5228440282,516.0029,235.4496,-99
5228473615,516.2023,236.1358,-99
5228506948,516.0602,236.0229,-99
5228540281,516.0912,235.8237,-99
5228573614,516.456,234.1101,-99
5228606947,517.237,232.6615,-99
5228640280,517.4023,232.5207,-99
5228673613,517.5153,231.6534,-99
5228706946,517.91,230.6463,-99
5228740279,516.7764,233.1911,-99
5228773612,514.5956,234.3652,-99
5228806945,512.1927,236.7708,-99
5228840278,514.0909,235.5136,-99
5228873611,516.4192,233.8174,-99
5228906944,516.7879,234.3515,-99
5228940277,516.5516,235.5575,-99
5228973610,516.1118,236.3994,-99
5229006943,516.212,236.7335,-99
5229040276,515.4674,237.5297,-99
5229073609,515.5191,237.1148,-99
5229106942,515.5166,236.6879,-99
5229140275,515.2089,236.7827,-99
5229173608,515.5155,236.0451,-99
5229206941,515.3917,235.8639,-99
5229240274,515.375,235.5238,-99
5229273607,515.4157,235.0552,-99
5229306940,515.5225,234.7688,-99
5229340273,515.5756,234.183,-99
5229373606,515.9621,233.3324,-99
5229406939,516.25,232.9517,-99
5229440272,516.4078,232.2933,-99
5229473605,516.5484,231.9355,-99
5229506938,516.9557,230.9764,-99
5229540271,517.6512,229.375,-99
5229573604,518.0869,230.1053,-99
5229606937,518.6851,229.529,-99
5229640270,518.377,229.8168,-99
5229673603,519.1055,229.2454,-99
5229706936,518.9314,229.1108,-99
5229740269,519.1386,229.231,-99
5229773602,518.9488,229.4205,-99
5229806935,519.2756,229.5144,-99
5229840268,518.6786,230.0415,-99
5229873601,519.0132,230.1684,-99
5229906934,518.4432,230.3965,-99
5229940267,518.1429,229.6676,-99
5229970116,517.4271,230.1159,-99
5230003449,517.4568,230.5031,-99
5230036782,516.8688,231.2156,-99
5230070115,516.5994,231.8795,-99
5230103448,516.9338,232.205,-99
5230136781,516.442,233.3343,-99
5230170114,516.0671,234.5122,-99
5230203447,515.6512,235.3651,-99
5230236780,515.3965,235.9067,-99
5230270113,514.0444,236.6568,-99
5230303446,513.2308,238.1481,-99
5230336779,511.7968,239.1417,-99
5230370112,509.9095,241.9251,-99
5230403445,507.6929,243.7638,-99
5230436778,505.5623,245.5765,-99
5230470111,502.1985,248.1832,-99
5230503444,498.7309,251.1315,-99
5230536777,495.4175,255.1521,-99
5230570110,491.6111,258.2843,-99
5230603443,487.3448,260.3161,-99
5230636776,483.2459,262.2213,-99
5230670109,478.1927,265.176,-99
5230703442,474.5014,266.5242,-99
5230736775,470.7419,267.9103,-99
5230770108,467.8088,268.2706,-99
5230803441,465.527,268.9784,-99
5230836774,464.7675,269.509,-99
5230870107,463.3791,270.0116,-99
5230903440,461.808,269.7654,-99
5230936773,459.8488,269.4628,-99
5230970106,457.8281,269.5815,-99
5231003439,456.2096,269.7664,-99
5231036772,454.0224,269.6077,-99
5231070105,452.3004,270.1225,-99
5231103438,450.6148,270.3154,-99
5231136771,449.5124,271.1147,-99
5231170104,448.7576,272.701,-99
5231203437,448.8813,273.2797,-99
5231236770,450.9668,273.3801,-99
5231270103,451.1777,275.4218,-99
5231303436,451.6518,277,-99
5231336769,452.7227,279.576,-99
5231370102,454.094,280.9138,-99
5231403435,455.3857,282.9945,-99
5231436768,456.0569,285.5284,-99
5231470101,457.5418,288.1035,-99
5231503434,458.7047,290.3397,-99
5231536767,461.4679,292.4969,-99
5231570100,461.6267,293,-99
5231603433,463.1183,293.3746,-99
5231636766,463.976,295.0213,-99
5231670099,464.5485,296.7396,-99
5231703432,464.9039,298.6066,-99
5231736765,464.4774,300.3452,-99
5231770098,464.2119,301.5932,-99
5231803431,462.4184,310.117,-99
5231836764,465.1987,314.1192,-99
5231870097,469.4063,317.25,-99
5231903430,467.5493,318.6223,-99
5231936763,464.8388,319.7479,-99
5231970096,462.2782,323.7218,-99
5232003429,455.1694,329.3333,-99
5232036762,452.0368,330.3105,-99
5232070095,449.732,331.1687,-99
5232103428,445.9043,333.4521,-99
5232136761,443.8326,334.0515,-99
5232170094,445.2932,334.6466,-99
5232203427,445.1761,337.1733,-99
5232236760,442.0756,339.2752,-99
5232270093,441.2122,341.7603,-99
5232303426,440.7845,344.1158,-99
5232336759,440.4219,347.6585,-99
5232370092,439.6053,351.2187,-99
5232403425,437.7541,352.8162,-99
5232436758,436.1499,354.2697,-99
5232470091,433.8414,354.8056,-99
5232503424,431.7903,356.0091,-99
5232536757,429.054,357.2331,-99
5232570090,425.2788,358.7121,-99
5232603423,424.4048,362.0905,-99
5232636756,423.067,366.3598,-99
5232670089,422.0397,370.1388,-99
5232703422,419.5352,372.3547,-99
5232736755,416.8802,375.2578,-99
5232770088,413.4712,377.0793,-99
5232803421,411.2287,378.5745,-99
5232836754,409.0735,380.6877,-99
5232870087,408.0791,380.9976,-99
5232903420,405.5013,381.8062,-99
5232936753,403.3513,381.2757,-99
5232970086,401.5233,381.3342,-99
5233003419,399.4561,381.8337,-99
5233036752,398.7479,381.9339,-99
5233070085,398.6729,380.9063,-99
5233103418,397.7346,382.3374,-99
5233136751,397.4286,383.1638,-99
5233170084,397.4737,382.7579,-99
5233203417,395.5028,382.7025,-99
5233236750,395.3805,380.6965,-99
5233270083,396.8994,380.2529,-99
5233308995,392.0044,380.9695,-99
5233342328,387.2621,380.6684,-99
5233375661,386.322,381.4463,-99
5233408994,386.7124,382.5403,-99
5233442327,387.0238,384.946,-99
5233475660,384.0839,386.7778,-99
5233508993,383.233,388.622,-99
5233542326,381.288,391.3109,-99
5233575659,379.1391,393.4779,-99
5233608992,377.5581,394.581,-99
5233642325,376.5927,396.1606,-99
5233675658,375.4609,398.7034,-99
5233708991,373.3631,400.9753,-99
5233742324,371.5747,404.5623,-99
5233775657,368.6726,409.6928,-99
5233808990,367.2993,411.3539,-99
5233842323,366.0524,412.2408,-99
5233875656,363.9331,412.3314,-99
5233908989,362.5701,412.2928,-99
5233942322,358.6835,413.8354,-99
5233975655,356.9506,414.4282,-99
5234008988,355.5952,414.3191,-99
5234042321,356.2818,413.5763,-99
5234075654,353.2235,414.0768,-99
5234108987,352.088,414.8488,-99
5234142320,352.9085,413.2174,-99
5234175653,351.7247,411.6982,-99
5234208986,347.8953,412.1196,-99
5234242319,346.5781,411.7576,-99
5234275652,346.9659,411.8577,-99
5234308985,342.6325,411.1166,-99
5234342318,342.2755,409.9944,-99
5234375651,341.7745,409.7039,-99
5234408984,342.986,409.0539,-99
5234442317,341.7429,408.0571,-99
5234475650,340.6461,407.0345,-99
5234508983,341.8112,405.9191,-99
5234542316,340.6129,405.0868,-99
5234575649,341.0552,404.0952,-99
5234608982,340.542,403.2252,-99
5234642315,340.2863,402.7419,-99
5234675648,339.8784,404.1042,-99
5234708981,340.5872,403.6904,-99
5234742314,342.4021,403.6893,-99
5234775647,341.4379,403.4763,-99
5234808980,341.1418,404.0329,-99
5234842313,340.7442,404.1534,-99
5234875646,339.149,404.0025,-99
5234908979,339.8569,402.6469,-99
5234942312,339.2567,401.9178,-99
5234977943,337.5167,402.8445,-99
5235011276,335.908,403.218,-99
5235044609,337.8799,403.8232,-99
5235077942,336.6293,404.5698,-99
5235111275,336.4699,404.7037,-99
5235144608,336.3969,405.1645,-99
5235177941,336.7046,406.2841,-99
5235211274,335.3612,407.921,-99
5235244607,333.2431,415.3138,-99
5235277940,333.8434,419.1374,-99
5235311273,336.0579,421.6585,-99
5235344606,338.4243,422.4986,-99
5235377939,341.6056,426.1056,-99
5235411272,345.1445,430.8438,-99
5235444605,346.1595,432.1694,-99
5235477938,350.1155,433.8845,-99
5235511271,354.2445,435.5475,-99
5235544604,361.9023,438.9764,-99
5235577937,369.2323,440.2592,-99
5235611270,374.2334,440.9814,-99
5235644603,378.9194,440.7056,-99
5235677936,381.9428,441.6294,-99
5235711269,384.3283,440.01,-99
5235744602,384.3384,438.6183,-99
5235777935,383.3857,438.9238,-99
5235811268,381.4234,438.8564,-99
5235844601,379.6675,438.7614,-99
5235877934,377.7143,438.6619,-99
5235911267,375.2924,438.6511,-99
5235944600,372.5942,438.1702,-99
5235977933,370.7139,437.9691,-99
5236011266,368.3318,439.3529,-99
5236044599,365.98,437.0625,-99
5236077932,365.0139,438.371,-99
5236111265,362.8559,437.0911,-99
5236144598,359.3827,434.1121,-99
5236177931,358.1807,432.0509,-99
5236211264,355.5267,429.7169,-99
5236244597,353.0839,429.521,-99
5236277930,352.0723,427.9091,-99
5236311263,351.7568,427.4068,-99
5236344596,351.8201,426.0021,-99
5236377929,352.4475,425.9842,-99
5236411262,352.8347,426.2469,-99
5236444595,353.0968,425.5081,-99
5236477928,353.5286,424.2467,-99
5236511261,353.4885,424.0826,-99
5236544594,352.3437,423.4431,-99
5236577927,351.9424,423.5778,-99
5236611260,351.1629,423.4644,-99
5236644593,350.7803,423.8808,-99
5236677926,350.7029,422.6757,-99
5236711259,350.6891,423.9307,-99
5236744592,350.5442,422.7048,-99
5236777925,350.7629,423.1196,-99
5236811258,351.3375,422.6667,-99
5236844591,351.8788,421.2098,-99
5236877924,350.9712,421.5277,-99
5236911257,348.5591,420.1403,-99
5236944590,343.9002,419.358,-99
5236977923,340.0938,416.8767,-99
5237011256,336.4517,414.2362,-99
5237044589,332.1566,412.031,-99
5237077922,329.0706,410.1794,-99
5237111255,324.7481,409.536,-99
5237144588,323.6618,408.4559,-99
5237177921,322.3614,406.2734,-99
5237211254,320.9616,406.2081,-99
5237244587,319.4402,406.4726,-99
5237277920,317.7477,405.3896,-99
5237311253,316.6736,404.4383,-99
5237344586,317.1896,403.6875,-99
5237377919,315.6301,402.8219,-99
5237411252,314.1341,401.2306,-99
5237444585,312.9289,400.0333,-99
5237477918,312.3946,399.9058,-99
5237511251,311.6147,401.0551,-99
5237544584,309.245,402.118,-99
5237577917,307.6773,404.0204,-99
5237611250,305.4881,405.4449,-99
5237644583,303.4365,407.0757,-99
5237677916,301.4944,408.5463,-99
5237711249,299.1096,409.3539,-99
5237744582,296.2439,409.8093,-99
5237777915,293.9313,410.4645,-99
5237811248,292.2751,409.5973,-99
5237844581,290.2523,409.6735,-99
5237877914,287.6231,410.2892,-99
5237911247,286.7951,410.4861,-99
5237944580,285.4101,410.7853,-99
5237977913,284.2569,411.1479,-99
5238011246,283.7352,410.678,-99
5238044579,283.2308,409.1084,-99
5238077912,281.0865,407.9083,-99
5238111245,278.3819,406.5293,-99
5238144578,279.0687,404.6951,-99
5238177911,277.9122,403.241,-99
5238211244,277.3682,401.2209,-99
5238244577,278.5186,399.3625,-99
5238277910,276.8281,397.9004,-99
5238316822,277.5667,398.2511,-99
5238350155,277.1395,396.3906,-99
5238383488,276.8199,395.5758,-99
5238416821,277.0256,393.1693,-99
5238450154,277.3667,392.4008,-99
5238483487,277.0976,392.0564,-99
5238516820,276.0727,391.8803,-99
5238550153,275.7904,391.738,-99
5238583486,276.5367,390.9427,-99
5238616819,275.7586,390.3058,-99
5238650152,275.2287,389.7494,-99
5238683485,274.5012,389.0699,-99
5238716818,272.6045,389.5236,-99
5238750151,270.8386,391.1614,-99
5238783484,270.2381,393.2336,-99
5238816817,268.772,395.6501,-99
5238850150,266.9329,398.0403,-99
5238883483,264.9372,398.8808,-99
5238916816,261.5746,398.2292,-99
5238950149,260.033,397.6898,-99
5238983482,259.3086,397.0517,-99
5239016815,257.8393,395.6786,-99
5239050148,256.0782,393.3195,-99
5239083481,254.8648,391.9555,-99
5239116814,254.1709,390.3769,-99
5239150147,254.225,389.1494,-99
5239183480,252.3955,388.4784,-99
5239216813,250.4608,388.3351,-99
5239250146,249.0936,387.9362,-99
5239283479,247.5093,386.2435,-99
5239316812,245.5936,384.5398,-99
5239350145,245.0271,384.0136,-99
5239383478,244.216,380.4388,-99
5239416811,241.1963,379.0537,-99
5239450144,239.7174,376.2261,-99
5239483477,238.8763,375.2639,-99
5239516810,238.1594,374.9362,-99
5239550143,238.7308,375.8125,-99
5239583476,237.1141,376.8058,-99
5239616809,235.7421,376.8151,-99
5239650142,234.2062,376.6517,-99
5239683475,232.6288,375.7707,-99
5239716808,231.6223,374.9073,-99
5239750141,229.8318,374.2591,-99
5239783474,227.4062,372.6722,-99
5239816807,226.936,371.4852,-99
5239850140,226.0373,370.9138,-99
5239883473,224.2925,369.9615,-99
5239916806,222.9534,368.1462,-99
5239950139,221.3501,366.0037,-99
5239985769,218.7545,365.0394,-99
5240019102,217.701,363.3883,-99
5240052435,217.5034,364.1814,-99
5240085768,216.7564,363.0258,-99
5240119101,214.9297,361.0164,-99
5240152434,214.9197,359.2968,-99
5240185767,213.818,357.7843,-99
5240219100,212.2506,356.4919,-99
5240252433,211.0097,356.3551,-99
5240285766,210.1881,356.1015,-99
5240319099,208.9975,355.1353,-99
5240352432,207.5,353.9953,-99
5240385765,205.898,350.8115,-99
5240419098,204.5827,350.1319,-99
5240452431,204.6405,348.0152,-99
5240485764,205.8232,347.4327,-99
5240519097,205.4773,346.7197,-99
5240552430,204.7394,344.3517,-99
5240585763,203.7692,345.3385,-99
5240619096,203.7592,345.436,-99
5240652429,202.9978,346.3677,-99
5240685762,202.7987,345.779,-99
5240719095,201.7579,343.7004,-99
5240752428,201.9567,341.7744,-99
5240785761,201.3146,340.009,-99
5240819094,201.7899,336.4442,-99
5240852427,201.1978,337.6154,-99
5240885760,200.4826,335.2359,-99
5240919093,199.6633,334.6888,-99
5240952426,199.3161,332.9046,-99
5240985759,197.6585,331.9727,-99
5241019092,196.4585,331.4692,-99
5241052425,196.39,330.8586,-99
5241085758,195.9518,329.5132,-99
5241119091,194.9947,328.069,-99
5241152424,193.3463,325.7468,-99
5241185757,192.6064,323.0505,-99
5241219090,191.4229,321,-99
5241252423,189.7444,318.4261,-99
5241285756,189.3573,315.8837,-99
5241319089,186.8368,313.8789,-99
5241352422,186.541,310.6077,-99
5241385755,184.3008,309.5854,-99
5241419088,183.7784,306.6443,-99
5241452421,181.6894,303.5096,-99
5241485754,182.1769,302.5461,-99
5241519087,181.5309,298.6074,-99
5241552420,180.7305,294.9164,-99
5241585753,180.7847,291.0927,-99
5241619086,180.2733,288.3372,-99
5241652419,180.4211,285.845,-99
5241685752,180.1578,282.8253,-99
5241719085,178.0425,278.813,-99
5241752418,179.0285,277.6125,-99
5241785751,177.4789,275.1099,-99
5241819084,177.2054,274.8459,-99
5241852417,177.1143,272.38,-99
5241885750,175.2899,270.6462,-99
5241919083,173.7034,266.6412,-99
5241952416,172.9377,265.7506,-99
5241985749,172.6031,264.6514,-99
5242019082,171.6075,262.914,-99
5242052415,171.621,263.3226,-99
5242085748,170.2408,259.5269,-99
5242119081,170.73,257.8725,-99
5242152414,171.4903,254.2108,-99
5242185747,171.7398,251.6809,-99
5242219080,172.7991,249.3105,-99
5242252413,173.6818,246.2438,-99
5242285746,175.0972,244.2558,-99
5242319079,174.5699,243.2247,-99
5242352412,173.9651,240.6657,-99
5242385745,175.3368,237.7154,-99
5242419078,175.3609,235.1074,-99
5242452411,176.7493,233.7929,-99
5242485744,178.9973,233.4373,-99
5242519077,180.4069,233.2101,-99
5242552410,180.523,230.1897,-99
5242585743,182.1244,229.2861,-99
5242619076,182.2,227.1789,-99
5242652409,182.9942,225.1236,-99
5242685742,184.0778,221.1167,-99
5242719075,184.9108,219.8048,-99
5242752408,184.521,216.3235,-99
5242785741,184.4674,216.5326,-99
5242819074,183.3178,214.8055,-99
5242852407,182.2408,213.4929,-99
5242885740,183.5842,212.7302,-99
5242919073,184.4889,208.5155,-99
5242952406,185.1512,207.8661,-99
5242985739,187.8071,207.0083,-99
5243019072,188.4814,204.5826,-99
5243052405,190.1413,204.2287,-99
5243085738,189.772,200.8126,-99
5243119071,191.0472,200.4861,-99
5243152404,192.2401,196.5989,-99
5243185737,193.8248,195.4112,-99
5243219070,194.3985,192.3366,-99
5243252403,194.9388,190.891,-99
5243285736,195.1734,189.3686,-99
5243312366,195.5401,188.3529,-99
5243345699,195.2699,185.6838,-99
5243379032,195.791,185.2149,-99
5243412365,196.0712,184.3383,-99
5243445698,196.9552,184.6723,-99
5243479031,198.0077,183.9515,-99
5243512364,199.4878,183.6829,-99
5243545697,199.0463,183.7707,-99
5243579030,199.084,182.9618,-99
5243612363,198.8404,183.4813,-99
5243645696,199.6556,183.5587,-99
5243679029,201.5133,183.6223,-99
5243712362,203.2269,183.6162,-99
5243745695,205.5959,182.89,-99
5243779028,207.7308,182.8333,-99
5243812361,208.4261,183.1059,-99
5243845694,207.9923,182.9975,-99
5243879027,207.5683,182.1439,-99
5243912360,206.8329,181.357,-99
5243945693,206.1825,181.3698,-99
5243979026,206.1667,180.3019,-99
5244012359,205.0635,178.6212,-99
5244045692,204.6753,177.9082,-99
5244079025,205.5412,177.2868,-99
5244112358,206.0407,177.6336,-99
5244145691,206.3275,176.398,-99
5244179024,206.9017,174.3597,-99
5244212357,207.8965,173.6894,-99
5244245690,207.8238,172.658,-99
5244279023,208.1772,170.0676,-99
5244312356,209.3799,169.2647,-99
5244345689,209.4039,166.3942,-99
5244379022,209.9597,165.455,-99
5244412355,210.8939,165.6237,-99
5244445688,211.4151,164.5091,-99
5244479021,211.2133,162.4293,-99
5244512354,212.7644,162.4346,-99
5244545687,212.8707,158.7214,-99
5244579020,213.9045,157.9719,-99
5244612353,216.0708,157.7684,-99
5244645686,217.8642,157.3055,-99
5244679019,219.7553,157.3605,-99
5244712352,221.5383,157.5816,-99
5244745685,223.5444,157.4053,-99
5244779018,226.6208,156.6563,-99
5244812351,227.3477,154.5914,-99
5244845684,229.2069,154.1353,-99
5244879017,232.0121,152.432,-99
5244912350,235.9849,152.2362,-99
5244945683,239.3902,151.2902,-99
5244979703,241.6674,151.2193,-99
5245013036,244.1686,150.6417,-99
5245046369,245.0529,150.4987,-99
5245079702,244.5417,149.7109,-99
5245113035,243.7519,149.4186,-99
5245146368,243.5652,148.243,-99
5245179701,243.8741,145.8489,-99
5245213034,244.7354,145,-99
5245246367,246.0496,145.6121,-99
5245279700,247.1102,144.8013,-99
5245313033,248.2601,141.9936,-99
5245346366,248.8692,142.0781,-99
5245379699,250.1526,140.1115,-99
5245413032,251.7205,137.5281,-99
5245446365,252.574,137.0181,-99
5245479698,253.609,136.2991,-99
5245513031,255.7585,135.8377,-99
5245546364,257.7622,136.252,-99
5245579697,259.9757,135.4555,-99
5245613030,263.0695,135.2758,-99
5245646363,266.4762,133.9744,-99
5245679696,267.6452,132.4421,-99
5245713029,268.5753,132.4863,-99
5245746362,270.3724,130.9833,-99
5245779695,270.8132,129.0396,-99
5245813028,273.6357,128.3423,-99
5245846361,276.0569,127.9886,-99
5245879694,277.4907,127.8581,-99
5245913027,281.4756,127.6964,-99
5245946360,283.815,126.4411,-99
5245979693,286.7671,125.3796,-99
5246013026,289.681,124.7004,-99
5246046359,292.9123,123.2443,-99
5246079692,294.6118,122.2939,-99
5246113025,297.6284,121.9804,-99
5246146358,301.1214,122.4333,-99
5246179691,304.4479,123.3753,-99
5246213024,306.5975,124.1367,-99
5246246357,309.33,123.9061,-99
5246279690,310.4307,123.6906,-99
5246313023,311.5427,123.51,-99
5246346356,312.3445,122.599,-99
5246379689,312.6786,121.699,-99
5246413022,314.3781,120.2122,-99
5246446355,316.6653,120.5293,-99
5246479688,317.8967,121.188,-99
5246513021,319.5055,121.6715,-99
5246546354,321.358,122.0637,-99
5246579687,322.692,122.0087,-99
5246613020,323.6359,121.4011,-99
5246647994,324.5038,120.53,-99
5246681327,327.1005,120.4885,-99
5246714660,329.5524,119.5595,-99
5246747993,331.8769,119.5154,-99
5246781326,336.3866,119.7692,-99
5246814659,340.2857,120.4102,-99
5246847992,343.1401,118.9952,-99
5246881325,347.3936,119.6955,-99
5246914658,351.0239,119.3565,-99
5246947991,353.7814,119.3465,-99
5246981324,356.3532,118.9353,-99
5247014657,356.4014,118.7865,-99
5247047990,355.5538,117.6522,-99
5247081323,355.0454,117.1688,-99
5247114656,353.0651,117.3774,-99
5247147989,353.2614,117.9809,-99
5247181322,352.1388,119.3416,-99
5247214655,353.2972,121.5703,-99
5247247988,352.3977,122.9903,-99
5247281321,352.1264,123.8704,-99
5247314654,352.6231,124.8231,-99
5247347987,353.4481,125.5812,-99
5247381320,353.5491,125.6649,-99
5247414653,353.1923,125.8498,-99
5247447986,353.1879,126.1628,-99
5247481319,353.3847,126.1415,-99
5247514652,353.2549,126.4309,-99
5247547985,352.343,127.4778,-99
5247581318,351.9711,128.1433,-99
5247614651,351.6066,128.5604,-99
5247647984,350.4424,128.3723,-99
5247681317,349.1523,128.0615,-99
5247714650,349.9086,126.7924,-99
5247747983,350.4939,126.7614,-99
5247781316,351.945,125.9725,-99
5247814649,352.9825,125.1462,-99
5247847982,353.9465,124.4277,-99
5247881315,353.778,123.8278,-99
5247914648,353.5463,124.025,-99
5247947981,352.6822,124.3426,-99
5247981314,352.3887,124.3308,-99
5248014647,351.0522,124.4814,-99
5248047980,350.5367,125.8321,-99
5248081313,349.3729,125.9102,-99
5248114646,349.4669,127.4801,-99
5248147979,348.9955,127.5189,-99
5248181312,349.6458,127.4305,-99
5248214645,350.7761,127.885,-99
5248247978,350.2368,127.0452,-99
5248281311,350.3874,126.337,-99
5248326662,350.4398,125.41,-99
5248359995,349.2245,124.8949,-99
5248393328,348.0552,125.1779,-99
5248426661,347.1912,125.6813,-99
5248459994,347.1109,126.1004,-99
5248493327,347.5779,126.643,-99
5248526660,348.9629,126.6202,-99
5248559993,350.2744,126.3722,-99
5248593326,351.6307,126.6993,-99
5248626659,353.1179,126.5028,-99
5248659992,353.7726,127.5568,-99
5248693325,354.4467,127.6765,-99
5248726658,354.1248,128.4115,-99
5248759991,353.2043,128.6057,-99
5248793324,352.7179,129.5393,-99
5248826657,352.6935,128.6746,-99
5248859990,352.1171,128.8906,-99
5248893323,352.5329,129.0314,-99
5248926656,352.6952,128.0362,-99
5248959989,354.2517,128.0733,-99
5248993322,355.9472,127.3101,-99
5249026655,358.1839,126.8125,-99
5249059988,359.6068,126.6228,-99
5249093321,361.9,127.2545,-99
5249126654,364.8907,128.4784,-99
5249159987,366.6377,128.7543,-99
5249193320,366.9692,127.9758,-99
5249226653,366.211,126.0072,-99
5249259986,365.7581,122.9884,-99
5249293319,365.0966,119.0207,-99
5249326652,365.4597,115.1031,-99
5249359985,365.8131,112.1472,-99
5249393318,366.1379,108.9425,-99
5249426651,367.167,107.4487,-99
5249459984,366.7316,105.3327,-99
5249493317,365.1802,104.3604,-99
5249526650,362.3401,103.4498,-99
5249559983,359.3875,103.7808,-99
5249593316,357.6729,104.3959,-99
5249626649,359.3959,104.0614,-99
5249659982,357.1311,105.3184,-99
5249693315,359.116,105.1916,-99
5249726648,360.4298,105.3503,-99
5249759981,361.498,104.8602,-99
5249793314,363.131,104.7842,-99
5249826647,365.8761,105.86,-99
5249859980,364.9774,105.851,-99
5249893313,365.6158,106.8819,-99
5249926646,365.4717,108.7152,-99
5249959979,364.032,110.5721,-99
5249993312,364.7914,111.1735,-99
5250026645,363.385,111.9776,-99
5250059978,362.4991,112.8522,-99
5250093311,361.8435,113.0363,-99
5250126644,360.1725,113.1101,-99
5250159977,360.1026,112.778,-99
5250193310,359.3346,112.6912,-99
5250226643,358.5653,112.0037,-99
5250259976,359.2128,112.2518,-99
5250293309,359.6857,112.8889,-99
5250326642,360.197,112.5559,-99
5250359975,359.59,113.1332,-99
5250393308,359.5336,113.5933,-99
5250426641,362.0468,113.4314,-99
5250459974,363.7753,112.9873,-99
5250493307,363.23,112.1958,-99
5250526640,363.3766,112.9514,-99
5250559973,363.1402,114.1944,-99
5250593306,362.1369,114.289,-99
5250626639,362.1211,115.239,-99
5250659972,360.7378,116.3648,-99
5250693305,359.6132,117.6642,-99
5250726638,358.1595,118.4635,-99
5250759971,356.7192,119.1456,-99
5250793304,356.4663,119.109,-99
5250826637,356.1286,119.9138,-99
5250859970,356.5317,119.402,-99
5250893303,357.6946,118.6737,-99
5250926636,358.0168,117.1246,-99
5250959969,360.0287,117.6194,-99
5250993302,361.7191,117.7327,-99
5251026635,363.9077,117.5453,-99
5251059968,366.6223,117.9836,-99
5251093301,368.3465,118.1813,-99
5251126634,370.1837,118.424,-99
5251159967,371.7826,119.0453,-99
5251193300,372.8534,119.341,-99
5251226633,371.8596,117.9619,-99
5251259966,370.4224,117.1832,-99
5251293299,368.4973,116.544,-99
5251326632,366.3315,116.0518,-99
5251359965,364.9023,115.977,-99
5251393298,362.8115,115.8712,-99
5251426631,361.139,116.3977,-99
5251459964,360.8098,117.1396,-99
5251493297,360.3542,117.2596,-99
5251526630,355.7072,117.4981,-99
5251559963,355.8397,117.601,-99
5251593296,354.464,116.9008,-99
5251626629,352.9381,117.5385,-99
5251662291,353.3513,116.167,-99
5251695624,353.2924,116.7993,-99
5251728957,353.2163,116.4775,-99
5251762290,354.5119,116.682,-99
5251795623,354.4373,117.0891,-99
5251828956,353.2663,118.6935,-99
5251862289,350.4496,119.9956,-99
5251895622,348.9002,120.6825,-99
5251928955,350.9077,122.7834,-99
5251962288,350.2712,123.411,-99
5251995621,349.4229,124.286,-99
5252028954,347.9933,126.0216,-99
5252062287,347.4615,126.8383,-99
5252095620,348.1161,128.4134,-99
5252128953,348.3886,128.813,-99
5252162286,347.272,128.12,-99
5252195619,348.3819,131.6181,-99
5252228952,350.1018,133.6482,-99
5252262285,351.7787,135.5261,-99
5252295618,352.5451,136.7256,-99
5252328951,353.046,137.9228,-99
5252362284,353.2964,138.2906,-99
5252395617,353.915,138.087,-99
5252428950,352.873,137.9718,-99
5252462283,353.0343,137.6381,-99
5252495616,352.6423,137.2589,-99
5252528949,352.8145,135.1348,-99
5252562282,351.9709,135.0078,-99
5252595615,351.3839,133.638,-99
5252628948,350.2684,130.8915,-99
5252662281,350.184,129.5707,-99
5252695614,349.3971,128.8357,-99
5252728947,348.8495,126.2937,-99
5252762280,348.7938,125.4662,-99
5252795613,350.1224,123.2793,-99
5252828946,349.8271,121.3632,-99
5252862279,348.1307,121.7895,-99
5252895612,350.7947,120.745,-99
5252928945,352.311,120.6252,-99
5252962278,353.5056,120.6112,-99
5252995611,354.7796,120.7909,-99
5253028944,355.0976,121.4469,-99
5253062277,355.287,122.3102,-99
5253095610,356.3754,123.5324,-99
5253128943,356.4047,124.6261,-99
5253162276,355.9526,125.5789,-99
5253195609,354.0581,126.2806,-99
5253228942,354.4081,128.4391,-99
5253262275,353.8015,129.1966,-99
5253295608,352.7029,129.2301,-99
5253328941,354.3886,130.1048,-99
5253362274,353.886,131.3536,-99
5253395607,354.3326,132.2286,-99
5253428940,354.3932,132.9958,-99
5253462273,354.8651,133.2937,-99
5253495606,354.9434,133.8679,-99
5253528939,353.8527,133.9273,-99
5253562272,354.6263,133.465,-99
5253595605,353.6776,133.8891,-99
5253628938,352.6186,133.3024,-99
5253662271,352.1491,132.956,-99
5253695604,352.6547,133.7189,-99
5253728937,352.4018,134.2746,-99
5253762270,351.9125,133.47,-99
5253795603,350.0432,133.282,-99
5253828936,349.8023,134.2833,-99
5253862269,350.2426,135.0607,-99
5253895602,351.1855,135.9134,-99
5253928935,350.9869,136.7944,-99
5253962268,350.9862,138.0905,-99
5253995601,352.2205,139.1122,-99
5254028934,352.6985,140.4982,-99
5254062267,353.5861,142.5957,-99
5254095600,353.9943,144.4648,-99
5254128933,354.8563,146.5369,-99
5254162266,354.666,147.9197,-99
5254195599,354.1967,148.6829,-99
5254228932,353.2061,149.1145,-99
5254262265,353.887,148.6241,-99
5254295598,353.3472,146.78,-99
5254328931,352.4589,146.6087,-99
5254362264,353.0195,146.2774,-99
5254395597,353.658,145.4074,-99
5254428930,353.8467,144.9978,-99
5254462263,353.3101,146.1114,-99
5254495596,353.2265,147.0771,-99
5254528929,353.1857,148.4966,-99
5254562262,352.6349,150.4837,-99
5254595595,351.8163,151.4535,-99
5254628928,351.0566,153.0991,-99
5254662261,349.5631,156.2573,-99
5254695594,348.8724,155.2939,-99
5254728927,347.2475,155.9596,-99
5254762260,345.8636,155.5994,-99
5254795593,345.076,155.2135,-99
5254828926,346.0742,156.1856,-99
5254862259,345.3488,157.0488,-99
5254895592,344.6716,156.9136,-99
5254928925,344.1199,156.9502,-99
5254962258,343.5182,158.2077,-99
5254995357,343.3907,159.1032,-99
5255028690,342.7067,159.8065,-99
5255062023,342.4478,161.229,-99
5255095356,342.1678,160.8845,-99
5255128689,341.7204,161.8591,-99
5255162022,342.2257,162.1195,-99
5255195355,342.1781,162.4566,-99
5255228688,342.5398,163.0376,-99
5255262021,343.7346,161.8673,-99
5255295354,344.6138,161.9309,-99
5255328687,345.0695,161.1391,-99
5255362020,344.9706,160.9455,-99
5255395353,345.0524,160.8018,-99
5255428686,345.1891,159.9645,-99
5255462019,345.1422,159.9837,-99
5255495352,344.8246,160.6493,-99
5255528685,343.3928,159.8217,-99
5255562018,342.9683,160.4697,-99
5255595351,342.8245,160.2979,-99
5255628684,342.7653,160.6827,-99
5255662017,342.2038,161.4906,-99
5255695350,341.5355,163.2437,-99
5255728683,340.3995,164.4343,-99
5255762016,339.8035,164.9824,-99
5255795349,338.0569,166.5074,-99
5255828682,337.385,167.9276,-99
5255862015,335.1466,168.6335,-99
5255895348,333.2406,169.5401,-99
5255928681,332.6807,170.6359,-99
5255962014,332.3522,170.7995,-99
5255995347,331.1919,171.6432,-99
5256028680,330.6088,172.4689,-99
5256062013,329.7652,172.663,-99
5256095346,329.3362,173.453,-99
5256128679,328.9237,173.2542,-99
5256162012,329.0392,173.9817,-99
5256195345,328.6478,174.6281,-99
5256228678,328.4556,174.5276,-99
5256262011,328.5025,174.6108,-99
5256295344,328.6836,173.9831,-99
5256328677,329.0584,174.4543,-99
5256362010,330.5816,174.0025,-99
5256395343,330.6782,173.9548,-99
5256428676,330.7716,172.9527,-99
5256462009,332.9019,171.8392,-99
5256495342,332.5037,171.455,-99
5256528675,333.7076,170.9008,-99
5256562008,333.1114,170.7772,-99
5256595341,334.3079,170.6237,-99
5256628674,334.2072,169.8578,-99
5256662007,333.4612,169.6918,-99
5256695340,333.5812,170.1574,-99
5256728673,333.1989,170.485,-99
5256762006,335.5732,168.8897,-99
5256795339,335.9503,166.2189,-99
5256828672,338.1714,160.7472,-99
5256862005,341.1364,157.9722,-99
5256895338,345.5147,154.8277,-99
5256928671,349.5263,151.2471,-99
5256962004,353.5238,147.8141,-99
5256995337,356.8728,143.761,-99
5257028670,360.5359,139.6566,-99
5257062003,362.6749,135.7488,-99
5257095336,364.9749,131.1412,-99
5257128669,365.5195,127.0171,-99
5257162002,365.9195,122.2052,-99
5257195335,366.4192,118.6487,-99
5257228668,367.028,116.1287,-99
5257262001,366.1089,114.0289,-99
5257295334,365.8512,112.342,-99
5257328667,366.1716,112.3753,-99
5257362000,366.304,112.6813,-99
5257395333,366.8401,113.7418,-99
5257428666,367.2355,115.4884,-99
5257461999,367.6706,116.6369,-99
5257495332,369.9711,118.4033,-99
5257528665,371.586,120.4276,-99
5257561998,372.7641,122.4525,-99
5257595331,375.3746,124.0584,-99
5257628664,377.5033,125.8841,-99
5257661997,377.3429,126.7695,-99
5257695330,378.4457,126.8568,-99
5257728663,380.8564,128.6625,-99
5257761996,382.3971,129.9804,-99
5257795329,383.6405,129.646,-99
5257828662,383.1148,129.1124,-99
5257861995,382.2673,128.4101,-99
5257895328,380.5011,128.1987,-99
5257928661,378.4246,127.884,-99
5257961994,377.25,128.4623,-99
5257995327,378.095,128.6865,-99
5258028660,378.5035,130.1778,-99
5258061993,379.3367,131.8155,-99
5258095326,381.4071,132.8612,-99
5258128659,382.2488,133.2674,-99
5258161992,382.5448,133.2072,-99
5258195325,385.1498,130.9355,-99
5258228658,386.3504,129.0268,-99
5258261991,387.7229,125.5952,-99
5258295324,388.4925,122.2108,-99
5258327735,389.3992,120.1303,-99
5258361068,389.441,117.8819,-99
5258394401,390.9293,115.0778,-99
5258427734,391.9007,113.4867,-99
5258461067,392.711,111.7391,-99
5258494400,392.2332,111.1609,-99
5258527733,392.6309,109.8429,-99
5258561066,392.4548,108.4095,-99
5258594399,391.865,105.865,-99
5258627732,390.8212,104.0753,-99
5258661065,389.7445,100.8575,-99
5258694398,388.6782,97.13119,-99
5258727731,387.1626,93.19175,-99
5258761064,385.6643,90.71528,-99
5258794397,384.1557,88.31694,-99
5258827730,383.5514,85.47619,-99
5258861063,382.4378,84.7513,-99
5258894396,381.311,84.29491,-99
5258927729,379.7734,81.37677,-99
5258961062,380.0057,80.23362,-99
5258994395,379.1721,79.23656,-99
5259027728,377.3612,77.50951,-99
5259061061,376.0336,75.35571,-99
5259094394,375.805,75.68553,-99
5259127727,375.7714,75.56,-99
5259161060,376.8957,74.35545,-99
5259194393,376.7074,74.22271,-99
5259227726,376.5776,73.79742,-99
5259261059,376.8886,75.00455,-99
5259294392,377.1483,75.62697,-99
5259327725,377.9874,76.5221,-99
5259361058,377.2993,77.49881,-99
5259394391,377.4781,78.62211,-99
5259427724,379.1911,79.98015,-99
5259461057,380.7679,82.96049,-99
5259494390,382.0045,84,-99
5259527723,382.5047,86.41509,-99
5259561056,382.7857,87.48572,-99
5259594389,382.5323,88.72581,-99
5259627722,382.0321,88.69877,-99
5259661055,381.7802,87.90308,-99
5259694388,381.0649,87.40492,-99
5259727721,380.6653,87.29288,-99
5259761054,381.2108,85.87668,-99
5259794387,381.5188,85.10564,-99
5259827720,381.3403,84.40327,-99
5259861053,381.6368,84.4602,-99
5259894386,381.1491,84.78149,-99
5259927719,381.3936,83.62234,-99
5259961052,381.0103,80.73385,-99
5259996714,381.0282,80.01282,-99
5260030047,381.8161,79.84138,-99
5260063380,381.9213,78.31915,-99
5260096713,382.32,77.63556,-99
5260130046,382.0711,77.69495,-99
5260163379,381.9977,78.26402,-99
5260196712,382.2741,80.04439,-99
5260230045,382.8096,82.28426,-99
5260263378,382.7696,86.27487,-99
5260296711,382.8632,90.16915,-99
5260330044,383.0075,93.45,-99
5260363377,380.3152,93.55434,-99
5260396710,384.3232,100.6086,-99
5260430043,385.5038,103.6005,-99
5260463376,389.0641,109.6679,-99
5260496709,391.6701,118.4381,-99
5260530042,391.1068,121.432,-99
5260563375,385.9409,119.9004,-99
5260596708,381.5895,117.7654,-99
5260630041,380.3039,120.4382,-99
5260663374,385.1705,124.3979,-99
5260696707,386.3607,127.1082,-99
5260730040,386.7216,130.6519,-99
5260763373,385.3931,132.9654,-99
5260796706,384.4314,136.6342,-99
5260830039,383.0885,138.4956,-99
5260863372,382.6841,139.8979,-99
5260896705,383.5848,140.5342,-99
5260930038,385.1871,143.7979,-99
5260963371,387.3539,145.565,-99
5260996704,390.2234,144.2817,-99
5261030037,392.3367,144.2688,-99
5261063370,395.1138,145.5379,-99
5261096703,397.2972,144.9317,-99
5261130036,398.5616,145.5115,-99
5261163369,399.6066,145.1548,-99
5261196702,402.3678,143.5103,-99
5261230035,405.2654,142.3772,-99
5261263368,407.4309,140.9954,-99
5261296701,409.5949,139.7249,-99
5261330034,409.7877,135.3464,-99
5261363367,412.4543,134.313,-99
5261396700,415.8852,136.8062,-99
5261430033,419.0409,138.9145,-99
5261463366,421.4723,141.4387,-99
5261496699,423.9134,145.1808,-99
5261530032,426.1541,149.1259,-99
5261563365,428.0428,153,-99
5261596698,427.1552,155.6268,-99
5261630031,426.6274,156.7242,-99
5261668912,426.5124,157.6111,-99
5261702245,424.0514,156.8972,-99
5261735578,422.2706,158.4456,-99
5261768911,424.7117,158.75,-99
5261802244,426.9809,160.4224,-99
5261835577,428.874,161.4021,-99
5261868910,433.9745,161.7468,-99
5261902243,434.6481,161.2306,-99
5261935576,432.4255,158.734,-99
5261968909,433.0584,157.5325,-99
5262002242,431.6848,156.7938,-99
5262035575,435.5692,156.0338,-99
5262068908,436.9253,157.8419,-99
5262102241,439.6609,158.7253,-99
5262135574,437.8942,161.1154,-99
5262168907,437.3004,163.9487,-99
5262202240,437.4172,164.8121,-99
5262235573,441.0772,167.4912,-99
5262268906,441.6711,169.6184,-99
5262302239,442.3312,168.7533,-99
5262335572,444.9138,167.8876,-99
5262368905,444.0112,163.794,-99
5262402238,444.0714,164.7905,-99
5262435571,440.7931,164.6345,-99
5262468904,444.0628,163.555,-99
5262502237,447.5418,172.004,-99
5262535570,448.6916,177.7974,-99
5262568903,449.9189,179.1712,-99
5262602236,449.9685,181.6351,-99
5262635569,449.0909,185.8182,-99
5262668902,451.6043,184.3022,-99
5262702235,452.9466,180.6832,-99
5262735568,454.1132,180.1824,-99
5262768901,454.8877,180.6268,-99
5262802234,454.6355,182.3054,-99
5262835567,456.6071,183.6992,-99
5262868900,458.1642,183.9781,-99
5262902233,457.4758,183.4718,-99
5262935566,455.4294,183.3913,-99
5262968899,453.4,190.88,-99
5263002232,455.4,191.3667,-99
5263035565,452.47,184.2212,-99
5263068898,449.5159,182.7516,-99
5263102231,449.5669,181.8599,-99
5263135564,452.8282,181.7401,-99
5263168897,455.6715,178.8019,-99
5263202230,457.5844,175.0476,-99
5263235563,453.6447,174.1711,-99
5263268896,454.8531,169.3986,-99
5263302229,453.5807,171.1828,-99
5263337859,461.5,192,-99
5263371192,461.4625,184.75,-99
5263404525,460.9278,180.6555,-99
5263437858,459.8308,181.5174,-99
5263471191,461.9839,192.8629,-99
5263504524,459.3632,187.5473,-99
5263537857,458.1882,193.0059,-99
5263571190,459.1649,190.7544,-99
5263604523,457.1433,189.8665,-99
5263637856,456.6306,188.2965,-99
5263671189,456.7407,186.4571,-99
5263704522,457.2413,185.3781,-99
5263737855,457.4737,184.0443,-99
5263771188,457.8312,183.6935,-99
5263804521,457.8368,183.9041,-99
5263837854,458.1119,185.2785,-99
5263871187,458.0769,182.9003,-99
5263904520,458.9762,185.136,-99
5263937853,458.7826,185.6798,-99
5263971186,458.3607,186.4098,-99
5264004519,458.6347,187.4018,-99
5264037852,456.5461,187.0462,-99
5264071185,457.2677,187.2119,-99
5264104518,457.9855,186.2609,-99
5264137851,462.0135,185.1614,-99
5264171184,452.4946,188.2473,-99
5264204517,451.7887,186.1831,-99
5264237850,458.0792,173.9307,-99
5264271183,460.0917,177.0092,-99
5264304516,459.9491,176.491,-99
5264337849,459.7124,174.3199,-99
5264371182,455.0189,172.7634,-99
5264404515,455.1958,167.7958,-99
5264437848,456.4131,168.75,-99
5264471181,455.8863,169.6667,-99
5264504514,457.573,170.1892,-99
5264537847,453.3617,168.7872,-99
5264571180,461.048,181.744,-99
5264604513,460.8274,183.8371,-99
5264637846,459.8849,187.4273,-99
5264671179,460.7308,188.1897,-99
5264704512,459.809,187.7901,-99
5264737845,460.5481,186.4286,-99
5264771178,460.5307,184.7199,-99
5264804511,462.1958,183.8546,-99
5264837844,464.2882,181.6706,-99
5264871177,465.7895,181.1429,-99
5264904510,460.6056,182.6408,-99
5264937843,460.5433,181.4252,-99
5264971176,459.2,179,-99
5265011010,461,165.75,-99
5265044343,459.3,170.72,-99
5265077676,458.8556,176.2333,-99
5265111009,459.2737,172.7053,-99
5265144342,458.7054,169.9767,-99
5265177675,457.8957,171.4,-99
5265211008,458.3,170.825,-99
5265244341,458.9661,169.8475,-99
5265277674,456.1429,171.7143,-99
5265311007,456.0833,173.375,-99
5265344340,454.1774,178.6613,-99
5265377673,453.8036,180.5179,-99
5265411006,456.8387,176.2097,-99
5265444339,457.5882,176.2647,-99
5265477672,456.1181,178.4409,-99
5265511005,458.9594,177.2114,-99
5265544338,461.1811,174.8583,-99
5265577671,464.771,172.374,-99
5265611004,467.8242,170.8736,-99
5265644337,466.165,171.655,-99
5265677670,465.8271,171.1916,-99
5265711003,464.3821,170.4528,-99
5265744336,461.9147,168.3411,-99
5265777669,460.5714,169.8469,-99
5265811002,458.8108,172.054,-99
5265844335,455.8831,175.8831,-99
5265877668,455.9845,174.1861,-99
5265911001,461.8353,171.8118,-99
5265944334,467.0421,178.3632,-99
5265977667,474.0454,178.0091,-99
5266011000,476.3874,176.8639,-99
5266044333,469.2458,180.771,-99
5266077666,468.2705,181.4413,-99
5266110999,466.4428,182.0587,-99
5266144332,465.9783,181.8824,-99
5266177665,465.9811,181.6243,-99
5266210998,466.6598,181.3402,-99
5266244331,467.7809,181.1587,-99
5266277664,465.4901,182.896,-99
5266310997,459.6491,185.5614,-99
5266344330,467.6087,181.6232,-99
5266377663,464.544,183.152,-99
5266410996,460.7976,185.0833,-99
5266444329,461.8296,184.75,-99
5266477662,463,184.4381,-99
5266510995,463.2188,184.3333,-99
5266544328,463.8714,184.8428,-99
5266577661,464.2333,185.9333,-99
5266610994,464.52,185.2,-99
5266644327,471.4615,166.75,-99
5266677660,475.1111,165.4556,-99
5266710993,476.3333,165.1789,-99
5266744326,477.4307,165.1168,-99
5266777659,475.2067,167.6145,-99
5266810992,476.6378,165.2162,-99
5266844325,474.9293,166.7424,-99
5266877658,474.9299,166.6916,-99
5266910991,473.6974,168.8092,-99
5266944324,471.2695,171.0709,-99
5266977657,469.5912,172.5985,-99
5267010990,467.2385,172.1651,-99
5267044323,466.0732,173.1341,-99
5267077656,468.1212,170.5253,-99
5267110989,464.4648,175.2254,-99
5267144322,462.94,180.56,-99
5267177655,466.9412,181.5,-99
5267210988,465.5055,183.1868,-99
5267244321,467.7947,180.8543,-99
5267277654,464.7217,183.3739,-99
5267310987,468.3361,179.9748,-99
5267344320,465.9803,180.9852,-99
5267377653,468.4594,179.5938,-99
5267410986,466.4456,181.6054,-99
5267444319,467.8081,180.2936,-99
5267477652,468.3667,178.9,-99
5267510985,467.2983,179.7408,-99
5267544318,468.1343,179.0486,-99
5267577651,468.0549,180.8627,-99
5267610984,466.9079,181.0877,-99
5267644317,468.0244,181.7073,-99
5267677650,465.9936,183.0323,-99
5267710983,458.8192,186.8723,-99
5267744316,457.551,186.2653,-99
5267777649,457.9398,186.4819,-99
5267810982,458.2823,187.4,-99
5267844315,458.7576,187.9848,-99
5267877648,460.473,179.1757,-99
5267910981,461.9125,173.675,-99
5267944314,468.4,171.7931,-99
5267977647,469.2994,171.2335,-99
5268010980,471.4078,171.1676,-99
5268044313,470.6578,171.4222,-99
5268077646,471.4099,172.0902,-99
5268110979,470.8352,172.4598,-99
5268144312,468.9452,172.7764,-99
5268177645,466.7375,175.2394,-99
5268210978,468.2628,172.3029,-99
5268244311,468.1881,170.8614,-99
5268277644,459.6154,173.4615,-99
5268310977,476,170,-99
5268338528,464.3214,174.3929,-99
5268371861,459.625,183.25,-99
5268405194,462.8205,184.2692,-99
5268438527,461.2973,184.0676,-99
5268471860,463.4427,181.3893,-99
5268505193,463.8559,181.3604,-99
5268538526,465.1757,178.9324,-99
5268571859,466.3421,179.4518,-99
5268605192,469.1011,178.1236,-99
5268638525,469.7724,177.7534,-99
5268671858,469.6755,179.4336,-99
5268705191,470.2447,180.1682,-99
5268738524,469.503,181.5928,-99
5268771857,469.8062,181.5813,-99
5268805190,469.5167,181.8602,-99
5268838523,470.3689,180.8349,-99
5268871856,470.9494,181.2918,-99
5268905189,470.7945,181.6166,-99
5268938522,471.7098,181.0902,-99
5268971855,470.896,180.92,-99
5269005188,470.0259,184.0415,-99
5269038521,469.532,183.7734,-99
5269071854,469.6438,185.1288,-99
5269105187,469.2105,187.2544,-99
5269138520,466.7025,188.5868,-99
5269171853,463.9615,190.3419,-99
5269205186,463.0484,191.0519,-99
5269238519,463.5498,191.7182,-99
5269271852,462.3074,191.364,-99
5269305185,461.5778,191.4413,-99
5269338518,461.1049,192.4383,-99
5269371851,461.4174,192.5176,-99
5269405184,459.77,191.1225,-99
5269438517,456.6423,192.1978,-99
5269471850,452.8368,193.875,-99
5269505183,454.1424,193.7023,-99
5269538516,452.6676,192.3693,-99
5269571849,451.3463,191.513,-99
5269605182,451.0087,191.1217,-99
5269638515,452.9721,189.9602,-99
5269671848,456.3308,189.7538,-99
5269705181,452.8662,188.27,-99
5269738514,452.1214,187.4429,-99
5269771847,453.8067,186.4588,-99
5269805180,456.0755,187.5925,-99
5269838513,454.5369,187.2752,-99
5269871846,462.2695,184.4551,-99
5269905179,463.8696,182.8261,-99
5269938512,466.3333,171.8,-99
5269971845,473.9655,160.069,-99
5270006554,475.375,160.125,-99
5270039887,472.5108,149.8058,-99
5270073220,471.4245,145.4198,-99
5270106553,469.663,143.696,-99
5270139886,469.0317,143.5976,-99
5270173219,468.6891,142.9814,-99
5270206552,467.6725,140.2162,-99
5270239885,466.6244,138.8947,-99
5270273218,466.5347,138.4326,-99
5270306551,466.8293,137.3273,-99
5270339884,467.1429,137.2993,-99
5270373217,467.0573,137.6603,-99
5270406550,467.2284,138.5033,-99
5270439883,465.779,138.2615,-99
5270473216,466.36,141.87,-99
5270506549,467.7535,139.0168,-99
5270539882,469.4449,140.4182,-99
5270573215,470.5305,140.7405,-99
5270606548,469.8249,142.3502,-99
5270639881,468.9281,143.2094,-99
5270673214,469.6923,144.2408,-99
5270706547,469.4518,145.5482,-99
5270739880,467.2818,147.4845,-99
5270773213,468.1062,146.6267,-99
5270806546,471.7208,142.2226,-99
5270839879,470.9631,145.3595,-99
5270873212,467.1442,148.2884,-99
5270906545,471.1667,147.1728,-99
5270939878,469.7722,147.9222,-99
5270973211,468.4082,153.6939,-99
5271006544,462.8195,162.5,-99
5271039877,461.9504,163.8264,-99
5271073210,462.7423,164.6804,-99
5271106543,464.4796,163.0612,-99
5271139876,473.0719,145.3885,-99
5271173209,472.7734,145.2578,-99
5271206542,471.0486,146.2751,-99
5271239875,470.256,146.8971,-99
5271273208,470.6465,145.6351,-99
5271306541,470.764,145.6573,-99
5271339874,470.8674,143.6542,-99
5271373207,469.7513,144.5134,-99
5271406540,469.5242,143.4074,-99
5271439873,469.0331,141.3554,-99
5271473206,468.9896,140.6995,-99
5271506539,468.9011,139.9973,-99
5271539872,468.9452,139.3452,-99
5271573205,468.9256,139.0421,-99
5271606538,469.1815,138.5719,-99
5271639871,469.032,139.1917,-99
5271673204,469.4572,139.5238,-99
5271706537,469.6753,139.6299,-99
5271739870,469.8035,141.3006,-99
5271773203,469.5488,141.5286,-99
5271806536,470.4208,141.834,-99
5271839869,470.4192,142.4498,-99
5271873202,471.5702,142.3246,-99
5271906535,472.1412,140.2294,-99
5271939868,474.4286,138.3308,-99
5271973201,473.1783,137.5913,-99
5272006534,474.4434,137.0896,-99
5272039867,473.716,140.8107,-99
5272073200,468.5921,150.0789,-99
5272106533,467.7222,154.2963,-99
5272139866,468.1884,152.8551,-99
5272173199,467.8074,151.6778,-99
5272206532,467.4922,151.6201,-99
5272239865,465.8647,154.8599,-99
5272273198,465.7267,157.0333,-99
5272306531,466.041,158.1885,-99
5272339864,465.9107,158.1339,-99
5272373197,470.3509,147.7105,-99
5272406530,473.239,141.4591,-99
5272439863,473.8479,139.4654,-99
5272473196,472.976,139.892,-99
5272506529,471.3708,142.3278,-99
5272539862,471.5677,142.8032,-99
5272573195,471.3416,142.2148,-99
5272606528,470.2712,143.8701,-99
5272639861,470.7949,142.3173,-99
5272673194,470.5521,143.7408,-99
5272706527,470.569,143.0891,-99
5272739860,470.3419,143.3046,-99
5272773193,470.4885,143.5575,-99
5272806526,470.5197,143.7275,-99
5272839859,470.9013,142.9618,-99
5272873192,471.4127,141.7556,-99
5272906525,471.27,142.7833,-99
5272939858,470.9749,144.5153,-99
5272973191,471.7074,144.1576,-99
5273006524,471.4331,144.5959,-99
5273039857,471.5804,144.1357,-99
5273073190,470.9128,145.1256,-99
5273106523,471.1254,144.9601,-99
5273139856,471.6269,144.6716,-99
5273173189,471.6,145.1344,-99
5273206522,470.7191,145.4448,-99
5273239855,469.9704,145.6776,-99
5273273188,469.9294,143.7086,-99
5273306521,469.7373,144.1398,-99
5273345433,470.9451,142.7473,-99
5273378766,471.8982,140.4167,-99
5273412099,471.3861,143.462,-99
5273445432,467.526,150.961,-99
5273478765,466.0851,154.0355,-99
5273512098,465.6525,153.9787,-99
5273545431,468.0346,152.987,-99
5273578764,467.3333,153.9579,-99
5273612097,465.8518,155.7239,-99
5273645430,464.5487,157.9221,-99
5273678763,463.3511,161.395,-99
5273712096,461.5579,164.7567,-99
5273745429,458.9663,167.1477,-99
5273778762,456.6794,170.5544,-99
5273812095,453.3313,175.6018,-99
5273845428,449.4352,179.3117,-99
5273878761,444.8237,181.7135,-99
5273912094,442.3085,183.8871,-99
5273945427,440.6619,185.1962,-99
5273978760,438.6337,185.8663,-99
5274012093,438.3207,187.2071,-99
5274045426,438.1786,187.2714,-99
5274078759,437.5908,187.7265,-99
5274112092,437.0065,186.959,-99
5274145425,435.1018,186.6493,-99
5274178758,433.7277,187.5251,-99
5274212091,432.5651,188.7269,-99
5274245424,430.0402,188.9619,-99
5274278757,430.0127,190.7738,-99
5274312090,429.3811,190.6674,-99
5274345423,429.9956,191.3568,-99
5274378756,429.5237,190.8934,-99
5274412089,429.7854,189.1014,-99
5274445422,429.6235,188.9568,-99
5274478755,427.5391,188.5,-99
5274512088,427.6364,190.1869,-99
5274545421,426.9167,190.7448,-99
5274578754,426.4223,191.0544,-99
5274612087,426.2031,190.7609,-99
5274645420,426.6724,190.9144,-99
5274678753,427.3163,190.7525,-99
5274712086,429.2252,191.9051,-99
5274745419,431.1824,193.0343,-99
5274778752,434.202,193.4283,-99
5274812085,437.3281,194.8399,-99
5274845418,441.1189,196.7889,-99
5274878751,443.687,197.8321,-99
5274912084,446.1432,199.1754,-99
5274945417,448.8127,201.2973,-99
5274978750,450.1909,203.6909,-99
5275020881,451.1365,206.3231,-99
5275054214,451.8072,208.3777,-99
5275087547,451.0938,209.9936,-99
5275120880,451.1854,211.2031,-99
5275154213,450.8612,213.5106,-99
5275187546,451.3201,215.1238,-99
5275220879,452.1203,215.1915,-99
5275254212,453.747,216.4676,-99
5275287545,454.6041,216.7224,-99
5275320878,454.6681,216.5375,-99
5275354211,455.1131,216.5815,-99
5275387544,456.0192,216.7506,-99
5275420877,454.6133,217.032,-99
5275454210,455.2053,218.6587,-99
5275487543,457.0966,222.1753,-99
5275520876,457.798,224.3475,-99
5275554209,458.2943,226.2099,-99
5275587542,458.2511,227.1048,-99
5275620875,458.5365,227.1176,-99
5275654208,458.7963,229.1111,-99
5275687541,459.1364,230.0546,-99
5275720874,459.8523,229.9045,-99
5275754207,462.1354,230.9833,-99
5275787540,463.6599,231.4562,-99
5275820873,464.6998,230.7421,-99
5275854206,466.1894,231.4957,-99
5275887539,466.5714,232.2078,-99
5275920872,467.5206,232.7638,-99
5275954205,468.3946,233.935,-99
5275987538,468.2892,234.9779,-99
5276020871,468.1302,236.1535,-99
5276054204,467.4096,237.7374,-99
5276087537,465.8451,237.9634,-99
5276120870,465.7631,239.2718,-99
5276154203,464.8325,242.4126,-99
5276187536,464.5137,243.7582,-99
5276220869,464.9746,244.1243,-99
5276254202,465.7725,246.6682,-99
5276287535,466.7652,250.283,-99
5276320868,467.0278,251.6923,-99
5276354201,465.4339,254.522,-99
5276387534,465.3509,259.2901,-99
5276420867,463.3753,261.3753,-99
5276454200,461.4431,262.4898,-99
5276487533,459.9451,265.0978,-99
5276520866,457.9043,266.7267,-99
5276554199,457.1278,268.4776,-99
5276587532,456.1906,270.0918,-99
5276620865,456.6771,271.4878,-99
5276654198,457.3333,271.9232,-99
5276687531,458.0592,273.3175,-99
5276720864,459.6836,275.2754,-99
5276754197,461.3968,276.8028,-99
5276787530,462.8648,279.824,-99
5276820863,464.7408,280.8313,-99
5276854196,464.9732,282.7518,-99
5276887529,464.9487,283.1692,-99
5276920862,467.0878,286.2398,-99
5276954195,467.1422,287.2996,-99
5276987528,467.9615,288.765,-99
5277020861,468.3041,288.9722,-99
5277054194,469.5463,290.0632,-99
5277087527,470.4736,292.3106,-99
5277120860,471.4172,294.8043,-99
5277154193,470.4943,296.3348,-99
5277187526,471.1663,299.3988,-99
5277220859,469.9273,300.1974,-99
5277254192,467.5799,301.9046,-99
5277287525,466.3909,303.1909,-99
5277320858,463.5146,304.4854,-99
5277354191,461.7297,308.8224,-99
5277387524,459.244,315.4669,-99
5277420857,456.929,317.5767,-99
5277454190,455.904,320.632,-99
5277487523,455.6247,323.9244,-99
5277520856,454.0467,325.9753,-99
5277554189,452.8625,327.8194,-99
5277587522,449.5473,329.0486,-99
5277620855,446.6235,329.1459,-99
5277654188,443.4139,330.2237,-99
5277687521,443.5147,334.008,-99
5277720854,442.3876,335.3152,-99
5277754187,440.8657,337.8171,-99
5277787520,440.8831,338.8804,-99
5277820853,440.1054,339.2412,-99
5277854186,439.1121,340.6056,-99
5277887519,438.5784,341.2057,-99
5277920852,437.0176,342.2441,-99
5277954185,436.2355,342.7606,-99
5277987518,433.7204,344.9514,-99
5278020851,431.8829,349.0504,-99
5278054184,429.7052,352.05,-99
5278087517,427.3511,355.8805,-99
5278120850,424.6346,358.7218,-99
5278154183,423.026,361.1076,-99
5278187516,421.5098,363.5808,-99
5278220849,419.7509,365.8441,-99
5278254182,418.6597,367.6956,-99
5278287515,418.5169,369.503,-99
5278320848,417.2415,372.795,-99
5278348368,415.9776,376.5522,-99
5278381701,413.0927,377.9439,-99
5278415034,411.7954,378.2813,-99
5278448367,411.9573,380.2713,-99
5278481700,410.5146,380.7398,-99
5278515033,407.2881,382.8257,-99
5278548366,407.325,382.4273,-99
5278581699,404.6732,384.0219,-99
5278615032,403.2316,384.6237,-99
5278648365,400.8476,385.1937,-99
5278681698,403.3785,386.5618,-99
5278715031,400.7813,387.9744,-99
5278748364,399.0561,389.5874,-99
5278781697,399.3671,389.7738,-99
5278815030,398.2648,388.8617,-99
5278848363,397.0771,389.004,-99
5278881696,395.1914,388.9099,-99
5278915029,393.4836,388.2245,-99
5278948362,391.7188,388.307,-99
5278981695,389.8626,388.1557,-99
5279015028,388.0606,387.5312,-99
5279048361,386.4355,387.5215,-99
5279081694,384.6591,388.9252,-99
5279115027,381.9916,390.9045,-99
5279148360,380.6751,390.9856,-99
5279181693,378.438,391.4023,-99
5279215026,376.8049,392.6894,-99
5279248359,374.1712,393.2459,-99
5279281692,372.8973,393.9772,-99
5279315025,370.0784,395.7157,-99
5279348358,367.9254,397.0339,-99
5279381691,366.3212,398.559,-99
5279415024,364.3585,399.6468,-99
5279448357,362.1716,400.6863,-99
5279481690,360.6564,401.7504,-99
5279515023,358.6231,402.6922,-99
5279548356,355.4343,403.4238,-99
5279581689,353.0552,403.869,-99
5279615022,351.13,404.033,-99
5279648355,347.5081,404.6149,-99
5279681688,345.7252,404.2618,-99
5279715021,343.9091,404.5763,-99
5279748354,341.5152,403.5085,-99
5279781687,339.6098,402.8418,-99
5279815020,337.6079,402.2591,-99
5279848353,335.7513,402.1319,-99
5279881686,335.5933,401.5877,-99
5279915019,336.207,403.3094,-99
5279948352,335.22,404.2331,-99
5279981685,333.4501,406.0382,-99
5280020597,331.0287,406.4042,-99
5280053930,327.7445,407.8177,-99
5280087263,326.1414,408.3651,-99
5280120596,323.9529,408.721,-99
5280153929,321.5254,408.6271,-99
5280187262,318.9356,408.6407,-99
5280220595,317.9111,408.069,-99
5280253928,314.8783,407.8591,-99
5280287261,312.3339,407.8613,-99
5280320594,309.3374,408.2255,-99
5280353927,306.2368,408.848,-99
5280387260,303.3782,408.9263,-99
5280420593,301.6519,408.4831,-99
5280453926,298.1327,406.7362,-99
5280487259,296.9523,405.1069,-99
5280520592,293.4146,403.4927,-99
5280553925,291.1854,402.1435,-99
5280587258,289.6165,401.0612,-99
5280620591,287.3614,399.356,-99
5280653924,286.5662,398.7685,-99
5280687257,286.2717,399.5033,-99
5280720590,284.8594,399.0369,-99
5280753923,282.8676,399.3904,-99
5280787256,281.6895,400.3972,-99
5280820589,281.1572,401.5034,-99
5280853922,280.6282,403.9076,-99
5280887255,278.9742,405.1723,-99
5280920588,276.9117,407.1833,-99
5280953921,277.395,409.4353,-99
5280987254,278.328,411.156,-99
5281020587,282.1046,415.4093,-99
5281053920,279.6503,417.1173,-99
5281087253,276.1184,416.6573,-99
5281120586,275.1314,416.8724,-99
5281153919,274.6846,416.8615,-99
5281187252,273.6698,415.8337,-99
5281220585,271.7357,415.574,-99
5281253918,269.3717,413.0708,-99
5281287251,267.1222,410.4763,-99
5281320584,265.398,408.136,-99
5281353917,262.761,406.1153,-99
5281387250,261.5784,403.7216,-99
5281420583,258.6667,401.5555,-99
5281453916,257.1207,400.6926,-99
5281487249,256.8585,400.4207,-99
5281520582,256.2354,399.7315,-99
5281553915,256.472,399.838,-99
5281587248,256.302,401.0875,-99
5281620581,255.9788,401.3602,-99
5281653914,256.5457,401.8978,-99
5281689545,257.1777,403.6674,-99
5281722878,256.05,404.856,-99
5281756211,255.8491,406.1585,-99
5281789544,254.6861,407.6683,-99
5281822877,255.4766,408.796,-99
5281856210,257.7114,410.6016,-99
5281889543,259.6729,411.5521,-99
5281922876,260.8581,411.8787,-99
5281956209,260.6565,412.3587,-99
5281989542,257.8949,411.7862,-99
5282022875,257.9591,411.3552,-99
5282056208,258.0522,411.7691,-99
5282089541,257.9217,408.9588,-99
5282122874,256.4028,408.5924,-99
5282156207,254.7912,406.0022,-99
5282189540,252.4507,402.0161,-99
5282222873,248.1667,399.5127,-99
5282256206,244.2517,395.5908,-99
5282289539,241.8569,392.1448,-99
5282322872,240.6512,387.4615,-99
5282356205,240.8458,385.8908,-99
5282389538,239.9794,383.8055,-99
5282422871,239.3723,381.7555,-99
5282456204,238.912,381.8582,-99
5282489537,238.4733,382.3573,-99
5282522870,236.6989,383.8966,-99
5282556203,235.4798,385.9933,-99
5282589536,234.3356,388.3061,-99
5282622869,231.5473,389.928,-99
5282656202,228.3906,390.5156,-99
5282689535,227.6846,393.4068,-99
5282722868,228.0398,395.827,-99
5282756201,227.3634,395.4438,-99
5282789534,228.1663,393.6767,-99
5282822867,224.7837,393.0728,-99
5282856200,222.3198,390.5477,-99
5282889533,220.3919,389.8169,-99
5282922866,219.7487,388.3175,-99
5282956199,221.8204,387.3296,-99
5282989532,221.8876,387.97,-99
5283022865,220.4437,388.1798,-99
5283056198,220.6939,388.5425,-99
5283089531,221.1,387.6709,-99
5283122864,219.4427,386.2222,-99
5283156197,217.5224,385.6058,-99
5283189530,216.697,385.8792,-99
5283222863,215.7071,386.5471,-99
5283256196,216.0409,388.0647,-99
5283289529,214.9581,389.2496,-99
5283322862,217.4005,393.1967,-99
5283358523,217.152,392.1274,-99
5283391856,212.6008,388.7235,-99
5283425189,211.6756,382.6639,-99
5283458522,212.0145,380.1033,-99
5283491855,212.6338,378.1039,-99
5283525188,212.6343,374.4947,-99
5283558521,211.3442,373.0668,-99
5283591854,211.3168,370.8784,-99
5283625187,210.7016,369.8953,-99
5283658520,210.4709,367.5345,-99
5283691853,209.2202,365.6163,-99
5283725186,209.76,365.4818,-99
5283758519,208.791,364.6422,-99
5283791852,207.6536,362.6294,-99
5283825185,206.8897,361.3607,-99
5283858518,207.0536,361.1396,-99
5283891851,207.332,361.1842,-99
5283925184,208.5615,361.3647,-99
5283958517,208.1275,360.3015,-99
5283991850,209.6966,359.0388,-99
5284025183,210.6355,358.0911,-99
5284058516,210.2898,357.8877,-99
5284091849,211.4715,358.0259,-99
5284125182,210.2419,359.9677,-99
5284158515,209.4635,361.2771,-99
5284191848,207.651,364.026,-99
5284225181,206.1761,365.7382,-99
5284258514,204.833,365.8647,-99
5284291847,203.4904,366.9272,-99
5284325180,202.4203,367.4781,-99
5284358513,203.4614,368.2413,-99
5284391846,203.7703,368.1197,-99
5284425179,203.9658,367.8061,-99
5284458512,204.5398,367.3048,-99
5284491845,205.1551,365.4056,-99
5284525178,206.1766,364.496,-99
5284558511,208.0121,363.3508,-99
5284591844,210.1503,362.7375,-99
5284625177,212.066,361.0962,-99
5284658510,213.6345,360.8405,-99
5284691843,214.6467,361.1969,-99
5284725176,215.8992,361.0399,-99
5284758509,216.1392,361.1332,-99
5284791842,215.8531,361.0433,-99
5284825175,216.0259,360.3725,-99
5284858508,216.3417,358.4981,-99
5284891841,217.3464,357.6648,-99
5284925174,218.8942,356.7607,-99
5284958507,221.1004,356.4114,-99
5284991840,222.0115,355.5163,-99
5285025173,222.7598,356.5611,-99
5285058506,223.702,356.2981,-99
5285091839,224.2845,356.3155,-99
5285125172,223.7004,356.1358,-99
5285158505,223.0486,355.9344,-99
5285191838,222.3126,356.4306,-99
5285225171,221.9939,355.8839,-99
5285258504,221.2833,357.5571,-99
5285291837,220.7175,356.7982,-99
5285325170,220.5366,355.7328,-99
5285358503,219.8239,356.5982,-99
5285391836,219.1959,358.5725,-99
5285425169,219.0234,359.026,-99
5285458502,217.2186,359.1131,-99
5285491835,215.7902,359.7073,-99
5285525168,214.6154,360.75,-99
5285558501,212.4768,362.4425,-99
5285591834,211.6776,363.7254,-99
5285625167,210.8354,364.6053,-99
5285658500,209.6,366.0165,-99
5285691833,207.7488,366.9,-99
5285725166,206.7005,368.2343,-99
5285758499,206.1697,368.5917,-99
5285791832,205.4548,369.5916,-99
5285825165,205.6882,371.0168,-99
5285858498,206.0245,372.0713,-99
5285891831,206.8286,373.7297,-99
5285925164,206.3797,375.0187,-99
5285958497,206.209,376.0207,-99
5285991830,205.4848,377.424,-99
5286025163,205.6582,378.1398,-99
5286058496,206.3936,378.7345,-99
5286091829,206.2202,380.0261,-99
5286125162,205.6704,380.6891,-99
5286158495,206.3541,381.4477,-99
5286191828,206.0541,381.8638,-99
5286225161,206.2151,382.0276,-99
5286258494,205.6673,381.8336,-99
5286291827,206.7202,381.4477,-99
5286325160,206.0784,380.6389,-99
5286358493,206.7671,380.1935,-99
5286391826,207.1183,379.3044,-99
5286425159,207.6344,379.517,-99
5286458492,206.9609,379.0521,-99
5286491825,207.3226,379.199,-99
5286525158,207.6907,379.5977,-99
5286558491,207.9233,379.89,-99
5286591824,207.6013,380.3862,-99
5286625157,207.854,381.2064,-99
5286658490,207.5447,381.5655,-99
5286697371,207.7152,382.2786,-99
5286730704,206.7968,382.9476,-99
5286764037,207.1333,383.4159,-99
5286797370,206.8092,383.8967,-99
5286830703,206.1043,384.8989,-99
5286864036,206.0424,385.876,-99
5286897369,205.7923,386.7971,-99
5286930702,205.8472,388.3024,-99
5286964035,205.644,389.8399,-99
5286997368,206.1551,391.5566,-99
5287030701,205.4539,392.8967,-99
5287064034,205.8348,394.4247,-99
5287097367,205.4072,396.2357,-99
5287130700,205.3996,398.5801,-99
5287164033,206.9282,400.0388,-99
5287197366,207.7122,401.9234,-99
5287230699,208.8085,404.7362,-99
5287264032,209.5964,406.2646,-99
5287297365,210.9596,408.9597,-99
5287330698,209.2392,412.778,-99
5287364031,208.8265,415.499,-99
5287397364,209.4182,416.3643,-99
5287430697,209.9893,417.3961,-99
5287464030,209.6817,418.4946,-99
5287497363,210.2675,418.4425,-99
5287530696,213.5494,421.1167,-99
5287564029,214.7209,421.5678,-99
5287597362,215.6389,419.5232,-99
5287630695,217.164,419.6378,-99
5287664028,218,419.6588,-99
5287697361,218.8774,419.6068,-99
5287730694,219.0825,419.8021,-99
5287764027,219.3396,420.0887,-99
5287797360,219.4818,420.2084,-99
5287830693,220.4613,418.9135,-99
5287864026,220.6443,417.879,-99
5287897359,219.6789,417.5236,-99
5287930692,219.9276,416.5592,-99
5287964025,219.2889,415.2171,-99
5287997358,218.9777,413.5917,-99
5288030691,217.8453,411.7815,-99
5288064024,216.5192,409.364,-99
5288097357,215.3174,406.3806,-99
5288130690,213.4408,402.5238,-99
5288164023,211.839,398.0185,-99
5288197356,208.967,390.0569,-99
5288230689,208.9461,385.0074,-99
5288264022,207.9285,379.7382,-99
5288297355,206.4794,373.6458,-99
5288330688,205.4158,365.9624,-99
5288364021,207.151,359.9549,-99
5288397354,208.8154,356.8297,-99
5288430687,212.687,353.1538,-99
5288464020,213.2116,350.869,-99
5288497353,214.836,351.2339,-99
5288530686,214.1717,350.5985,-99
5288564019,212.9018,351.1738,-99
5288597352,211.4609,351.6577,-99
5288630685,208.6902,351.5027,-99
5288664018,205.4456,350.6813,-99
5288697351,203.7378,349.6761,-99
5288730684,201.0742,348.6061,-99
5288764017,199.4589,347.0342,-99
5288797350,197.9195,345.4555,-99
5288830683,198.0288,343.9156,-99
5288864016,197.3046,341.2605,-99
5288897349,196.9737,338.666,-99
5288930682,196.0508,337.8655,-99
5288964015,195.8554,334.0349,-99
5288997348,194.5765,330.1709,-99
5289030681,193.5013,326.769,-99
5289064014,192.9385,323.9652,-99
5289097347,192.2344,320.9277,-99
5289130680,190.534,318.411,-99
5289164013,189.4674,316.2174,-99
5289197346,188.1797,314.3899,-99
5289230679,187.5827,312.979,-99
5289264012,186.7734,312.0234,-99
5289297345,185.3977,310.4977,-99
5289330678,183.738,309.8245,-99
5289364011,182.71,309.3921,-99
5289397344,181.4839,308.7235,-99
5289430677,180.4978,309.1732,-99
5289464010,180.0597,309.7757,-99
5289497343,179.2072,310.0045,-99
5289530676,178.3916,310.9469,-99
5289564009,177.9567,311.1485,-99
5289597342,177.5134,311.3717,-99
5289630675,177.5919,311.5085,-99
5289664008,178.4045,310.0992,-99
5289697341,178.8692,307.7773,-99
5289730674,179.0833,305.4548,-99
5289764007,180.2319,303.2693,-99
5289797340,181.476,301.125,-99
5289830673,182.7673,300.3632,-99
5289864006,182.8704,297.5555,-99
5289897339,185.0123,297.3759,-99
5289930672,185.0504,293.9178,-99
5289964005,185.96,290.4827,-99
5289997338,187.1285,287.1877,-99
5290030437,187.7781,283.2247,-99
5290063770,188.3924,281.2557,-99
5290097103,188.0868,280.7945,-99
5290130436,187.266,280.3824,-99
5290163769,185.8154,279.789,-99
5290197102,184.2256,278.7435,-99
5290230435,182.7057,277.3766,-99
5290263768,181.2511,276.9706,-99
5290297101,180.8889,276.5284,-99
5290330434,180.4535,275.9189,-99
5290363767,178.6111,274.2525,-99
5290397100,178.2898,273.7506,-99
5290430433,176.9315,274.3705,-99
5290463766,177.3733,276.1894,-99
5290497099,177.0027,276.2888,-99
5290530432,177.038,275.9076,-99
5290563765,177.9685,274.2599,-99
5290597098,177.6152,273.4755,-99
5290630431,179.5634,272.0538,-99
5290663764,178.4775,272.1875,-99
5290697097,179.7056,272.05,-99
5290730430,179.8984,269.7201,-99
5290763763,179.3894,269.1836,-99
5290797096,179.4244,267.6397,-99
5290830429,179.9418,267.3742,-99
5290863762,180.3557,267.4184,-99
5290897095,180.6598,266.9037,-99
5290930428,179.5558,264.9431,-99
5290963761,179.4452,264.7571,-99
5290997094,178.7206,265.0783,-99
5291030427,179.6119,265.6793,-99
5291063760,178.237,265.3229,-99
5291097093,177.2231,264.3835,-99
5291130426,176.5872,262.9263,-99
5291163759,176.3125,260.7392,-99
5291197092,176.3761,259.3419,-99
5291230425,176.2021,260.3596,-99
5291263758,177.427,260.8904,-99
5291297091,178.4047,261.2637,-99
5291330424,178.467,261.4038,-99
5291363757,180.4522,261.1515,-99
5291397090,182.3564,262.0378,-99
5291430423,184.5206,261.9609,-99
5291463756,186.5647,261.9877,-99
5291497089,188.1809,262.498,-99
5291530422,189.4268,262.8514,-99
5291563755,189.6735,263.076,-99
5291597088,189.1772,263.8504,-99
5291630421,189.3525,264.2376,-99
5291663754,189.3965,264.8698,-99
5291697087,190.1517,266.02,-99
5291730420,191.7634,266.4387,-99
5291763753,193.4424,266.321,-99
5291797086,195.5975,266.9455,-99
5291830419,196.4614,267.2725,-99
5291863752,196.5346,267.4528,-99
5291897085,196.7558,266.5911,-99
5291930418,197.1845,266.9186,-99
5291963751,197.5162,268.1134,-99
5291997084,198.4362,269.3068,-99
5292030417,200.4134,269.9979,-99
5292063750,203.1098,270.4268,-99
5292097083,206.406,271.0727,-99
5292130416,210.3597,270.3834,-99
5292163749,214.9744,271.174,-99
5292197082,217.6716,272.0753,-99
5292230415,219.7178,274.3589,-99
5292263748,221.0626,275.5503,-99
5292297081,220.943,276.1399,-99
5292330414,221.6551,275.5454,-99
5292363747,222.5,273.6071,-99
5292397080,224.1978,273.0836,-99
5292430413,225.3563,271.9042,-99
5292463746,225.9417,270.7393,-99
5292497079,225.9713,270.4569,-99
5292530412,227.2894,270.8424,-99
5292563745,228.0978,271.1061,-99
5292597078,228.5677,271.3919,-99
5292630411,228.382,271.5674,-99
5292663744,229.6958,272.4973,-99
5292697077,230.1,272.2865,-99
5292730410,230.1044,272.3324,-99
5292763743,229.0697,272.0804,-99
5292797076,229.1027,272.2641,-99
5292830409,227.6913,271.9499,-99
5292863742,227.3317,272.2437,-99
5292897075,227.4471,271.9497,-99
5292930408,228.3266,271.8076,-99
5292963741,228.9526,271.8474,-99
5292997074,229.4889,272.2556,-99
5293030407,229.3882,272.9265,-99
5293063740,228.8538,273.2661,-99
5293097073,229.6444,273.9179,-99
5293130406,230.2853,274.7586,-99
5293163739,230.4119,274.6478,-99
5293197072,230.1945,275.0729,-99
5293230405,229.6246,274.1321,-99
5293263738,229.0287,273.423,-99
5293297071,228.8583,273.1335,-99
5293330404,228.036,272.5319,-99
5293366066,227.2618,271.9235,-99
5293399399,226.6254,272.6426,-99
5293432732,226.3908,272.496,-99
5293466065,225.7833,271.6361,-99
5293499398,225.7158,272.193,-99
5293532731,225.4372,272.3115,-99
5293566064,225.553,272.75,-99
5293599397,225.7297,273.0359,-99
5293632730,226.7257,273.0799,-99
5293666063,226.2215,273.1645,-99
5293699396,226.4279,273.2991,-99
5293732729,226.6601,272.9564,-99
5293766062,226.9493,273.1806,-99
5293799395,227.4715,273.0965,-99
5293832728,227.6137,273.3731,-99
5293866061,227.5363,273.7415,-99
5293899394,226.4042,273.8452,-99
5293932727,225.9735,274.6525,-99
5293966060,225.8781,274.2439,-99
5293999393,225.8806,274.878,-99
5294032726,225.9171,274.2321,-99
5294066059,225.8946,274.7919,-99
5294099392,227.3509,274.4825,-99
5294132725,227.4966,274.6868,-99
5294166058,227.364,274.2654,-99
5294199391,227.4143,273.436,-99
5294232724,227.1797,272.9953,-99
5294266057,227.0046,272.0486,-99
5294299390,226.794,272.3195,-99
5294332723,226.9656,271.9564,-99
5294366056,227.3041,271.2846,-99
5294399389,228.0518,271.3992,-99
5294432722,227.8168,271.7134,-99
5294466055,228.073,271.8738,-99
5294499388,228.2609,272.6049,-99
5294532721,228.4436,273.497,-99
5294566054,228.6978,274.0298,-99
5294599387,229.1263,274.1102,-99
5294632720,228.7271,274.6313,-99
5294666053,229.5022,275.0923,-99
5294699386,229.7195,276.409,-99
5294732719,230.2112,277.383,-99
5294766052,230.6045,277.9857,-99
5294799385,230.8356,279.0851,-99
5294832718,231.2719,278.9218,-99
5294866051,231.1083,279.45,-99
5294899384,231.1806,279.1016,-99
5294932717,230.6102,278.7053,-99
5294966050,230.9136,278.7617,-99
5294999383,230.7057,278.7823,-99
5295038264,231.4293,279.1463,-99
5295071597,231.6355,278.8729,-99
5295104930,231.6578,279.1505,-99
5295138263,231.1638,279.0964,-99
5295171596,230.8641,278.8034,-99
5295204929,230.3009,278.5308,-99
5295238262,230.0301,277.831,-99
5295271595,230.417,276.2712,-99
5295304928,230.4551,275.8375,-99
5295338261,230.6568,275.8214,-99
5295371594,230.4266,276.0019,-99
5295404927,230.2711,275.7673,-99
5295438260,230.3143,275.9848,-99
5295471593,230.1758,276.511,-99
5295504926,230.0731,276.0981,-99
5295538259,228.5913,276.3059,-99
5295571592,228.1442,276.2651,-99
5295604925,227.5289,275.9133,-99
5295638258,227.6404,275.791,-99
5295671591,227.7351,275.468,-99
5295704924,227.8314,275.3857,-99
5295738257,227.8703,275.5538,-99
5295771590,227.7328,275.5191,-99
5295804923,225.8018,275.574,-99
5295838256,224.7775,276.1632,-99
5295871589,223.8851,275.6471,-99
5295904922,221.6053,272.95,-99
5295938255,219.0787,273.2868,-99
5295971588,215.294,270.4672,-99
5296004921,212.5674,268.715,-99
5296038254,209.6889,266.5803,-99
5296071587,205.1763,263.9079,-99
5296104920,203.0234,263.3177,-99
5296138253,198.5501,260.1816,-99
5296171586,197.1875,260.0775,-99
5296204919,193.4853,258.5413,-99
5296238252,191.4053,257.5368,-99
5296271585,188.6711,256.5722,-99
5296304918,186.475,255.4139,-99
5296338251,183.0296,254.7043,-99
5296371584,180.5938,254.3542,-99
5296404917,177.6466,254.3115,-99
5296438250,175.2196,254.136,-99
5296471583,172.5955,253.67,-99
5296504916,170.6102,254.4237,-99
5296538249,168.0222,254.2659,-99
5296571582,166.5583,253.8417,-99
5296604915,167.1766,252.3117,-99
5296638248,166.6223,249.7055,-99
5296671581,167.0316,248.7607,-99
5296704914,168.8031,248.5033,-99
5296738247,171.7583,247.1929,-99
5296771580,174.0596,245.7241,-99
5296804913,176.6681,245.7731,-99
5296838246,178.9907,246.4509,-99
5296871579,179.3528,246.4518,-99
5296904912,178.7121,247.7242,-99
5296938245,178.6761,246.2845,-99
5296971578,178.7769,245.124,-99
5297004911,180.3877,245,-99
5297038244,179.5427,240.7135,-99
5297071577,180.6209,238.8791,-99
5297104910,179.621,235.7132,-99
5297138243,180.0248,233.8533,-99
5297171576,179.1483,232.6292,-99
5297204909,179.3636,231.3995,-99
5297238242,179.0553,230.8995,-99
5297271575,179.2167,229.3361,-99
5297304908,181.1038,227.762,-99
5297338241,182.1662,225.9693,-99
5297371574,183.3736,224.5899,-99
5297404907,185.5947,221.8421,-99
5297438240,186.3651,218.8005,-99
5297471573,186.0746,215.837,-99
5297504906,186.9744,214.5361,-99
5297538239,185.9314,212.9182,-99
5297571572,185.4573,211.7161,-99
5297604905,184.0216,209.5216,-99
5297638238,183.7912,207.8222,-99
5297671571,182.0833,205,-99
5297704904,181.9768,205.3188,-99
5297738237,182.8499,203.3148,-99
5297771570,182.4545,201.6833,-99
5297804903,183.7962,200.1241,-99
5297838236,184.6743,197.4468,-99
5297871569,185.9603,195.8389,-99
5297904902,187.1892,194.9266,-99
5297938235,188.552,192.3951,-99
5297971568,188.8132,191.4246,-99
5298004901,188.8577,189.4598,-99
5298038234,189.0947,188.2767,-99
5298071567,187.5583,187.4442,-99
5298104900,187.5688,186.161,-99
5298138233,187.2765,185.5559,-99
5298171566,186.9328,185.8398,-99
5298204899,187.6866,184.9019,-99
5298238232,189.2494,182.3634,-99
5298271565,192.0543,181.5825,-99
5298304898,193.9466,180.6357,-99
5298338231,193.4779,180.9862,-99
5298367423,194.3483,180.0955,-99
5298400756,195.9413,178.956,-99
5298434089,197.2382,178.8927,-99
5298467422,197.8447,177.7684,-99
5298500755,198.7712,175.8817,-99
5298534088,201.1872,174.1111,-99
5298567421,203.6601,173.5066,-99
5298600754,204.3814,171.4967,-99
5298634087,205.6674,169.9547,-99
5298667420,206.8362,168.7543,-99
5298700753,207.3383,167.163,-99
5298734086,209.677,167.199,-99
5298767419,212.3687,165.0637,-99
5298800752,213.5072,161.7249,-99
5298834085,215.8869,161.6206,-99
5298867418,217.054,160.6658,-99
5298900751,217.1811,160.4872,-99
5298934084,216.829,158.6581,-99
5298967417,215.4142,158.3873,-99
5299000750,214.7374,158.0743,-99
5299034083,216.1905,154.3719,-99
5299067416,217.7838,153.1975,-99
5299100749,219.0815,150.3442,-99
5299134082,220.1392,148.6582,-99
5299167415,221.031,147.8843,-99
5299200748,222.3862,145.6978,-99
5299234081,224.6306,143.7155,-99
5299267414,226.604,141.1289,-99
5299300747,227.8216,139.9413,-99
5299334080,230.9979,138.1372,-99
5299367413,233.0346,137.5397,-99
5299400746,235.2918,137.0279,-99
5299434079,236.7954,136.0276,-99
5299467412,238.1789,134.6632,-99
5299500745,240.991,133.6223,-99
5299534078,243.673,132.0019,-99
5299567411,244.9162,129.6629,-99
5299600744,247.2191,128.8808,-99
5299634077,249.4173,127.3263,-99
5299667410,250.1558,126.0182,-99
5299700743,253.5509,125.6084,-99
5299734076,256.0103,124.6684,-99
5299767409,258.5849,124.4047,-99
5299800742,262.1483,124.6818,-99
5299834075,264.6352,124.6094,-99
5299867408,265.9864,124.5769,-99
5299900741,266.8345,124.1241,-99
5299934074,267.7127,124.2484,-99
5299967407,269.198,122.1624,-99
5300000740,269.8595,121.6331,-99
5300039621,270.7097,121.4645,-99
5300072954,271.7984,119.8913,-99
5300106287,273.6848,119.4221,-99
5300139620,274.3421,120.1559,-99
5300172953,277.4265,121.2217,-99
5300206286,279.4317,121.1345,-99
5300239619,281.3201,120.2614,-99
5300272952,283.6597,119.7572,-99
5300306285,285.6377,118.375,-99
5300339618,286.8361,117.3074,-99
5300372951,288.1775,114.985,-99
5300406284,290.2686,113.6716,-99
5300439617,292.5123,113.348,-99
5300472950,294.7931,112.9257,-99
5300506283,296.8531,112.432,-99
5300539616,299.4207,111.0698,-99
5300572949,302.6612,109.5751,-99
5300606282,305.1172,108.5773,-99
5300639615,308.0938,107.9204,-99
5300672948,310.0387,107.5967,-99
5300706281,311.042,108.1954,-99
5300739614,313.533,106.8724,-99
5300772947,316.394,106.1047,-99
5300806280,319.5901,105.3111,-99
5300839613,321.067,106.4944,-99
5300872946,321.853,107.5879,-99
5300906279,323.6396,108.2981,-99
5300939612,324.9125,108.1608,-99
5300972945,327.1542,108.8708,-99
5301006278,328.9868,107.7345,-99
5301039611,329.8046,108.1724,-99
5301072944,330.8401,108.3238,-99
5301106277,332.5614,108.827,-99
5301139610,334.52,109.84,-99
5301172943,335.9849,110.931,-99
5301206276,337.4067,112.7281,-99
5301239609,337.4967,114.0953,-99
5301272942,339.3514,113.8134,-99
5301306275,342.6515,113.7762,-99
5301339608,346.0794,112.656,-99
5301372941,350.2824,111.8004,-99
5301406274,353.2962,111.7092,-99
5301439607,354.7642,112.2663,-99
5301472940,357.3573,113.1138,-99
5301506273,359.6905,113.6885,-99
5301539606,362.1478,114.2646,-99
5301572939,364.4058,115.5034,-99
5301606272,365.0361,115.8536,-99
5301639605,368.048,116.2103,-99
5301672938,370.5463,116.4646,-99
5301708568,372.0585,116.1351,-99
5301741901,374.1139,115.9814,-99
5301775234,377.0478,116.7169,-99
5301808567,378.4726,117.7675,-99
5301841900,378.7495,119.7625,-99
5301875233,378.2827,124.2266,-99
5301908566,378.7211,127.9607,-99
5301941899,377.8361,130.1944,-99
5301975232,377.0672,132.8579,-99
5302008565,376.7,134.7976,-99
5302041898,376.5518,135.8851,-99
5302075231,375.2647,137.1041,-99
5302108564,374.364,137.7596,-99
5302141897,373.6293,138.5948,-99
5302175230,373.5052,138.3361,-99
5302208563,372.0663,138.4295,-99
5302241896,371.1459,137.7639,-99
5302275229,370.6043,137.0696,-99
5302308562,371.0601,137.5902,-99
5302341895,370.9781,137.7478,-99
5302375228,371.3387,138.2436,-99
5302408561,372.4579,137.4077,-99
5302441894,372.4422,137.941,-99
5302475227,372.7661,136.8884,-99
5302508560,372.5663,135.1923,-99
5302541893,371.9715,134.4969,-99
5302575226,372.8839,134.78,-99
5302608559,372.9469,134.4776,-99
5302641892,372.8377,135.21,-99
5302675225,372.5074,136.1062,-99
5302708558,372.2636,136.2803,-99
5302741891,371.8132,137.5297,-99
5302775224,371.4915,138.0763,-99
5302808557,371.6525,138.202,-99
5302841890,371.3598,138.9121,-99
5302875223,371.5179,138.8948,-99
5302908556,371.2842,138.8782,-99
5302941889,372.1803,139.4706,-99
5302975222,371.5514,139.7212,-99
5303008555,371.9112,139.7921,-99
5303041888,371.8399,140.2848,-99
5303075221,371.6274,140.0294,-99
5303108554,371.9897,140.6777,-99
5303141887,371.299,140.2784,-99
5303175220,372.0227,141.1446,-99
5303208553,371.4861,141.5332,-99
5303241886,372.0655,141.2758,-99
5303275219,371.9103,141.8468,-99
5303308552,371.99,141.6008,-99
5303341885,372.1232,141.3862,-99
5303375218,371.9082,142.3333,-99
5303408551,372.2842,141.5767,-99
5303441884,372.3963,142.5732,-99
5303475217,372.5111,141.6197,-99
5303508550,373.0558,142.0446,-99
5303541883,373.2699,141.5828,-99
5303575216,373.3512,141.3298,-99
5303608549,374.2015,141.1631,-99
5303641882,373.6048,141.0691,-99
5303675215,374.1255,141.2317,-99
5303708548,373.4756,141.3227,-99
5303741881,373.9922,141.2012,-99
5303775214,374.033,141.6066,-99
5303808547,374.3327,140.7723,-99
5303841880,374.825,139.1439,-99
5303875213,377.1117,139.7065,-99
5303908546,379.1105,139.8787,-99
5303941879,381.7259,139.1123,-99
5303975212,383.1028,137.2917,-99
5304008545,384.0122,135.2787,-99
5304041878,385.69,131.7575,-99
5304075211,386.6642,130.3062,-99
5304108544,387.2447,129.5255,-99
5304141877,388.5627,128.2262,-99
5304175210,389.8972,128.0449,-99
5304208543,389.0579,127.8802,-99
5304241876,388.8289,127.8676,-99
5304275209,388.8417,129.0444,-99
5304308542,388.6552,129.1542,-99
5304341875,388.666,129.5662,-99
5304375208,390.089,130.3747,-99
5304408541,391.4606,131.0354,-99
5304441874,391.9181,130.8156,-99
5304475207,393.4648,131.9295,-99
5304508540,395.9042,132.8136,-99
5304541873,397.4429,133.1411,-99
5304575206,398.4108,133.9004,-99
5304608539,400.0306,134.5602,-99
5304641872,400.7692,133.5831,-99
5304675205,401.6571,133.4649,-99
5304708538,403.3148,134.138,-99
5304741871,402.8132,135.8891,-99
5304775204,404.4164,136.4027,-99
5304808537,406.2086,138.7517,-99
5304841870,407.3626,141.4366,-99
5304875203,408.302,144.2441,-99
5304908536,411.1633,147.5372,-99
5304941869,411,148.2188,-99
5304975202,411.8301,148.5907,-99
5305008535,414.4948,149.9897,-99
5305039336,416.9319,151.481,-99
5305072669,419.3728,152.8107,-99
5305106002,422.3777,154.2339,-99
5305139335,424.7538,154.6353,-99
5305172668,426.7002,155.2651,-99
5305206001,428.6858,156.5693,-99
5305239334,431.0231,157.3526,-99
5305272667,433.2224,158.649,-99
5305306000,434.82,159.9447,-99
5305339333,436.3804,160.2138,-99
5305372666,438.8834,161.1484,-99
5305405999,440.6282,161.3112,-99
5305439332,442.6821,162.1411,-99
5305472665,444.1607,161.9928,-99
5305505998,445.3651,161.8942,-99
5305539331,446.4847,163.1835,-99
5305572664,447.8115,165.3393,-99
5305605997,446.6232,167.2118,-99
5305639330,447.2352,169.4765,-99
5305672663,445.5804,171.404,-99
5305705996,445,173.7188,-99
5305739329,445.8362,176.25,-99
5305772662,444.0323,178.0092,-99
5305805995,445.1017,180.3743,-99
5305839328,445.901,183.9802,-99
5305872661,447.6108,186.2986,-99
5305905994,448.6258,187.477,-99
5305939327,450.7871,187.8796,-99
5305972660,452.7768,187.5307,-99
5306005993,456.1603,188.126,-99
5306039326,455.0548,188.3055,-99
5306072659,457.8528,189.0242,-99
5306105992,460.4207,189.0253,-99
5306139325,460.4766,189.5809,-99
5306172658,460.8612,190.9153,-99
5306205991,462.9165,193.4885,-99
5306239324,465.5212,196.9788,-99
5306272657,469.1991,204.4692,-99
5306305990,467.3706,207.3471,-99
5306339323,466.25,210.7959,-99
5306372656,467.2876,212.6504,-99
5306405989,468.665,215.72,-99
5306439322,468.4438,213.0625,-99
5306472655,468.423,213.8068,-99
5306505988,466.919,218.8624,-99
5306539321,466.1633,217.1108,-99
5306572654,465.6765,218.1054,-99
5306605987,465.294,220.5108,-99
5306639320,462.4671,222.8025,-99
5306672653,465.4405,223.8232,-99
5306714785,466.9466,225.2079,-99
5306748118,467.3302,226.8628,-99
5306781451,468.4878,227.8714,-99
5306814784,468.4301,228.4486,-99
5306848117,467.9055,229.0719,-99
5306881450,467.4069,230.9372,-99
5306914783,466.8952,232.3669,-99
5306948116,467.5292,234.5191,-99
5306981449,467.3226,234.9161,-99
5307014782,468.0346,235.8615,-99
5307048115,468.1332,238.3679,-99
5307081448,469.8681,241.1811,-99
5307114781,470.8098,242.8077,-99
5307148114,472.368,243.8519,-99
5307181447,474.0095,244.0071,-99
5307214780,476.1892,244.3964,-99
5307248113,477.8119,245.4397,-99
5307281446,478.6221,247.4509,-99
5307314779,479.3416,249.4877,-99
5307348112,480.217,250.5319,-99
5307381445,481.3004,252.0165,-99
5307414778,482.5051,253.0123,-99
5307448111,482.6876,252.7799,-99
5307481444,483.182,254.3362,-99
5307514777,483.5293,255.7475,-99
5307548110,482.8447,256.7578,-99
5307581443,482.0098,258.851,-99
5307614776,481.3409,260.8037,-99
5307648109,480.3693,263.479,-99
5307681442,478.406,266.624,-99
5307714775,476.8489,268.2383,-99
5307748108,476.071,268.3658,-99
5307781441,473.8901,268.7099,-99
5307814774,471.8187,265.3782,-99
5307848107,469.2065,280.3032,-99
5307881440,465.2815,271.2519,-99
5307914773,466.1348,278.5567,-99
5307948106,463.65,284.8375,-99
5307981439,466.0625,279.1429,-99
5308014772,466.6254,278.9352,-99
5308048105,465.3581,276.3446,-99
5308081438,465.3333,281.6036,-99
5308114771,465.7674,287.9305,-99
5308148104,468.9755,287.5441,-99
5308181437,469.735,289.115,-99
5308214770,468.702,288.0181,-99
5308248103,470.7248,286.0109,-99
5308281436,471.3402,286.5543,-99
5308314769,469.5174,288.8607,-99
5308348102,469.1523,290.1727,-99
5308383763,469.1367,289.9273,-99
5308417096,468.5841,287.7477,-99
5308450429,467.6142,287.7664,-99
5308483762,467.2453,288.7947,-99
5308517095,467.4289,290.3242,-99
5308550428,469.9134,291.2418,-99
5308583761,465.5747,292.2785,-99
5308617094,463.2212,292.0068,-99
5308650427,460.8844,293.0771,-99
5308683760,459.4421,293.2176,-99
5308717093,459.6728,293.0132,-99
5308750426,459.9414,293.359,-99
5308783759,460.6884,293.5,-99
5308817092,461.858,294.7129,-99
5308850425,463.7095,294.8017,-99
5308883758,463.7448,296.2629,-99
5308917091,463.1976,297.5857,-99
5308950424,462.3918,299.4825,-99
5308983757,462.6907,300.1116,-99
5309017090,463.8266,301.2965,-99
5309050423,466.5881,300.6152,-99
5309083756,464.3394,300.7061,-99
5309117089,462.8112,301.9853,-99
5309150422,464.7567,304.6172,-99
5309183755,467.5222,309.3528,-99
5309217088,467.9221,311.7603,-99
5309250421,468.1222,312.7702,-99
5309283754,467.097,314.1617,-99
5309317087,465.4694,315.3777,-99
5309350420,464.3623,316.0381,-99
5309383753,462.4149,316.3195,-99
5309417086,460.4668,318.1368,-99
5309450419,458.494,320.0361,-99
5309483752,456.2765,321.2079,-99
5309517085,454.5184,321.5876,-99
5309550418,453.9196,321.9518,-99
5309583751,449.9325,317.4802,-99
5309617084,449.7457,317.1379,-99
5309650417,451.277,320.4696,-99
5309683750,453.1682,322.5929,-99
5309717083,454.568,323.0181,-99
5309750416,454.8438,322.4301,-99
5309783749,455.2619,322.8185,-99
5309817082,456.1381,323.3674,-99
5309850415,455.5927,324.9817,-99
5309883748,452.6857,323.0629,-99
5309917081,452.2406,324.7826,-99
5309950414,450.9817,325.9765,-99
5309983747,450.102,326.9726,-99
5310017080,448.599,327.7766,-99
5310050413,446.5995,329.7984,-99
5310083746,446.0282,329.4608,-99
5310117079,443.9197,334.7744,-99
5310150412,438.3378,340.1915,-99
5310183745,437.2897,345.8357,-99
5310217078,436.2111,345.3561,-99
5310250411,435.1996,346.8767,-99
5310283744,433.5238,348.6337,-99
5310317077,432.5652,350.2055,-99
5310350410,431.605,352.3409,-99
5310383743,431.5032,358.3323,-99
5310417076,427.7191,361.603,-99
5310450409,427.322,360.1723,-99
5310483742,428.0606,361.0263,-99
5310517075,430.9644,358.8091,-99
5310550408,426.8222,361.4417,-99
5310583741,426.1422,366.1778,-99
5310617074,425.5028,369.3855,-99
5310650407,423.2643,371.7947,-99
5310683740,421.453,373.7102,-99
5310717073,419.1216,375.8996,-99
5310750406,416.5248,378.1541,-99
5310783739,416.0177,379.9175,-99
5310817072,415.109,380.8102,-99
5310850405,413.95,380.5043,-99
5310883738,415.0065,382.3875,-99
5310917071,414.2811,384.3272,-99
5310950404,410.7928,385.9928,-99
5310983737,408.0445,387.0712,-99
5311017070,407.0484,390.0277,-99
5311050403,411.8643,388.7588,-99
5311083736,411.8426,383.0328,-99
5311117069,409.9099,382.4689,-99
5311150402,405.4727,385.8026,-99
5311183735,398.1715,387.4959,-99
5311217068,393.2912,389.052,-99
5311250401,389.6684,390.6684,-99
5311283734,388.311,390.6127,-99
5311317067,386.4658,391.1135,-99
5311350400,385.0215,392.375,-99
5311383733,383.583,393.8069,-99
5311417066,381.7162,394.5463,-99
5311450399,380.3728,396.2545,-99
5311483732,377.1481,398.0767,-99
5311517065,375.2232,398.6046,-99
5311550398,372.5574,400.6047,-99
5311583731,369.1739,403.8309,-99
5311617064,364.5854,405.4309,-99
5311650397,361.9307,402.8268,-99
5311683730,359.6046,402.0021,-99
5311722611,360.0312,402.5071,-99
5311755944,358.1492,403.322,-99
5311789277,355.5026,402.0547,-99
5311822610,351.933,402.2187,-99
5311855943,348.0362,402.5738,-99
5311889276,346.2587,405.5093,-99
5311922609,344.6613,407.4919,-99
5311955942,344.4658,406.0068,-99
5311989275,345.3261,404.3732,-99
5312022608,342.2708,404.9315,-99
5312055941,340.1984,404.7672,-99
5312089274,339.1328,404.0557,-99
5312122607,337.2361,403.5605,-99
5312155940,335.9035,403.687,-99
5312189273,335.2776,404.2495,-99
5312222606,334,404.2813,-99
5312255939,332.7036,404.371,-99
5312289272,331.5367,404.3051,-99
5312322605,330.6599,405.821,-99
5312355938,329.4898,406.7959,-99
5312389271,327.8758,408.4701,-99
5312422604,324.3938,408.2997,-99
5312455937,324.058,407.4886,-99
5312489270,323.2272,406.9195,-99
5312522603,322.6506,406.3546,-99
5312555936,321.9381,405.7216,-99
5312589269,320.63,405.4538,-99
5312622602,319.7031,405.0765,-99
5312655935,318.6362,405.0713,-99
5312689268,317.3722,404.9228,-99
5312722601,316.5316,404.9162,-99
5312755934,315.9326,405.1028,-99
5312789267,316.0701,404.5396,-99
5312822600,315.7609,403.0573,-99
5312855933,313.9428,402.0607,-99
5312889266,313.0707,400.8879,-99
5312922599,311.5034,399.2735,-99
5312955932,310.5769,397.9732,-99
5312989265,310.0826,395.6104,-99
5313022598,308.8125,394.2969,-99
5313055931,308.2783,392.3662,-99
5313089264,308.5936,391.3327,-99
5313122597,309.3009,391.927,-99
5313155930,309.2239,391.5033,-99
5313189263,308.0405,391.7838,-99
5313222596,306.7325,392.261,-99
5313255929,307.2478,392.6903,-99
5313289262,305.4112,393.854,-99
5313322595,304.6732,394.6601,-99
5313355928,303.1194,396.6171,-99
5313391559,303.4341,397.756,-99
5313424892,301.5529,399.521,-99
5313458225,299.146,399.9889,-99
5313491558,296.7504,401.662,-99
5313524891,293.5818,402.9843,-99
5313558224,292.0518,403.4353,-99
5313591557,291.698,403.1225,-99
5313624890,292.0197,403.1846,-99
5313658223,292.5081,402.1495,-99
5313691556,292.1225,401.8647,-99
5313724889,292.0199,402.4619,-99
5313758222,291.755,402.7623,-99
5313791555,291.6209,404.0146,-99
5313824888,291.6537,404.524,-99
5313858221,293.112,405.5173,-99
5313891554,294.4577,406.1106,-99
5313924887,295.5711,405.1358,-99
5313958220,296.1352,404.1309,-99
5313991553,296.9515,403.5781,-99
5314024886,296.2269,403.2584,-99
5314058219,295.266,403.0602,-99
5314091552,294.3073,402.311,-99
5314124885,294.8893,402.6089,-99
5314158218,294.6375,402.3587,-99
5314191551,295.394,402.4297,-99
5314224884,295.8629,402.2031,-99
5314258217,294.9933,401.8037,-99
5314291550,295.5115,401.5592,-99
5314324883,296.0193,400.9952,-99
5314358216,296.0529,400.2949,-99
5314391549,296.8372,400.6242,-99
5314424882,296.6903,400.397,-99
5314458215,296.8051,401.3664,-99
5314491548,296.186,402.616,-99
5314524881,296.2732,404.0125,-99
5314558214,296.3745,406.1049,-99
5314591547,295.725,409.2,-99
5314624880,294.7658,411.0634,-99
5314658213,294.488,414.0179,-99
5314691546,295.3103,416.7484,-99
5314724879,294.7134,420.3368,-99
5314758212,295.1196,423.0674,-99
5314791545,295.8937,426.0434,-99
5314824878,297.2256,429.2423,-99
5314858211,299.0224,437.8731,-99
5314891544,299.2007,438.3625,-99
5314924877,300.883,436.4521,-99
5314958210,301.6805,437.7974,-99
5314991543,301.0687,436.989,-99
5315024876,302.0066,439.8515,-99
5315058209,303.1202,441.5515,-99
5315091542,304.6236,443.4832,-99
5315124875,305.7017,443.8674,-99
5315158208,305.9829,440.3863,-99
5315191541,306.994,443.0121,-99
5315224874,306.982,442.503,-99
5315258207,305.9221,442.5158,-99
5315291540,306.1891,442.8672,-99
5315324873,305.5352,440.4465,-99
5315358206,305.0513,435.4645,-99
5315391539,302.8575,432.8938,-99
5315424872,300.0251,430.3769,-99
5315458205,297.095,426.4547,-99
5315491538,293.2967,422.3154,-99
5315524871,290.5739,417.6773,-99
5315558204,286.7739,415.042,-99
5315591537,283.7709,411.3107,-99
5315624870,282.1561,407.2447,-99
5315658203,279.0102,402.8,-99
5315691536,278.5036,400.8388,-99
5315724869,276.5425,398.9886,-99
5315758202,276.3836,397.9427,-99
5315791535,275.8402,396.7215,-99
5315824868,275.5616,393.6895,-99
5315858201,273.7249,391.359,-99
5315891534,273.1479,387.838,-99
5315924867,271.4654,386.1241,-99
5315958200,269.9227,384.1328,-99
5315991533,267.7725,384.1564,-99
5316024866,264.7413,385.5058,-99
5316058199,263.7039,387.8974,-99
5316091532,261.465,389.5372,-99
5316124865,259.6578,391.4415,-99
5316158198,257.1872,392.7101,-99
5316191531,254.4507,393.5628,-99
5316224864,250.8418,392.5989,-99
5316258197,249.1143,392.0857,-99
5316291530,246.2543,391.6065,-99
5316324863,243.6608,390.9385,-99
5316358196,239.3605,388.812,-99
5316391529,237.1946,387.7047,-99
5316424862,236.1615,386.6596,-99
5316458195,232.4088,384.7831,-99
5316491528,229.9281,383.25,-99
5316524861,227.3861,380.7916,-99
5316558194,226.5446,378.3929,-99
5316591527,225.4688,376.4521,-99
5316624860,224.0287,374.2649,-99
5316658193,224.2887,372.7367,-99
5316691526,222.5973,370.286,-99
5316718155,222.4213,367.7428,-99
5316751488,219.1864,366.6252,-99
5316784821,217.8427,366.5238,-99
5316818154,216.1529,367.0085,-99
5316851487,214.6783,367.9256,-99
5316884820,213.6727,368.1928,-99
5316918153,213.7966,368.4794,-99
5316951486,211.7786,368.6905,-99
5316984819,210.4404,368.4258,-99
5317018152,209.1035,365.7909,-99
5317051485,206.7954,363.9208,-99
5317084818,205.287,362.5126,-99
5317118151,204.4679,361.8388,-99
5317151484,203.2998,360.6205,-99
5317184817,202.2929,358.2768,-99
5317218150,200.9191,358.2024,-99
5317251483,200.5981,356.7565,-99
5317284816,198.4574,354.6131,-99
5317318149,198.057,352.8456,-99
5317351482,196.3714,350.8665,-99
5317384815,195.2344,348.4189,-99
5317418148,194.5498,346.2038,-99
5317451481,192.6858,343.995,-99
5317484814,192.4335,341.4754,-99
5317518147,191.6641,338.8041,-99
5317551480,191.7111,336.079,-99
5317584813,190.1029,334.285,-99
5317618146,189.4847,332.3622,-99
5317651479,189.4772,330.5406,-99
5317684812,189.1607,328.8521,-99
5317718145,188.6304,327.4076,-99
5317751478,187.7153,325.9307,-99
5317784811,186.7036,324.5335,-99
5317818144,185.8296,323.4525,-99
5317851477,184.0846,321.7513,-99
5317884810,183.315,320.8871,-99
5317918143,182.1776,320.0191,-99
5317951476,180.6326,318.5171,-99
5317984809,179.4537,318.1805,-99
5318018142,177.9435,312.818,-99
5318051475,176.6388,310.9633,-99
5318084808,176.1037,308.1253,-99
5318118141,175.8605,304.0804,-99
5318151474,174.9322,300.7418,-99
5318184807,174.3303,299.1891,-99
5318218140,172.5676,297.2905,-99
5318251473,171.8234,294.6891,-99
5318284806,171.025,290.7111,-99
5318318139,170.7871,287.5822,-99
5318351472,171.7159,285.0975,-99
5318391306,172.6495,282.8071,-99
5318424639,172.5718,279.1816,-99
5318457972,173.5886,275.2486,-99
5318491305,173.6386,274.9266,-99
5318524638,173.616,271.6667,-99
5318557971,173.5523,271.1394,-99
5318591304,172.3613,269.144,-99
5318624637,172.9642,267.2039,-99
5318657970,172.1631,264.3342,-99
5318691303,170.9742,261.0567,-99
5318724636,171.8907,259.1467,-99
5318757969,171.0793,256.2692,-99
5318791302,170.0471,256.1859,-99
5318824635,169.942,255.2612,-99
5318857968,168.903,253.3261,-99
5318891301,168.2039,250.3575,-99
5318924634,168.5629,247.9341,-99
5318957967,170.4265,245.5515,-99
5318991300,170.5606,241.5183,-99
5319024633,173.4831,241.0815,-99
5319057966,173.8189,237.2541,-99
5319091299,174.3187,234.0385,-99
5319124632,176.3504,232.8086,-99
5319157965,177.1979,229.3932,-99
5319191298,177.77,225.95,-99
5319224631,180.2924,224.5774,-99
5319257964,180.3818,220.3117,-99
5319291297,182.7273,218.7366,-99
5319324630,182.7241,215.8674,-99
5319357963,183.2436,213.8618,-99
5319391296,182.3586,211.6597,-99
5319424629,181.6937,209.4385,-99
5319457962,181.0856,207.9511,-99
5319491295,178.8822,206.2382,-99
5319524628,177.7293,204.9915,-99
5319557961,178.2561,203,-99
5319591294,181.2734,199.446,-99
5319624627,182.5153,196.5377,-99
5319657960,184.1936,193.1717,-99
5319691293,185.8625,191.1951,-99
5319724626,186.4945,189.3508,-99
5319757959,188.0349,184.9709,-99
5319791292,191.1695,182.908,-99
5319824625,192.6801,180.7608,-99
5319857958,193.9684,178.4789,-99
5319891291,194.0062,176.839,-99
5319924624,195.2667,176.0611,-99
5319957957,197.0026,174.7725,-99
5319991290,197.4355,173.6828,-99
5320024623,198.741,172.3193,-99
5320060253,200.0052,169.7344,-99
5320093586,201.8592,168.7654,-99
5320126919,203.304,165.6053,-99
5320160252,205.2453,163.5418,-99
5320193585,206.229,160.3842,-99
5320226918,207.9882,158.12,-99
5320260251,209.2219,155.9781,-99
5320293584,209.209,153.4552,-99
5320326917,209.6314,152.6856,-99
5320360250,208.4591,151.0871,-99
5320393583,207.9438,150.2054,-99
5320426916,207.426,150.5,-99
5320460249,206.114,149.4386,-99
5320493582,207.2302,148.0581,-99
5320526915,207.9044,145.9203,-99
5320560248,209.8661,146.4409,-99
5320593581,211.9236,146.2866,-99
5320626914,215.6123,145.2203,-99
5320660247,219.0065,145.0497,-99
5320693580,222.3095,144.1495,-99
5320726913,224.9729,143.7521,-99
5320760246,227.2615,143.5084,-99
5320793579,228.4486,141.4574,-99
5320826912,230.5584,139.8812,-99
5320860245,232.1836,139.657,-99
5320893578,234.614,138.6117,-99
5320926911,235.8883,138.5636,-99
5320960244,238.3031,139.2238,-99
5320993577,240.2706,139.451,-99
5321026910,242.0954,138.4098,-99
5321060243,242.252,138.311,-99
5321093576,242.8808,137.2798,-99
5321126909,244.651,135.401,-99
5321160242,245.5263,133.338,-99
5321193575,247.3151,133.0893,-99
5321226908,250.1047,130.2843,-99
5321260241,253.1535,129.7822,-99
5321293574,256.1279,129.5822,-99
5321326907,259.1133,128.9807,-99
5321360240,262.6547,128.6445,-99
5321393573,264.4176,128.2308,-99
5321426906,265.8449,127.9706,-99
5321460239,267.985,127.0025,-99
5321493572,270.3687,126.8024,-99
5321526905,272.2185,125.8091,-99
5321560238,272.6,124.9535,-99
5321593571,273.9845,124.3135,-99
5321626904,275.2506,123.5418,-99
5321660237,277.302,122.7277,-99
5321693570,279.6247,122.1735,-99
5321732482,282.0696,122.4652,-99
5321765815,285.5261,122.1547,-99
5321799148,288.3829,121.5898,-99
5321832481,289.815,120.5759,-99
5321865814,292.5,119.5,-99
5321899147,295.4425,117.0239,-99
5321932480,297.7367,116.0152,-99
5321965813,301.4083,113.8667,-99
5321999146,304.4751,113.9554,-99
5322032479,306.4543,112.851,-99
5322065812,308.0331,112.9364,-99
5322099145,310.3641,110.1793,-99
5322132478,312.3971,108.5245,-99
5322165811,314.7466,107.7575,-99
5322199144,316.6558,107.0151,-99
5322232477,318.9026,106.2947,-99
5322265810,321.477,106.3089,-99
5322299143,324.0302,107.063,-99
5322332476,326.4528,107.5256,-99
5322365809,329.3673,106.9923,-99
5322399142,331.3556,108.0611,-99
5322432475,333.1536,108.8113,-99
5322465808,334.81,109.6887,-99
5322499141,335.6198,109.8151,-99
5322532474,336.0079,108.4116,-99
5322565807,336.1576,107.9173,-99
5322599140,336.5509,108.073,-99
5322632473,338.1417,107.2165,-99
5322665806,339.4375,106.9045,-99
5322699139,340.4585,107.1887,-99
5322732472,341.0199,108.5538,-99
5322765805,341.3186,109.8481,-99
5322799138,341.4833,110.8167,-99
5322832471,340.6189,112.2448,-99
5322865804,340.4498,112.3777,-99
5322899137,340.2686,112.3276,-99
5322932470,340.4429,112.6575,-99
5322965803,340.877,113.5159,-99
5322999136,341.729,114.1735,-99
5323032469,343.0167,116.0352,-99
5323065802,343.8133,117.3568,-99
5323099135,345.0072,118.4893,-99
5323132468,344.8731,119.4817,-99
5323165801,345.4703,119.6064,-99
5323199134,346.2917,119.4609,-99
5323232467,347.7739,118.5455,-99
5323265800,348.3114,118.2734,-99
5323299133,348.8986,115.7077,-99
5323332466,349.6207,114.1847,-99
5323365799,350.2214,112.3455,-99
5323399132,351.1281,111.2291,-99
5323432465,352.9739,110.6603,-99
5323465798,353.7421,111.2873,-99
5323499131,354.0825,111.0825,-99
5323532464,354.4772,111.3573,-99
5323565797,355.9955,111.779,-99
5323599130,358.0573,114.1338,-99
5323632463,359.4297,114.4836,-99
5323665796,361.9402,116.5551,-99
5323699129,364.8045,118.1405,-99
5323732462,367.7778,120.6513,-99
5323765795,368.7143,121.7506,-99
5323799128,371.4649,125.2987,-99
5323832461,374.2474,128.2168,-99
5323865794,376.0073,129.9637,-99
5323899127,377.268,131.6521,-99
5323932460,378.8058,131.622,-99
5323965793,378.324,131.1848,-99
5323999126,380.159,130.3897,-99
5324032459,382.0053,129.632,-99
5324065792,383.8694,128.6834,-99
5324099125,386.2381,129.9167,-99
5324132458,388.1682,131.2511,-99
5324165791,389.7648,132.4742,-99
5324199124,391.705,133.9245,-99
5324232457,392.4483,136.144,-99
5324265790,393.2794,138.4008,-99
5324299123,393.8882,140.2389,-99
5324332456,396.3571,142.6847,-99
5324365789,398.2567,145.5,-99
5324399122,399.5873,147.3631,-99
5324432455,402.4583,150.5071,-99
5324465788,405.9349,153.4811,-99
5324499121,408.4727,153.7065,-99
5324532454,411.3731,155.4772,-99
5324565787,414.1956,157.2092,-99
5324599120,416.5269,158.7954,-99
5324632453,420.057,160.0492,-99
5324665786,423.8692,161.3051,-99
5324699119,427.5688,162.7247,-99
5324732452,430.9313,166.5876,-99
5324765785,434.0618,168.8581,-99
5324799118,437.0023,170.9746,-99
5324832451,438.8134,171.8785,-99
5324865784,440.7277,172.8475,-99
5324899117,442.3859,172.823,-99
5324932450,445.4945,173.4158,-99
5324965783,447.4489,174.2481,-99
5324999116,448.5292,175.0282,-99
5325032449,450.2318,176.2184,-99
5325068079,449.7788,175.8442,-99
5325101412,449.6283,176.6978,-99
5325134745,449.8043,176.7319,-99
5325168078,448.7493,178.7749,-99
5325201411,447.7397,180.6057,-99
5325234744,446.2277,180.5916,-99
5325268077,446.0159,180.4111,-99
5325301410,446.1135,180.227,-99
5325334743,447.2384,178.0124,-99
5325368076,447.7078,176.6916,-99
5325401409,447.7282,176.0268,-99
5325434742,446.7936,177.1773,-99
5325468075,446.0281,180.2014,-99
5325501408,446.0848,182.8972,-99
5325534741,444.4911,185.8929,-99
5325568074,446.5016,188.1807,-99
5325601407,445.9052,191.2126,-99
5325634740,445.2294,194.2706,-99
5325668073,445.3556,195.8722,-99
5325701406,450.2368,203.7,-99
5325734739,449.8526,206.5833,-99
5325768072,440.7805,207.1951,-99
5325801405,435.5,212,-99
5325834738,441.2667,209.0667,-99
5325868071,452.0615,207.3692,-99
5325901404,451.9514,210.5631,-99
5325934737,450.8944,214.6408,-99
5325968070,447.912,216.2218,-99
5326001403,455,221.1105,-99
5326034736,460.4897,226.6483,-99
5326068069,454.8819,228.2878,-99
5326101402,457.0878,229.804,-99
5326134735,457.1815,232.6436,-99
5326168068,457.2693,232.3093,-99
5326201401,458.6688,233.0797,-99
5326234734,459.9207,232.4655,-99
5326268067,457.6292,231.9292,-99
5326301400,459.331,237.7113,-99
5326334733,463.8487,241.1216,-99
5326368066,470.1366,244.8033,-99
5326401399,467.642,253.5021,-99
5326434732,468.8582,255.5824,-99
5326468065,468.1671,255.217,-99
5326501398,468.2139,254.4691,-99
5326534731,468.0936,256.6849,-99
5326568064,467.653,259.5219,-99
5326601397,466.1129,260.8472,-99
5326634730,468.9527,261.1689,-99
5326668063,470.55,263.3028,-99
5326701396,469.9889,263.5791,-99
5326734729,469.8704,263.8812,-99
5326768062,469.9618,263.7865,-99
5326801395,469.3667,264.1381,-99
5326834728,469.5829,265.5717,-99
5326868061,469.3079,266.1981,-99
5326901394,470.3203,265.9243,-99
5326934727,470.6587,266.5505,-99
5326968060,470.9719,267.4637,-99
5327001393,471.0046,268.2603,-99
5327034726,469.763,268.1224,-99
5327068059,469.1095,268.7811,-99
5327101392,469.4521,271.887,-99
5327134725,468.7051,272.6636,-99
5327168058,465.6621,273.2752,-99
5327201391,463.6471,274.8289,-99
5327234724,462.6978,276.3819,-99
5327268057,461.6085,276.6535,-99
5327301390,462.6733,274.9901,-99
5327334723,463.3261,275.8674,-99
5327368056,464.4989,275.9029,-99
5327401389,465.6264,276.0571,-99
5327434722,466.366,275.9832,-99
5327468055,465.3976,276.6282,-99
5327501388,465.7846,275.844,-99
5327534721,465.0637,276.3491,-99
5327568054,464.0727,276.998,-99
5327601387,463.357,277.2899,-99
5327634720,462.0042,278.8941,-99
5327668053,461.2324,280.0311,-99
5327701386,460.4697,281.5127,-99
5327734719,460.3112,282.773,-99
5327768052,460.049,284.3531,-99
5327801385,459.1772,286.3157,-99
5327834718,458.9615,288.5692,-99
5327868051,457.7523,289.7959,-99
5327901384,457.955,289.9326,-99
5327934717,457.6321,292.7421,-99
5327968050,455.5988,294.062,-99
5328001383,454.6983,295.1092,-99
5328034716,454.1661,296.1329,-99
5328068049,452.3026,295.4299,-99
5328101382,452.5362,300.3371,-99
5328134715,452.9101,302.4562,-99
5328168048,453.0495,303.4516,-99
5328201381,453.2601,304.3241,-99
5328234714,453.5,305.8611,-99
5328268047,455.6216,306.3757,-99
5328301380,455.9973,307.9088,-99
5328334713,456.1643,309.4496,-99
5328368046,457.5027,310.1841,-99
5328397207,458.6898,311.9584,-99
5328430540,457.8747,315.0313,-99
5328463873,458.394,316.9936,-99
5328497206,458.2344,318.7849,-99
5328530539,458.5642,320.1158,-99
5328563872,458.3245,321.2813,-99
5328597205,456.3169,321.189,-99
5328630538,457.2579,324.235,-99
5328663871,458.0507,325.5036,-99
5328697204,459.5192,326.7538,-99
5328730537,459.6958,329.2098,-99
5328763870,459.2258,329.4552,-99
5328797203,459.5405,328.8031,-99
5328830536,460.1087,326.6449,-99
5328863869,459.9003,326.9528,-99
5328897202,459.3589,327.7129,-99
5328930535,458.782,327.5085,-99
5328963868,455.9147,325.0078,-99
5328997201,453.5182,323.3361,-99
5329030534,450.5155,325.5851,-99
5329063867,449.614,324.614,-99
5329097200,447.7125,324.2917,-99
5329130533,445.0616,325.2306,-99
5329163866,443.4874,325.7485,-99
5329197199,440.4448,325.2975,-99
5329230532,441.1053,328.8612,-99
5329263865,442.1981,332.3154,-99
5329297198,439.2992,335.4447,-99
5329330531,437.1465,337.431,-99
5329363864,437.3376,337.33,-99
5329397197,435.7459,339.123,-99
5329430530,433.9918,340.8159,-99
5329463863,432.6575,342.6208,-99
5329497196,430.9767,344.8073,-99
5329530529,431.249,348.07,-99
5329563862,431.7492,347.9582,-99
5329597195,432.6242,348.5892,-99
5329630528,432.881,352.0675,-99
5329663861,433.4487,353.7625,-99
5329697194,432.8816,357.8711,-99
5329730527,431.2926,361.1069,-99
5329763860,431.6561,364.4306,-99
5329797193,430.9954,364.3991,-99
5329830526,427.4219,367.8586,-99
5329863859,425.3113,370.4363,-99
5329897192,424.4757,371.9898,-99
5329930525,423.3093,370.2132,-99
5329963858,422.3382,371.7493,-99
5329997191,421.7982,373.0181,-99
5330030524,419.767,374.9738,-99
5330066873,417.875,380.3099,-99
5330100206,417.5872,382.4788,-99
5330133539,418.4984,385.163,-99
5330166872,417.0127,386.7114,-99
5330200205,413.4713,388.5938,-99
5330233538,411.2816,388.0362,-99
5330266871,407.3252,387.7628,-99
5330300204,404.2794,386.6164,-99
5330333537,400.7892,386.4283,-99
5330366870,397.3881,386.548,-99
5330400203,399.7455,386.6727,-99
5330433536,395.9113,385.8468,-99
5330466869,394.6743,384.9109,-99
5330500202,394.5329,384.9249,-99
5330533535,394.4847,385.2071,-99
5330566868,394.0147,387.174,-99
5330600201,394.2136,388.6596,-99
5330633534,394.3211,389.344,-99
5330666867,393.2774,390.772,-99
5330700200,391.1669,391.6132,-99
5330733533,391.4314,392.3339,-99
5330766866,390.1337,393.6898,-99
5330800199,390.858,394.2227,-99
5330833532,390.4966,394.9819,-99
5330866865,385.4825,394.5058,-99
5330900198,385.4412,394.8326,-99
5330933531,377.7367,395.552,-99
5330966864,349.4152,394.4378,-99
5331000197,364.8528,395.8384,-99
5331033530,373.0929,396.1047,-99
5331066863,370.478,396.3384,-99
5331100196,368.2932,396.3553,-99
5331133529,365.8811,396.7547,-99
5331166862,364.2676,396.2871,-99
5331200195,362.2308,396.501,-99
5331233528,359.2495,396.3665,-99
5331266861,356.8772,396.7658,-99
5331300194,353.1433,397.9427,-99
5331333527,351.3418,398.2532,-99
5331366860,350.329,399.2751,-99
5331400193,350.2125,402.0354,-99
5331433526,349.4508,403.8381,-99
5331466859,348.0677,406.155,-99
5331500192,346.632,407.2037,-99
5331533525,342.812,408.3321,-99
5331566858,340.693,408.6577,-99
5331600191,338.9207,407.86,-99
5331633524,337.4107,407.5768,-99
5331666857,335.5201,406.4549,-99
5331700190,331.8704,406.2289,-99
5331733523,328.6234,406.3849,-99
5331766856,327.0037,406.4635,-99
5331800189,325.8882,406.2392,-99
5331833522,325.7387,407.2477,-99
5331866855,323.4874,407.7986,-99
5331900188,321.549,408.1253,-99
5331933521,320.1833,408.3643,-99
5331966854,318.206,408.3341,-99
5332000187,316.9287,407.9073,-99
5332033520,314.0687,407.5493,-99
5332066853,310.284,405.95,-99
5332100186,307.4004,405.1252,-99
5332133519,305.002,404.5675,-99
5332166852,303.9546,403.75,-99
5332200185,302.2118,404.048,-99
5332233518,299.8318,403.4364,-99
5332266851,296.8456,403.3065,-99
5332300184,295.912,403.219,-99
5332333517,294.8467,402.0961,-99
5332366850,293.9908,402.4375,-99
5332400183,292.927,402.0487,-99
5332433516,291,401.1491,-99
5332466849,288.1125,401.0369,-99
5332500182,285.6885,400.3163,-99
5332533515,285.4842,399.9155,-99
5332566848,284.0577,399.3141,-99
5332600181,282.7394,398.6021,-99
5332633514,281.0593,397.9511,-99
5332666847,278.9709,397.7723,-99
5332700180,277.3676,398.162,-99
5332733513,275.3644,398.7246,-99
5332766846,274.9438,399.1371,-99
5332800179,273.211,398.9802,-99
5332833512,271.4819,397.9977,-99
5332866845,269.2522,396.6571,-99
5332900178,267.5762,395.3929,-99
5332933511,265.0518,394.1734,-99
5332966844,264.1693,392.7048,-99
5333000177,262,391.5841,-99
5333033510,260.9445,389.6467,-99
5333066843,258.8263,389.3675,-99
5333100176,256.8507,388.8982,-99
5333133509,254.9766,389.096,-99
5333166842,253.8578,388.6843,-99
5333200175,252.4694,388.846,-99
5333233508,251.7977,387.9885,-99
5333266841,250.196,386.9662,-99
5333300174,248.4929,386.6095,-99
5333333507,247.5637,385.8358,-99
5333366840,246.872,385.1232,-99
5333402502,245.3893,384.6037,-99
5333435835,244.0046,384.6023,-99
5333469168,242.2233,384.8884,-99
5333502501,240.3028,385.1455,-99
5333535834,238.7634,385.7991,-99
5333569167,237.1466,385.7636,-99
5333602500,233.5011,385.3002,-99
5333635833,229.9526,381.4791,-99
5333669166,228.7968,380.43,-99
5333702499,227.2876,380.5056,-99
5333735832,226.7617,378.8551,-99
5333769165,225.3098,376.8237,-99
5333802498,223.9715,374.886,-99
5333835831,221.6618,373.8137,-99
5333869164,220.8292,371.7896,-99
5333902497,220.0508,370.6628,-99
5333935830,217.7139,369.3607,-99
5333969163,217.4096,367.1012,-99
5334002496,217.1393,365.1393,-99
5334035829,216.477,363.8444,-99
5334069162,216.258,362.4767,-99
5334102495,216.0927,361.2256,-99
5334135828,215.1533,360.5,-99
5334169161,215.5368,359.5684,-99
5334202494,214.7168,359.7219,-99
5334235827,213.2571,358.3319,-99
5334269160,212.703,358.0278,-99
5334302493,211.1826,358.3567,-99
5334335826,210.0428,358.7966,-99
5334369159,209.048,359.0961,-99
5334402492,208.4361,359.9499,-99
5334435825,208.2287,360.1606,-99
5334469158,206.7406,360.4104,-99
5334502491,207.1386,361.2797,-99
5334535824,206.9091,363.0134,-99
5334569157,206.3015,363.8505,-99
5334602490,206.0231,364.8205,-99
5334635823,205.9747,365.6684,-99
5334669156,205.0876,365.3017,-99
5334702489,205.0825,364.3814,-99
5334735822,205.2267,363.9958,-99
5334769155,204.4861,363.1594,-99
5334802488,203.8881,362.2147,-99
5334835821,204.1303,361.4828,-99
5334869154,205.8152,359.9591,-99
5334902487,206.9879,359.2857,-99
5334935820,208.3729,359.35,-99
5334969153,209.252,357.5143,-99
5335002486,210.6892,355.1815,-99
5335035819,211.1225,355.1408,-99
5335077950,212.2682,354.3412,-99
5335111283,212.2523,353.8266,-99
5335144616,213.7918,353.0275,-99
5335177949,212.6837,353.0913,-99
5335211282,213.2308,352.2286,-99
5335244615,213.0629,353.1393,-99
5335277948,213.364,352.2163,-99
5335311281,213.4763,353.2935,-99
5335344614,213.5477,352.6962,-99
5335377947,212.9258,352.9915,-99
5335411280,213.877,353.0139,-99
5335444613,214.4511,352.2617,-99
5335477946,214.9742,352.5172,-99
5335511279,215.7314,351.5546,-99
5335544612,216.8828,350.9603,-99
5335577945,218.0837,350.3281,-99
5335611278,218.2782,349.4879,-99
5335644611,219.5221,349.459,-99
5335677944,219.0891,348.8686,-99
5335711277,219.6057,349.1057,-99
5335744610,219.3476,348.6652,-99
5335777943,219.7878,349.1029,-99
5335811276,219.1804,348.5478,-99
5335844609,219.3424,348.7912,-99
5335877942,218.3648,348.8679,-99
5335911275,218.4907,348.9979,-99
5335944608,218.166,349.3785,-99
5335977941,218.1707,349.2626,-99
5336011274,217.9371,349.3834,-99
5336044607,217.9033,349.2484,-99
5336077940,218.1488,349.3967,-99
5336111273,217.8118,348.8182,-99
5336144606,217.9306,349.0694,-99
5336177939,218.7743,349.0992,-99
5336211272,219.1986,349.1293,-99
5336244605,220.4108,348.946,-99
5336277938,220.733,349.3762,-99
5336311271,221.4802,348.698,-99
5336344604,222.7263,348.4399,-99
5336377937,223.43,348.14,-99
5336411270,223.6,348.0205,-99
5336444603,224.3128,347.5714,-99
5336477936,224.7082,347.9501,-99
5336511269,224.1131,348.1458,-99
5336544602,225.2252,348.7297,-99
5336577935,224.6577,348.9167,-99
5336611268,224.9702,349.2947,-99
5336644601,224.6928,349,-99
5336677934,224.956,349.5755,-99
5336711267,224.1071,349.8661,-99
5336744600,224.1352,350.1793,-99
5336777933,223.0302,350.4139,-99
5336811266,223.876,349.9515,-99
5336844599,223.4963,349.357,-99
5336877932,223.8917,349.182,-99
5336911265,223.25,349.3253,-99
5336944598,223.5901,349.7567,-99
5336977931,222.9549,349.7625,-99
5337011264,223.1581,350.2383,-99
5337044597,222.8318,350.5071,-99
5337077930,223.1727,350.7892,-99
5337111263,223.6757,351.3919,-99
5337144596,223.3899,352.3873,-99
5337177929,223.4593,353.2625,-99
5337211262,223.3663,352.7849,-99
5337244595,224.1199,352.9237,-99
5337277928,224.7033,352.6071,-99
5337311261,225.1441,353.3844,-99
5337344594,225.427,353.2479,-99
5337377927,225.2471,353.7356,-99
5337411260,225.36,353.78,-99
5337444593,226.2853,353.9267,-99
5337477926,226.1511,354.1264,-99
5337511259,226.2454,353.8564,-99
5337544592,226.5632,354.2006,-99
5337577925,226.6122,354.7258,-99
5337611258,226.7805,355.0732,-99
5337644591,227.1003,355.9023,-99
5337677924,227.413,354.3061,-99
5337711257,227.6957,354.5349,-99
5337744590,227.5152,354.9657,-99
5337777923,227.9559,354.7562,-99
5337811256,227.9482,353.7074,-99
5337844589,228.0741,351.5967,-99
5337877922,230.1581,350.2505,-99
5337911255,232.002,347.2191,-99
5337944588,234.3117,347.1571,-99
5337977921,235.5553,347.6921,-99
5338011254,237.2049,347.9016,-99
5338044587,237.5376,347.0699,-99
5338077920,236.8654,346.8602,-99
5338111253,236.793,347.3651,-99
5338144586,237.2489,347.0837,-99
5338177919,237.4739,346.9435,-99
5338211252,237.6004,347.0519,-99
5338244585,237.9207,346.5934,-99
5338277918,237.4808,345.711,-99
5338311251,238.7073,345.1995,-99
5338344584,238.5512,344.7848,-99
5338377917,239.7781,344.2551,-99
5338416798,240.3488,342.7468,-99
5338450131,241.6478,341.2185,-99
5338483464,242.5332,338.8673,-99
5338516797,244.0921,337.6179,-99
5338550130,246.8731,337.2176,-99
5338583463,247.71,336.4878,-99
5338616796,248.0591,336.8414,-99
5338650129,247.0128,335.6769,-99
5338683462,246.0077,335.162,-99
5338716795,244.4525,335.425,-99
5338750128,242.8433,335.0945,-99
5338783461,241.2519,334.545,-99
5338816794,240.9571,334.067,-99
5338850127,240.9485,333.7561,-99
5338883460,240.3183,333.8722,-99
5338916793,240.6768,333.202,-99
5338950126,241.0443,333.1797,-99
5338983459,241.3128,333.2538,-99
5339016792,242.787,335.7143,-99
5339050125,243.3038,336.3291,-99
5339083458,243.5816,336.2222,-99
5339116791,243.4071,335.9529,-99
5339150124,243.6916,336.9383,-99
5339183457,244.3553,337.6979,-99
5339216790,243.9591,338.2968,-99
5339250123,243.5163,338.3694,-99
5339283456,242.6267,338.3104,-99
5339316789,239.8856,338.3919,-99
5339350122,236.7366,338.6852,-99
5339383455,232.1822,338.8525,-99
5339416788,227.4783,339.2478,-99
5339450121,223.7987,339.3836,-99
5339483454,219.0503,339.1782,-99
5339516787,214.5404,339.0695,-99
5339550120,211.4892,338.5541,-99
5339583453,208.0022,338.3493,-99
5339616786,204.9395,338.0179,-99
5339650119,201.9978,338.4839,-99
5339683452,200.3239,339.8203,-99
5339716785,199.292,341.3504,-99
5339750118,196.8941,342.5633,-99
5339783451,195.8909,343.4137,-99
5339816784,194.5234,342.8598,-99
5339850117,191.6775,342.6868,-99
5339883450,189.9371,342.3019,-99
5339916783,187.9524,343.3356,-99
5339950116,186.4367,344.8939,-99
5339983449,185.4553,347.1895,-99
5340016782,185.1715,348.7795,-99
5340050115,186.8744,350.8276,-99
5340083448,186.4884,352.1731,-99
5340116781,187.9375,350.9351,-99
5340150114,186.5412,348.4757,-99
5340183447,185.3696,343.9696,-99
5340216780,185.5283,339.8869,-99
5340250113,185.8474,337.0742,-99
5340283446,186.9038,333.7896,-99
5340316779,187.2041,333.2585,-99
5340350112,185.6981,331.0189,-99
5340383445,185.75,328.4015,-99
5340416778,185.2531,325.9337,-99
5340450111,184.8302,322.7709,-99
5340483444,184.7727,321.5202,-99
5340516777,184.3333,318.3095,-99
5340550110,184.6637,316.8783,-99
5340583443,184.8224,315.837,-99
5340616776,184.9724,314.1267,-99
5340650109,186.6658,314.4228,-99
5340683442,187.9234,314.3134,-99
5340716775,188.6316,313.802,-99
5340750108,188.8054,311.5432,-99
5340783441,188.1032,310.2884,-99
5340816774,188.3703,307.7761,-99
5340850107,187.4245,306.3717,-99
5340883440,186.258,304.726,-99
5340916773,184.4508,301.016,-99
5340950106,183.5865,300.2742,-99
5340983439,180.9756,296.5809,-99
5341016772,180.2677,294.0025,-99
5341050105,179.0816,292.1769,-99
5341083438,177.5337,289.0745,-99
5341116771,176.3938,287.1529,-99
5341150104,175.0161,286.2869,-99
5341183437,173.6587,283.1547,-99
5341216770,173.0167,279.4972,-99
5341250103,172.5233,277.6794,-99
5341283436,172.4649,274.9162,-99
5341316769,173.1264,271.8626,-99
5341350102,173.1444,270.5829,-99
5341383435,172.3199,267.0288,-99
5341416768,174.0519,266.0547,-99
5341450101,172.6152,263.0337,-99
5341483434,173.9157,261.4651,-99
5341516767,172.2689,259.2633,-99
5341550100,171.8169,257.3866,-99
5341583433,172.3208,255.3058,-99
5341616766,170.7071,254.5101,-99
5341650099,169.9049,254.3804,-99
5341683432,171.0218,254.9673,-99
5341716765,171.6534,253.5767,-99
5341744316,173.2626,253.2122,-99
5341777649,174.545,250.4139,-99
5341810982,176.8355,249.3581,-99
5341844315,178.4823,247.4015,-99
5341877648,178.8643,245.3156,-99
5341910981,180.8657,242.6667,-99
5341944314,181.5,239.3829,-99
5341977647,181.2808,236.1207,-99
5342010980,182.4171,234.6706,-99
5342044313,182.7372,234.1168,-99
5342077646,183.1381,233.5345,-99
5342110979,183.0398,231.6393,-99
5342144312,183.549,231.8382,-99
5342177645,181.1694,229.7043,-99
5342210978,180.1618,229.3647,-99
5342244311,179.5636,230.8642,-99
5342277644,179.9218,231.1369,-99
5342310977,179.5787,229.3883,-99
5342344310,179.1326,228.8302,-99
5342377643,178.4041,230.0204,-99
5342410976,178.371,231.1015,-99
5342444309,181.3964,230.7327,-99
5342477642,182.0409,230.9976,-99
5342510975,183.7007,231.5488,-99
5342544308,183.8484,231.2901,-99
5342577641,183.31,232.6739,-99
5342610974,184.2602,232.6314,-99
5342644307,184.4574,231.8298,-99
5342677640,184.4354,231.8602,-99
5342710973,184.5887,231.1348,-99
5342744306,185.8507,229.9902,-99
5342777639,185.4222,229.5495,-99
5342810972,186.1992,230.6355,-99
5342844305,186.751,231.0791,-99
5342877638,186.8206,231.6371,-99
5342910971,186.9603,232.465,-99
5342944304,186.6037,233.384,-99
5342977637,186.5446,233.0379,-99
5343010970,186.3277,234.5752,-99
5343044303,187.8503,233.7843,-99
5343077636,189.5341,232.2415,-99
5343110969,190.9187,232.4617,-99
5343144302,191.4806,233.2779,-99
5343177635,191.6776,234.0748,-99
5343210968,191.0986,234.656,-99
5343244301,191.6927,234.755,-99
5343277634,191.1542,234.8832,-99
5343310967,191.6264,234.9843,-99
5343344300,191.5197,234.2715,-99
5343377633,192.5459,233.4589,-99
5343412373,193.2212,233.5721,-99
5343445706,194.0757,232.7187,-99
5343479039,193.7792,230.9195,-99
5343512372,193.5696,230.3316,-99
5343545705,192.7836,229.7985,-99
5343579038,191.9752,229.8362,-99
5343612371,189.8643,229.9786,-99
5343645704,187.9817,229.5046,-99
5343679037,187.3364,230.3687,-99
5343712370,186.3836,229.8288,-99
5343745703,184.6712,227.7147,-99
5343779036,185.1466,227.0591,-99
5343812369,185.5827,226.758,-99
5343845702,185.7054,225.8372,-99
5343879035,185.1739,225.4864,-99
5343912368,184.3192,225.048,-99
5343945701,183.2697,224.8539,-99
5343979034,182.3944,225.8478,-99
5344012367,182.4862,227.4185,-99
5344045700,182.1059,226.7321,-99
5344079033,182.4136,227.358,-99
5344112366,182.25,227.7184,-99
5344145699,182.8562,228.5188,-99
5344179032,183.123,228.9968,-99
5344212365,183.2892,230.2061,-99
5344245698,183.6513,230.8257,-99
5344279031,184.5646,231.1231,-99
5344312364,186.6675,231.2337,-99
5344345697,186.8558,231.6611,-99
5344379030,187.1236,231.4709,-99
5344412363,187.3797,232.4646,-99
5344445696,188.5149,232.492,-99
5344479029,186.1397,233.0307,-99
5344512362,186.6531,233.1344,-99
5344545695,187.0364,232.8627,-99
5344579028,187.6624,231.4407,-99
5344612361,188.0889,231.4636,-99
5344645694,187.8378,231.0393,-99
5344679027,188.7743,231.3674,-99
5344712360,189.0334,231.1599,-99
5344745693,187.4776,229.5929,-99
5344779026,184.7417,227.8772,-99
5344812359,184.5545,228.0823,-99
5344845692,181.3411,226.3333,-99
5344879025,179.5718,225.0795,-99
5344912358,176,224.1572,-99
5344945691,172.4561,222.8471,-99
5344979024,169.038,222.106,-99
5345012357,166.1951,221.7512,-99
5345045690,163.5539,221.3775,-99
5345079023,161.6069,221.1745,-99
5345112356,160.6582,219.7372,-99
5345145689,161.3459,220.1744,-99
5345179022,161.122,220.0565,-99
5345212355,161.861,219.9909,-99
5345245688,162.2644,218.9529,-99
5345279021,163.7147,218.488,-99
5345312354,165.3243,216.2405,-99
5345345687,167.3274,213.646,-99
5345379020,170.5421,212.8084,-99
5345412353,172.0137,211.2654,-99
5345445686,172.9753,212.4406,-99
5345479019,175.0079,213.3727,-99
5345512352,176.7647,212.9118,-99
5345545685,178.9895,212.5118,-99
5345579018,182.0784,212.0404,-99
5345612351,184.9977,210.7066,-99
5345645684,187.3662,211.0597,-99
5345679017,189.9214,209.6044,-99
5345712350,192.2283,210.2147,-99
5345745683,193.9437,208.9296,-99
5345779016,195.2072,206.3132,-99
5345812349,197.0995,204.8738,-99
5345845682,197.6544,201.6495,-99
5345879015,198.3829,200.1965,-99
5345912348,198.1886,197.6228,-99
5345945681,197.247,194.3923,-99
5345979014,197.8452,193.6802,-99
5346012347,197.2123,189.8445,-99
5346045680,197.5661,190.1217,-99
5346079013,198.3039,186.3896,-99
5346112346,199.6695,184.9011,-99
5346145679,201.2442,182.4987,-99
5346179012,204.2288,181.545,-99
5346212345,204.9646,180.3367,-99
5346245678,205.7063,177.9823,-99
5346279011,206.7451,177.2178,-99
5346312344,206.5335,174.8296,-99
5346345677,206.3548,173.1694,-99
5346379010,205.3988,171.9063,-99
5346412343,204.0285,171.0506,-99
5346445676,202.7086,170.5337,-99
5346479009,201.0623,170.2976,-99
5346512342,200.3586,171.9372,-99
5346545675,200.6004,171.7782,-99
5346579008,201.8552,171.4603,-99
5346612341,202.483,171.6954,-99
5346645674,203.7898,171.9449,-99
5346679007,204.7778,171.4619,-99
5346712340,205.6603,170.5839,-99
5346751220,206.9902,167.9355,-99
5346784553,206.3825,168.0375,-99
5346817886,204.262,165.5,-99
5346851219,204.9759,163.8257,-99
5346884552,205.7677,160.8088,-99
5346917885,207.0319,159.2145,-99
5346951218,207.613,158.7768,-99
5346984551,208.6336,159.8457,-99
5347017884,209.8771,161.2514,-99
5347051217,211.2185,161.9244,-99
5347084550,212.4576,163.3757,-99
5347117883,213.6495,165.0516,-99
5347151216,214.1511,166,-99
5347184549,214.9788,167.1085,-99
5347217882,215.2149,167.6218,-99
5347251215,215.0238,168.1607,-99
5347284548,214.806,167.4983,-99
5347317881,213.7235,166.6109,-99
5347351214,211.6596,165.7388,-99
5347384547,210.2128,165.992,-99
5347417880,210.0404,165.8571,-99
5347451213,210.4149,164.3537,-99
5347484546,210.936,161.5547,-99
5347517879,212.4398,161.1754,-99
5347551212,213.4912,159.4035,-99
5347584545,215.1187,158.2216,-99
5347617878,217.0433,157.8702,-99
5347651211,219.5072,156.5483,-99
5347684544,220.7702,154.1288,-99
5347717877,222.25,154.1172,-99
5347751210,224.0239,151.6463,-99
5347784543,226.5686,150.0086,-99
5347817876,228.7513,146.6343,-99
5347851209,230.6526,145.2132,-99
5347884542,231.9659,143.767,-99
5347917875,232.2377,142.847,-99
5347951208,233.7104,142.4317,-99
5347984541,234.8991,141.2552,-99
5348017874,236.2277,140.7723,-99
5348051207,237.693,140.307,-99
5348084540,237.4389,139.5194,-99
5348117873,238.4037,138.993,-99
5348151206,239.7059,137.7248,-99
5348184539,240.7269,136.6479,-99
5348217872,241.1191,136.0989,-99
5348251205,242.5239,134.251,-99
5348284538,244.8295,133.9012,-99
5348317871,245.9545,134.5099,-99
5348351204,248.5873,134.6468,-99
5348384537,249.7602,134.8947,-99
5348420168,251.2298,134.5507,-99
5348453501,252.8452,133.8682,-99
5348486834,252.8605,132.9711,-99
5348520167,255.2096,130.4964,-99
5348553500,257.6038,129.8895,-99
5348586833,260.7796,128.4526,-99
5348620166,262.7389,126.7599,-99
5348653499,264.677,125.4569,-99
5348686832,265.7108,124.4048,-99
5348720165,266.3657,123.6194,-99
5348753498,267.5809,121.7672,-99
5348786831,269.6281,121.0363,-99
5348820164,272.6991,120.7962,-99
5348853497,274.9136,119.9705,-99
5348886830,277.0755,119.2426,-99
5348920163,278.9297,118.4496,-99
5348953496,281.8205,118.0974,-99
5348986829,285.9054,118.5204,-99
5349020162,287.1927,117.9293,-99
5349053495,289.2527,117.9355,-99
5349086828,291.9668,116.9643,-99
5349120161,294.0656,116.9108,-99
5349153494,296.4085,114.1963,-99
5349186827,297.0668,112.1902,-99
5349220160,296.7289,112.0075,-99
5349253493,297.2682,109.3684,-99
5349286826,297.2384,109.3552,-99
5349320159,299.185,108.467,-99
5349353492,301.8904,108.3006,-99
5349386825,303.2096,108.5808,-99
5349420158,305.2738,108.8532,-99
5349453491,307.9462,108.8481,-99
5349486824,310.5165,107.6939,-99
5349520157,312.4866,107.3505,-99
5349553490,314.2113,106.2973,-99
5349586823,316.6309,106.1405,-99
5349620156,318.5164,106.653,-99
5349653489,318.3485,108.5094,-99
5349686822,319.1067,108.2507,-99
5349720155,318.8395,109.1111,-99
5349753488,319.3686,107.8376,-99
5349786821,321.5564,108.3046,-99
5349820154,322.9583,109.5758,-99
5349853487,325.1958,109.7,-99
5349886820,328.1408,110.6939,-99
5349920153,330.9052,111.1896,-99
5349953486,332.579,112.415,-99
5349986819,336.5746,113.2945,-99
5350020152,338.8333,113.6602,-99
5350053485,340.8886,113.9165,-99
5350087537,344.6482,115.1518,-99
5350120870,346.4082,117.3305,-99
5350154203,348.0916,119.4977,-99
5350187536,348.509,120.0381,-99
5350220869,349.3361,121.1482,-99
5350254202,350.1923,121.8575,-99
5350287535,350.2232,121.3393,-99
5350320868,350.9696,119.5443,-99
5350354201,353.3114,119.2304,-99
5350387534,355.5274,119.0627,-99
5350420867,356.8038,118.8091,-99
5350454200,356.2722,118.1563,-99
5350487533,356.9317,115.0439,-99
5350520866,357.3955,112.9328,-99
5350554199,357.5368,110.7435,-99
5350587532,358.5065,110.158,-99
5350620865,361.7284,109.1457,-99
5350654198,362.1766,109.5794,-99
5350687531,363.4442,110.4024,-99
5350720864,364.3313,110.7058,-99
5350754197,363.7343,112.6652,-99
5350787530,366.5904,113.1325,-99
5350820863,369.6496,113.2244,-99
5350854196,372.1859,113.6223,-99
5350887529,375.1913,113.9391,-99
5350920862,376.7169,115.5743,-99
5350954195,377.6897,115.244,-99
5350987528,380.6893,117.2898,-99
5351020861,383.0258,121.0517,-99
5351054194,383.8,121.3753,-99
5351087527,386.0552,124.7287,-99
5351120860,386.6719,127.1395,-99
5351154193,388.1817,129.2363,-99
5351187526,389.0552,131.4576,-99
5351220859,389.0062,132.1684,-99
5351254192,390.5738,133.3472,-99
5351287525,392.9429,134.7785,-99
5351320858,394.5704,135,-99
5351354191,396.4974,136.3627,-99
5351387524,398.7855,136.7688,-99
5351420857,399.6561,137.362,-99
5351454190,401.651,138.0102,-99
5351487523,405.0571,139.9411,-99
5351520856,407.3913,141.2458,-99
5351554189,409.8713,142.4834,-99
5351587522,412.4528,143.6331,-99
5351620855,414.4873,143.3418,-99
5351654188,416.917,145.1114,-99
5351687521,418.5736,145.956,-99
5351720854,420.0953,146.2594,-99
5351762266,421.5512,146.8911,-99
5351795599,422.4483,146.8864,-99
5351828932,424.2222,147.9038,-99
5351862265,426.6131,149.5757,-99
5351895598,427.011,150.9007,-99
5351928931,427.4798,152.1869,-99
5351962264,427.3093,152.3944,-99
5351995597,427.3883,154.6593,-99
5352028930,427.9034,156.662,-99
5352062263,426.5199,158.4871,-99
5352095596,426.1163,160.3367,-99
5352128929,425.9649,162.3711,-99
5352162262,424.9859,162.2596,-99
5352195595,423.6644,163.5374,-99
5352228928,423.7281,164.3618,-99
5352262261,424.3096,164.9552,-99
5352295594,424.5837,164.4812,-99
5352328927,424.9113,163.8797,-99
5352362260,424.7691,163.998,-99
5352395593,425.1588,163.749,-99
5352428926,424.6187,163.6829,-99
5352462259,425.0227,163.8731,-99
5352495592,424.8217,164.5147,-99
5352528925,425.2675,164.781,-99
5352562258,424.0804,164.5093,-99
5352595591,423.7056,164.5146,-99
5352628924,423.0617,164.8021,-99
5352662257,422.8156,165.603,-99
5352695590,422.1786,165.3147,-99
5352728923,420.9401,165.3569,-99
5352762256,420.6667,165.4361,-99
5352795589,419.5,166.5339,-99
5352828922,419.0511,167.3091,-99
5352862255,419.2253,167.9352,-99
5352895588,419.0112,168.7479,-99
5352928921,419.7961,168.3691,-99
5352962254,419.1689,168.8719,-99
5352995587,420.288,168.4027,-99
5353028920,420.9863,168.2514,-99
5353062253,421.1796,168.4879,-99
5353095586,422.6264,168.7107,-99
5353128919,423.4922,168.614,-99
5353162252,423.9594,169.2563,-99
5353195585,424.4223,169.6814,-99
5353228918,425.543,170.4677,-99
5353262251,426.6469,171.0825,-99
5353295584,428.1781,171.4784,-99
5353328917,429.9429,172.4571,-99
5353362250,431.818,173.1051,-99
5353395583,433.4866,173.8145,-99
5353428916,436.0236,174.5785,-99
5353462249,436.2779,174.6676,-99
5353495582,438.0135,174.2022,-99
5353528915,438.2037,173.7434,-99
5353562248,439.6537,173.5964,-99
5353595581,440.3869,173.0627,-99
5353628914,440.9763,172.4538,-99
5353662247,441.8624,170.9762,-99
5353695580,444.0218,167.5415,-99
5353728913,444.5495,172.0751,-99
5353762246,448.9875,166.3687,-99
5353795579,454.3477,162.7852,-99
5353828912,452.1274,161.7038,-99
5353862245,448.7841,163.918,-99
5353895578,449.1984,161.2487,-99
5353928911,444.9637,161.7558,-99
5353962244,443.2582,162.8156,-99
5353995577,443.9709,163.2365,-99
5354028910,447.2113,162.0744,-99
5354062243,449.8413,162.3651,-99
5354095576,449.4953,162.8169,-99
5354128909,448.9886,163.1936,-99
5354162242,449.3859,162.76,-99
5354195575,449.3256,162.478,-99
5354228908,450.0082,162.1233,-99
5354262241,449.9103,162.8047,-99
5354295574,448.934,163.3096,-99
5354328907,448.1531,164.3827,-99
5354362240,447.9589,164.0434,-99
5354395573,447.6375,165.125,-99
5354428906,447.3082,165.1059,-99
5354462239,447.8291,166.0842,-99
5354495572,448.0105,166.322,-99
5354528905,447.292,166.6563,-99
5354562238,447.413,167.2338,-99
5354595571,446.4766,167.3932,-99
5354628904,448.9771,166.5738,-99
5354662237,449.9409,164.9182,-99
5354695570,449.5983,164.59,-99
5354728903,448.6056,165.6889,-99
5354762236,444.9343,167.6526,-99
5354795569,447.3457,169.4691,-99
5354828902,446.9156,172.0369,-99
5354862235,444.0627,173.7254,-99
5354895568,443.1046,176.4769,-99
5354928901,443.0749,179.2273,-99
5354962234,443.716,180.0235,-99
5354995567,442.574,182.6492,-99
5355028900,442.2676,184.5634,-99
5355062233,442.3174,185.3696,-99
5355088862,442.6531,186.2921,-99
5355122195,443.2653,187.1326,-99
5355155528,444.2021,187.9646,-99
5355188861,444.7007,188.6452,-99
5355222194,445.3433,188.9497,-99
5355255527,445.6755,190.6514,-99
5355288860,446.3011,192.1126,-99
5355322193,446.9208,193.4321,-99
5355355526,447.5248,195.7545,-99
5355388859,448.2087,197.9404,-99
5355422192,448.8115,198.911,-99
5355455525,448.8517,201.6813,-99
5355488858,449.1416,204.4079,-99
5355522191,449.0148,206.6775,-99
5355555524,448.2771,207.84,-99
5355588857,449.5794,209.1176,-99
5355622190,451.0793,210.3768,-99
5355655523,452.8983,210.5962,-99
5355688856,454.7955,211.0644,-99
5355722189,455.0203,211.939,-99
5355755522,455.6926,212.3852,-99
5355788855,456.9524,213.5801,-99
5355822188,459.2857,215.2964,-99
5355855521,459.9887,217.1643,-99
5355888854,460.8081,218.9116,-99
5355922187,461.0287,219.1217,-99
5355955520,460.8621,219.5366,-99
5355988853,459.9583,219.9769,-99
5356022186,460.4341,221.5727,-99
5356055519,460.1926,223.5916,-99
5356088852,458.2738,224.1527,-99
5356122185,458.856,227.3813,-99
5356155518,460.4914,229.5676,-99
5356188851,460.3937,231.2947,-99
5356222184,461.7885,233.7218,-99
5356255517,461.9017,236.2259,-99
5356288850,462.1406,237.7567,-99
5356322183,462.2271,240.1216,-99
5356355516,461.4046,241.8368,-99
5356388849,459.2908,242.5918,-99
5356422182,456.9564,242.947,-99
5356455515,457.9182,247.5303,-99
5356488848,460.2853,249.6015,-99
5356522181,460.571,253.727,-99
5356555514,460.1021,257,-99
5356588847,460.607,258.492,-99
5356622180,460.5663,261.1145,-99
5356655513,461.1397,263.346,-99
5356688846,461.9578,265.1476,-99
5356722179,461.4392,267.4955,-99
5356757841,458.4019,268.5411,-99
5356791174,460.5013,270.6846,-99
5356824507,462.9958,273.234,-99
5356857840,463.7347,274.2878,-99
5356891173,463.8742,275.8512,-99
5356924506,463.7747,277.2253,-99
5356957839,464.0905,277.9887,-99
5356991172,463.9342,280.3524,-99
5357024505,462.8109,281.363,-99
5357057838,462.342,283.4684,-99
5357091171,460.9881,284.677,-99
5357124504,459.6186,287.2934,-99
5357157837,460.216,289.6214,-99
5357191170,462.4458,292.1176,-99
5357224503,461.7051,296.539,-99
5357257836,461.1556,298.3257,-99
5357291169,460.5099,299.9235,-99
5357324502,458.6919,303.6465,-99
5357357835,458.3747,308.405,-99
5357391168,458.2812,310.5768,-99
5357424501,456.2085,312.4282,-99
5357457834,454.5868,313.4923,-99
5357491167,453.0436,315.344,-99
5357524500,450.8318,317.8227,-99
5357557833,449.3492,321.5196,-99
5357591166,446.3185,323.3943,-99
5357624499,443.3786,324.1127,-99
5357657832,441.9894,325.1799,-99
5357691165,439.545,326.3876,-99
5357724498,439.4258,328.5439,-99
5357757831,439.7647,330.903,-99
5357791164,438.3903,329.5714,-99
5357824497,436.8845,330.2135,-99
5357857830,436.622,330.7385,-99
5357891163,437.2574,332.9289,-99
5357924496,436.7285,333.7076,-99
5357957829,435.8416,334.4647,-99
5357991162,435.4749,334.7535,-99
5358024495,434.3955,337.8638,-99
5358057828,433.4895,339.6246,-99
5358091161,432.0605,341.2438,-99
5358124494,430.8301,341.9652,-99
5358157827,429.1544,343.864,-99
5358191160,428.0143,346.3375,-99
5358224493,426.4259,349.1722,-99
5358257826,424.9983,351.1284,-99
5358291159,423.5099,352.5827,-99
5358324492,422.3629,353.9901,-99
5358357825,420.5338,356.8119,-99
5358391158,419.451,358.2415,-99
5358424491,417.4719,360.8835,-99
5358457824,415.9135,362.7017,-99
5358491157,414.3696,365.3182,-99
5358524490,413.3134,367.584,-99
5358557823,412.226,369.1762,-99
5358591156,410.2036,371.3018,-99
5358624489,408.0579,373.4597,-99
5358657822,406.3293,374.4052,-99
5358691155,403.714,375.4353,-99
5358724488,401.4877,376.162,-99
5358757821,399.9898,376.1276,-99
5358791154,398.2887,376.206,-99
5358824487,397.2284,376.5036,-99
5358857820,395.9277,377.3287,-99
5358891153,395.247,378.2826,-99
5358924486,394.2591,378.6348,-99
5358957819,393.9677,378.1545,-99
5358991152,393.8193,377.8246,-99
5359024485,392.4147,377.4932,-99
5359057818,392.2871,377.7912,-99
5359091151,391.9609,378.0034,-99
5359124484,391.9596,377.8434,-99
5359157817,391.4035,378.6452,-99
5359191150,390.1258,379.4321,-99
5359224483,387.6953,379.8872,-99
5359257816,385.5626,380.8846,-99
5359291149,384.6706,381.898,-99
5359324482,385.3066,384.0679,-99
5359357815,383.8517,385.0135,-99
5359391148,382.6577,388.166,-99
5359424481,379.3276,389.6099,-99
5359457814,376.9178,391.4803,-99
5359491147,376.0845,390.0155,-99
5359524480,374.0274,390.2145,-99
5359557813,373.2546,390.2982,-99
5359591146,372.5229,390.5652,-99
5359624479,370.633,390.7292,-99
5359657812,370.0226,390.715,-99
5359691145,369.979,390.5175,-99
5359724478,369.7122,390.2374,-99
5359757811,371.3087,388.9387,-99
5359791144,370.4978,387.859,-99
5359824477,369.1775,387.8893,-99
5359857810,369.0672,387.1714,-99
5359891143,368.3931,387.2397,-99
5359924476,367.4462,386.8475,-99
5359957809,367.0244,384.9401,-99
5359991142,365.7049,384.3135,-99
5360024475,365.7019,384.1555,-99
5360057808,365.9718,383.4447,-99
5360103158,365.7124,384.5818,-99
5360136491,365.9083,385.5611,-99
5360169824,366.9417,386.7848,-99
5360203157,366.8581,388.1699,-99
5360236490,366.9187,389.3521,-99
5360269823,367.1332,389.9819,-99
5360303156,367.7805,391.0377,-99
5360336489,367.774,391.4904,-99
5360369822,368.2998,391.3691,-99
5360403155,368.7831,391.4469,-99
5360436488,368.6186,391.3977,-99
5360469821,368.3444,392.4106,-99
5360503154,367.4533,392.1911,-99
5360536487,367.4102,392.9845,-99
5360569820,366.7114,393.2103,-99
5360603153,366.8882,393.5054,-99
5360636486,365.9636,394.3908,-99
5360669819,366.1652,394.9565,-99
5360703152,365.6891,396.6288,-99
5360736485,365.7185,396.8467,-99
5360769818,366.3725,397.8894,-99
5360803151,366.7035,399.2552,-99
5360836484,367.4169,400.6652,-99
5360869817,366.0885,401.7827,-99
5360903150,365.4746,402.3635,-99
5360936483,365.1806,402.6194,-99
5360969816,364.1382,403.3004,-99
5361003149,363.0349,403.0616,-99
5361036482,361.6584,402.4726,-99
5361069815,360.282,402.1852,-99
5361103148,359.3392,402.328,-99
5361136481,358.41,402.3391,-99
5361169814,358.4438,402.0833,-99
5361203147,359.469,402.9757,-99
5361236480,358.5072,403.0481,-99
5361269813,358.4213,403.3925,-99
5361303146,357.6865,404.4394,-99
5361336479,357.4286,405.1161,-99
5361369812,356.7489,405.905,-99
5361403145,356.6682,406.058,-99
5361436478,356.2844,406.4587,-99
5361469811,356.8434,406.4696,-99
5361503144,355.8818,406.4586,-99
5361536477,355.8526,406.7936,-99
5361569810,355.8677,406.2204,-99
5361603143,354.8023,406.4023,-99
5361636476,354.2727,405.7209,-99
5361669809,354.0907,403.5487,-99
5361703142,352.1656,403.3442,-99
5361736475,351.0955,399.8909,-99
5361769808,350.0237,398.5215,-99
5361803141,348.3505,396.0845,-99
5361836474,347.7698,396.1111,-99
5361869807,347.9748,395.5262,-99
5361903140,348.5229,395.8363,-99
5361936473,349.668,395.7053,-99
5361969806,350.1934,396.2515,-99
5362003139,350.6843,397.7157,-99
5362036472,351.6956,398.1172,-99
5362069805,351.6705,398.6821,-99
5362103138,351.3733,399.5649,-99
5362136471,351.5146,399.9552,-99
5362169804,351.7838,401.3919,-99
5362203137,352.4357,401.357,-99
5362236470,352.9939,402.2184,-99
5362269803,354.3545,404.043,-99
5362303136,354.4106,405.8134,-99
5362336469,354.8152,407.4846,-99
5362369802,355.4869,408.9859,-99
5362403135,355.7459,410.1342,-99
5362436468,356.1794,410.2177,-99
5362469801,356.4642,410.7587,-99
5362503134,356.9325,411.512,-99
5362536467,356.6382,410.6441,-99
5362569800,356.8363,410.5807,-99
5362603133,356.7343,409.4153,-99
5362636466,356.4297,409.8317,-99
5362669799,356.6693,408.7123,-99
5362703132,355.8076,407.1743,-99
5362736465,355.1929,405.6966,-99
5362769798,354.8889,405.1607,-99
5362803131,354.1581,403.2895,-99
5362836464,354.3357,402.2562,-99
5362869797,354.3705,400.2032,-99
5362903130,354.952,398.0789,-99
5362936463,354.3926,398.2097,-99
5362969796,355.2762,396.8841,-99
5363003129,355.2896,396.8434,-99
5363036462,355.9527,396.7128,-99
5363069795,356.629,396.5952,-99
5363103128,356.4875,397.6795,-99
5363136461,357.7658,397.9111,-99
5363169794,357.755,398.7205,-99
5363203127,357.2287,400.5227,-99
5363236460,357.3668,401.5502,-99
5363269793,357.2394,402.2431,-99
5363303126,357.3464,403.0227,-99
5363336459,357.4501,404.0489,-99
5363369792,356.8485,405.1369,-99
5363403125,355.4718,406.1359,-99
5363435536,356.3171,405.8455,-99
5363468869,355.8232,406.4488,-99
5363502202,354.6996,406.6278,-99
5363535535,351.6552,405.88,-99
5363568868,348.6649,405.787,-99
5363602201,346.6101,406.0472,-99
5363635534,343.8874,406.7328,-99
5363668867,342.2476,406.3888,-99
5363702200,341.1977,405.9432,-99
5363735533,340.6317,404.9485,-99
5363768866,340.1645,403.8393,-99
5363802199,339.5745,402.1613,-99
5363835532,339.9505,401.3083,-99
5363868865,338.9483,400.8946,-99
5363902198,338.4467,401.3656,-99
5363935531,338.3595,402.1808,-99
5363968864,336.689,402.4944,-99
5364002197,334.7436,402.2863,-99
5364035530,332.7826,400.8506,-99
5364068863,329.2688,401.0351,-99
5364102196,326.4992,400.8792,-99
5364135529,325.1555,400.9578,-99
5364168862,322.7618,400.8917,-99
5364202195,321.3898,400.8474,-99
5364235528,320.8221,400.2072,-99
5364268861,318.8096,399.9387,-99
5364302194,315.9372,399.461,-99
5364335527,313.7674,399.5587,-99
5364368860,311.955,399.5506,-99
5364402193,310.1018,399.2616,-99
5364435526,307.0112,399.4799,-99
5364468859,304.0788,399.7834,-99
5364502192,301.4813,399.7473,-99
5364535525,299.9649,399.6979,-99
5364568858,297.2669,398.8072,-99
5364602191,294.8532,397.3106,-99
5364635524,291.6584,394.9447,-99
5364668857,291.0688,394.6417,-99
5364702190,291.1986,394.1919,-99
5364735523,289.4222,394.3184,-99
5364768856,288.075,394.2928,-99
5364802189,271.5264,381.1977,-99
5364835522,277.124,390.688,-99
5364868855,280.9626,397.4387,-99
5364902188,279.331,399.69,-99
5364935521,278.6416,400.7987,-99
5364968854,276.4685,401.2973,-99
5365002187,273.6986,399.9628,-99
5365035520,269.8767,398.85,-99
5365068853,267.9528,397.9275,-99
5365102905,265.8524,396.724,-99
5365136238,263.1248,395.8313,-99
5365169571,262.3464,394.5734,-99
5365202904,260.1767,395.528,-99
5365236237,258.5494,393.3586,-99
5365269570,256.799,391.8865,-99
5365302903,254.2494,391.3529,-99
5365336236,253.3375,389.5608,-99
5365369569,252.4667,388.2483,-99
5365402902,250.3753,386.627,-99
5365436235,248.4575,385.705,-99
5365469568,247.232,383.036,-99
5365502901,245.638,382.5499,-99
5365536234,244.3374,380.7482,-99
5365569567,243.0179,378.6987,-99
5365602900,241.6096,378.0313,-99
5365636233,239.9712,376.0313,-99
5365669566,239.2028,375.0566,-99
5365702899,238.6167,373.5086,-99
5365736232,236.5952,371.186,-99
5365769565,235.5809,370.9225,-99
5365802898,233.9388,370.9388,-99
5365836231,232.4737,371.4851,-99
5365869564,230.3606,372.4314,-99
5365902897,227.8602,373.5247,-99
5365936230,226.0249,374.2578,-99
5365969563,223.9028,375.9892,-99
5366002896,222.4519,377.9231,-99
5366036229,220.7986,378.1063,-99
5366069562,219.4213,376.7914,-99
5366102895,218.815,375.282,-99
5366136228,219.4446,373.4839,-99
5366169561,219.4286,371.451,-99
5366202894,219.8124,369.5783,-99
5366236227,219.4453,370.6253,-99
5366269560,220.0489,369.3032,-99
5366302893,219.8892,368.0605,-99
5366336226,218.103,366.5653,-99
5366369559,217.3308,366.0732,-99
5366402892,217.4268,363.6439,-99
5366436225,216.9923,362.6837,-99
5366469558,216.9591,360.5754,-99
5366502891,217.1697,358.8747,-99
5366536224,216.752,357.0871,-99
5366569557,216.9316,355.7658,-99
5366602890,217.0863,354.4594,-99
5366636223,217.7896,352.3144,-99
5366669556,216.8284,349.9752,-99
5366702889,218.2431,349.7546,-99
5366736222,218.5298,349.011,-99
5366771852,218.7778,349.1158,-99
5366805185,219.3111,349.7811,-99
5366838518,218.2953,349.9093,-99
5366871851,217.4292,349.819,-99
5366905184,216.9097,349.9644,-99
5366938517,217.4914,351.5605,-99
5366971850,216.8196,353.1108,-99
5367005183,216.549,353.2255,-99
5367038516,215.439,352.1479,-99
5367071849,216.3206,349.5138,-99
5367105182,216.5533,348.0684,-99
5367138515,214.6683,349.5387,-99
5367171848,215.2119,348.46,-99
5367205181,214.6956,347.731,-99
5367238514,212.4403,346.2487,-99
5367271847,210.7241,344.17,-99
5367305180,208.7376,342.1606,-99
5367338513,206.761,341.6125,-99
5367371846,205.0089,338.8556,-99
5367405179,203.3678,338.0253,-99
5367438512,201.6298,337.9255,-99
5367471845,199.8191,336.2663,-99
5367505178,197.268,334.5,-99
5367538511,197.1675,332.4476,-99
5367571844,194.5316,329.9544,-99
5367605177,193.9847,326.6336,-99
5367638510,191.4211,323.971,-99
5367671843,191.5863,322.731,-99
5367705176,190.2145,321.39,-99
5367738509,190.5123,318.9646,-99
5367771842,189.95,317.7,-99
5367805175,189.5473,314.8234,-99
5367838508,188.0143,312.5686,-99
5367871841,188.06,310.4975,-99
5367905174,187.2546,306.8766,-99
5367938507,186.1712,304.3499,-99
5367971840,186.5939,302.4492,-99
5368005173,186.2528,299.0197,-99
5368038506,186.2337,296.8458,-99
5368071839,186.0154,295.2404,-99
5368105172,185.4924,293.632,-99
5368138505,184.2614,291.8782,-99
5368171838,183.9601,291.0923,-99
5368205171,183.569,289.6108,-99
5368238504,183.3237,289.2053,-99
5368271837,184.0205,287.7719,-99
5368305170,184.401,285.1853,-99
5368338503,184.5809,283.1272,-99
5368371836,183.1441,280.2651,-99
5368405169,182.7762,276.3916,-99
5368438502,181.3878,272.3318,-99
5368471835,180.3333,268.6472,-99
5368505168,179.9091,266.2995,-99
5368538501,178.8957,264.0024,-99
5368571834,178.2343,262.3904,-99
5368605167,177.5499,261.2291,-99
5368638500,175.7191,259.6482,-99
5368671833,176.8137,258.6849,-99
5368705166,175.7163,256.2556,-99
5368738499,177.8028,254.725,-99
5368771832,177.7361,251.8006,-99
5368805165,180.4858,250.1085,-99
5368838498,180.9078,247.4777,-99
5368871831,183.0748,244.8279,-99
5368905164,183.5445,244.0025,-99
5368938497,183.3316,240.6786,-99
5368971830,184.4889,239.5802,-99
5369005163,184.3218,238.9852,-99
5369038496,182.4735,235.5079,-99
5369071829,182.7828,235.4116,-99
5369105162,182.0407,233.7986,-99
5369138495,180.7657,231.9647,-99
5369171828,181.5332,232.0368,-99
5369205161,180.793,229.7473,-99
5369238494,181.9227,229.1787,-99
5369271827,182.4548,228.2688,-99
5369305160,182.0405,226.0925,-99
5369338493,182.1858,225.1298,-99
5369371826,182.7092,224.9484,-99
5369405159,181.938,222.0253,-99
5369438492,182.8647,221.3793,-99
5369471825,183.2918,220.7347,-99
5369505158,183.3594,217.3275,-99
5369538491,183.8852,213.5024,-99
5369571824,184.1127,211.277,-99
5369605157,183.2442,207.9325,-99
5369638490,183.0551,207.0634,-99
5369671823,182.3363,204.9399,-99
5369705156,183.694,203.983,-99
5369738489,183.6575,201.6274,-99
5369771822,186.1562,201.2438,-99
5369805155,185.9916,196.7591,-99
5369838488,189.3077,197.261,-99
5369871821,189.8539,192.8258,-99
5369905154,192.5522,191.5448,-99
5369938487,194.5064,189.3933,-99
5369971820,195.6286,187.7719,-99
5370005153,196.6567,186.7493,-99
5370038486,196.3358,186.037,-99
5370071819,196.2556,185.3747,-99
5370106559,195.4011,183.6913,-99
5370139892,194.3694,181.7839,-99
5370173225,194.9423,182.294,-99
5370206558,195.9005,182.0591,-99
5370239891,197.7962,180.7401,-99
5370273224,197.9088,180.2906,-99
5370306557,199.3564,178.0916,-99
5370339890,200.8388,178.0628,-99
5370373223,201.0632,178.1895,-99
5370406556,201.12,177.864,-99
5370439889,201.5642,177.8548,-99
5370473222,203.3515,175.9739,-99
5370506555,205.5239,175.5935,-99
5370539888,206.8251,175.7045,-99
5370573221,207.3416,174.6485,-99
5370606554,207.4306,174.4806,-99
5370639887,209.1514,172.3189,-99
5370673220,210.2575,170.0082,-99
5370706553,211.0423,166.1761,-99
5370739886,212.5207,162.8894,-99
5370773219,214.1951,161.1731,-99
5370806552,215.4023,158.312,-99
5370839885,217.5722,156.0525,-99
5370873218,219.2798,154.0233,-99
5370906551,220.3136,153.3842,-99
5370939884,220.2229,153.4829,-99
5370973217,219.8575,154.1399,-99
5371006550,220.7124,153.5645,-99
5371039883,220.445,153.4041,-99
5371073216,219.2754,151.2854,-99
5371106549,218.6427,150.4884,-99
5371139882,218.7506,149.3111,-99
5371173215,219.2314,147.3393,-99
5371206548,219.7608,146.7074,-99
5371239881,220.7841,146.5476,-99
5371273214,222.8422,146.385,-99
5371306547,224.5476,145.7275,-99
5371339880,225.2253,146.043,-99
5371373213,225.9726,146.0748,-99
5371406546,226.4181,146.4181,-99
5371439879,226.1162,146.7433,-99
5371473212,226.6261,146.5608,-99
5371506545,227.1548,146.0476,-99
5371539878,228.1087,145.9565,-99
5371573211,228.2486,145.929,-99
5371606544,229.8929,146.6017,-99
5371639877,232.1237,146.2527,-99
5371673210,233.7546,146.3773,-99
5371706543,234.8719,146.5886,-99
5371739876,235.3018,146.1286,-99
5371779679,235.3282,146.359,-99
5371813012,235.607,145.5274,-99
5371846345,236.5763,144.9737,-99
5371879678,237.6485,144.485,-99
5371913011,238.6387,144.5811,-99
5371946344,239.9389,144.9211,-99
5371979677,242.2182,145.2134,-99
5372013010,242.7753,144.4889,-99
5372046343,243.9161,143.3261,-99
5372079676,246.9979,142.0254,-99
5372113009,249.0722,141.7418,-99
5372146342,249.8646,138.4427,-99
5372179675,251.5354,137.4419,-99
5372213008,254.2873,136.3415,-99
5372246341,256.3368,134.9119,-99
5372279674,257.4674,134.5698,-99
5372313007,259.0923,133.6103,-99
5372346340,260.0714,133.1862,-99
5372379673,261.4178,132.8858,-99
5372413006,262.6333,132.2111,-99
5372446339,264.549,131.6078,-99
5372479672,266.0204,129.7379,-99
5372513005,266.888,129.0956,-99
5372546338,269.1337,125.6188,-99
5372579671,270.3161,125.1736,-99
5372613004,272.274,122.3462,-99
5372646337,275.2263,121.2447,-99
5372679670,277.7039,121,-99
5372713003,279.6882,120.5806,-99
5372746336,281.9582,119.571,-99
5372779669,283.8874,119.0604,-99
5372813002,285.0581,117.936,-99
5372846335,286.8614,118.1089,-99
5372879668,288.5493,118.439,-99
5372913001,289.5231,118.0966,-99
5372946334,291.3436,117.5951,-99
5372979667,293.5086,117.0539,-99
5373013000,294.4422,116.6426,-99
5373046333,296.706,115.8801,-99
5373079666,298.7925,115.5495,-99
5373112999,301.1245,115.2237,-99
5373146332,303.7533,114.5047,-99
5373179665,307.638,114.0676,-99
5373212998,309.9675,114.2988,-99
5373246331,311.367,113.4286,-99
5373279664,314.199,114.6297,-99
5373312997,316.6173,115.5852,-99
5373346330,318.1214,115.9683,-99
5373379663,320.4322,115.9923,-99
5373412996,322.715,115.8057,-99
5373446329,324.1637,116.2594,-99
5373479662,327.0419,117.1442,-99
5373512995,330.0281,117.4989,-99
5373546328,331.7389,117.845,-99
5373579661,334.6093,117.8764,-99
5373612994,335.4719,116.5638,-99
5373646327,337.6585,116.8993,-99
5373679660,339.2732,117.2882,-99
5373712993,339.7957,117.3406,-99
5373746326,341.835,117.3274,-99
5373779659,343.8525,118.5438,-99
5373812992,344.7904,119.5689,-99
5373846325,346.4617,119.4324,-99
5373879658,346.7598,120.4596,-99
5373912991,349.2383,120.3418,-99
5373946324,350.6581,120.8547,-99
5373979657,352.0961,120.6048,-99
5374012990,354.3226,120.4274,-99
5374046323,357.502,120.9861,-99
5374079656,359.8064,121.8323,-99
5374112989,361.9156,121.9478,-99
5374146322,364.3568,122.3859,-99
5374179655,365.716,122.0962,-99
5374212988,367.1363,122.0219,-99
5374246321,369.3128,122.9872,-99
5374279654,371.4695,123.3521,-99
5374312987,373.3529,124.9647,-99
5374346320,376.58,126.5181,-99
5374379653,379.8944,128.38,-99
5374412986,383.3333,129.9732,-99
5374446319,386.0692,131.6418,-99
5374479652,387.9124,133.2685,-99
5374512985,389.5208,134.7901,-99
5374546318,392.4906,136.7149,-99
5374579651,394.7574,139.2321,-99
5374612984,395.5577,139.2187,-99
5374646317,398.5895,140.403,-99
5374679650,401.6682,141.4816,-99
5374712983,402.7523,141.9198,-99
5374746316,403.7681,141.197,-99
5374779649,404.036,140.3266,-99
5374812982,405.2546,139.6412,-99
5374846315,405.7093,138.1465,-99
5374879648,406.8975,136.82,-99
5374912981,408.1786,135.7742,-99
5374946314,410.0449,135.6879,-99
5374979647,412.2304,136.3992,-99
5375012980,413.8723,136.2191,-99
5375046313,416.4727,136.7175,-99
5375079646,416.2112,137.002,-99
5375120855,417.1332,138.0044,-99
5375154188,419.1174,138.5916,-99
5375187521,419.3232,139.7332,-99
5375220854,420.7739,141.2261,-99
5375254187,422.822,141.7892,-99
5375287520,424.9095,143.6149,-99
5375320853,427.6654,145.4545,-99
5375354186,427.9753,146.7143,-99
5375387519,429.2229,148.7943,-99
5375420852,428.917,150.3127,-99
5375454185,428.3037,150.744,-99
5375487518,430.2806,152.4098,-99
5375520851,431.4671,153.6714,-99
5375554184,432.3497,154.7661,-99
5375587517,432.9167,153.6838,-99
5375620850,432.928,155.068,-99
5375654183,433.4131,157.045,-99
5375687516,433.9893,158.4485,-99
5375720849,434.0893,160.5752,-99
5375754182,434.4539,162.5806,-99
5375787515,434.3697,164.2566,-99
5375820848,433.3288,164.0113,-99
5375854181,433.7155,163.5099,-99
5375887514,434.9762,163.5208,-99
5375920847,435.8072,163.4739,-99
5375954180,436.7454,163.1411,-99
5375987513,437.9556,161.6833,-99
5376020846,439.3442,159.593,-99
5376054179,441.0249,156.9227,-99
5376087512,441.4748,155.443,-99
5376120845,443.1163,152.8061,-99
5376154178,444.2587,153.676,-99
5376187511,445.6803,153.5483,-99
5376220844,447.3636,153.7855,-99
5376254177,447.5195,153.9858,-99
5376287510,446.5766,154.0651,-99
5376320843,448.0247,155.0493,-99
5376354176,447.11,154.962,-99
5376387509,447.5313,156.0979,-99
5376420842,448.2583,158.4305,-99
5376454175,448.0195,158.462,-99
5376487508,447.7952,159.634,-99
5376520841,448.9193,161.1996,-99
5376554174,448.4041,161.7808,-99
5376587507,447.0784,162.9583,-99
5376620840,445.1538,164.2487,-99
5376654173,443.1866,165.0622,-99
5376687506,442.0237,166.0238,-99
5376720839,439.6573,167.9668,-99
5376754172,437.5598,168.6064,-99
5376787505,434.6024,169.7537,-99
5376820838,433.6226,170.0578,-99
5376854171,432.6261,171.5913,-99
5376887504,431.5699,172.1534,-99
5376920837,430.5511,173.6335,-99
5376954170,430.6283,173.8115,-99
5376987503,431.3753,173.5347,-99
5377020836,431.4384,173.9905,-99
5377054169,433.0414,175.1852,-99
5377087502,434.3159,176.8256,-99
5377120835,435.779,179.0258,-99
5377154168,437.2025,183.1203,-99
5377187501,439.04,185.6552,-99
5377220834,439.4925,187.2077,-99
5377254167,440.196,189.7105,-99
5377287500,440.9493,191.5507,-99
5377320833,440.8244,194.2244,-99
5377354166,441.6719,196.9844,-99
5377387499,442.822,198.6229,-99
5377420832,444.2539,199.6659,-99
5377454165,445.8141,200.8957,-99
5377487498,447.9,200.1595,-99
5377520831,450.4501,201.6838,-99
5377554164,452.6649,203.5707,-99
5377587497,454.1449,204.5164,-99
5377620830,455.4283,205.064,-99
5377654163,457.2298,205.558,-99
5377687496,458.6277,206.7287,-99
5377720829,459.9808,208.1152,-99
5377754162,460.3795,210.0503,-99
5377787495,460.0237,211.2285,-99
5377820828,459.5686,213.8651,-99
5377854161,459.4317,216.2733,-99
5377887494,459.5239,218.3139,-99
5377920827,460.4682,221.1753,-99
5377954160,460.7996,225.1638,-99
5377987493,462.2968,227.3849,-99
5378020826,463.3545,228.562,-99
5378054159,463.9435,231.2288,-99
5378087492,463.1243,234.0896,-99
5378120825,461.8871,235.2194,-99
5378154158,465.8412,242.1824,-99
5378187491,464.5759,242.2143,-99
5378220824,462.646,245.0929,-99
5378254157,460.4918,242.7459,-99
5378287490,463.6018,249.4956,-99
5378320823,464.2455,256.7964,-99
5378354156,463.4753,254.6426,-99
5378387489,462.038,254.6725,-99
5378420822,462.0853,255.5256,-99
5378448373,459.8315,255.9572,-99
5378481706,455.8123,255.426,-99
5378515039,453.1399,259.3379,-99
5378548372,452.6762,264.4249,-99
5378581705,453.3723,266.0414,-99
5378615038,454.6303,267.9442,-99
5378648371,454.1153,269.0235,-99
5378681704,456.6966,269.2444,-99
5378715037,457.1014,271.7634,-99
5378748370,457.5084,274.4441,-99
5378781703,458.9309,276.9039,-99
5378815036,460.9103,279.4385,-99
5378848369,460.9338,280.8049,-99
5378881702,460.4164,283.7613,-99
5378915035,460.0281,287.9719,-99
5378948368,461.1108,291.5685,-99
5378981701,461.0082,294.5616,-99
5379015034,461.6915,297.0634,-99
5379048367,462.4434,300.1529,-99
5379081700,459.7068,300.5785,-99
5379115033,460.1923,301.3343,-99
5379148366,460.6867,303.1422,-99
5379181699,460.4447,305,-99
5379215032,457.7234,304.5805,-99
5379248365,458.3698,308.3869,-99
5379281698,459.834,311.9816,-99
5379315031,459.4911,313.7386,-99
5379348364,459.6063,315.6421,-99
5379381697,459.3259,316.9959,-99
5379415030,458.7317,318.8069,-99
5379448363,457.9362,319.9104,-99
5379481696,456.3722,320.8994,-99
5379515029,455.1202,322.4349,-99
5379548362,453.4978,323.1544,-99
5379581695,450.5694,324.7686,-99
5379615028,447.4652,325.3957,-99
5379648361,446.4233,329.2331,-99
5379681694,444.2494,330.8148,-99
5379715027,441.5376,335.7326,-99
5379748360,444.0951,334.4236,-99
5379781693,442.5506,336.5037,-99
5379815026,441.1159,337.4635,-99
5379848359,438.4341,340.1298,-99
5379881692,436.4549,342.1174,-99
5379915025,434.821,343.2158,-99
5379948358,432.4733,344.3591,-99
5379981691,430.8559,345.7892,-99
5380015024,428.5261,347.6481,-99
5380048357,426.9626,349.7255,-99
5380081690,425.6755,351.1594,-99
5380120570,425.9674,352.2325,-99
5380153903,424.8516,354.5402,-99
5380187236,423.3504,356.511,-99
5380220569,422.7143,358.8821,-99
5380253902,421.4113,361.1971,-99
5380287235,422.6817,366.2941,-99
5380320568,421.731,372.6904,-99
5380353901,420.289,367.2852,-99
5380387234,421.2743,368.5853,-99
5380420567,422.2965,370.3931,-99
5380453900,420.4233,371.0297,-99
5380487233,421.2134,371.7069,-99
5380520566,422.0918,372.2481,-99
5380553899,426.1089,372.9924,-99
5380587232,425.131,372.5568,-99
5380620565,423.2594,372.7446,-99
5380653898,422.0676,373.5482,-99
5380687231,421.7423,372.9203,-99
5380720564,420.4017,372.6216,-99
5380753897,418.7875,373.0273,-99
5380787230,416.4882,373.7484,-99
5380820563,415.6145,374.2247,-99
5380853896,416.1206,375.7865,-99
5380887229,418.7292,374.1927,-99
5380920562,417.0499,372.7706,-99
5380953895,415.7861,370.6392,-99
5380987228,415.3214,370.3261,-99
5381020561,414.0965,366.8894,-99
5381053894,413.7102,366.0356,-99
5381087227,412.2706,365.2294,-99
5381120560,412.6667,362.6111,-99
5381153893,413.0517,364.354,-99
5381187226,412.218,369.3602,-99
5381220559,414.2587,360.507,-99
5381253892,415.0133,358.4881,-99
5381287225,412.9111,358.8141,-99
5381320558,412.0091,358.7755,-99
5381353891,410.4672,358.7664,-99
5381387224,409.8432,356.7308,-99
5381420557,408.5993,354.3192,-99
5381453890,404.5881,359.3333,-99
5381487223,402.2384,361.7014,-99
5381520556,400.7579,365.4891,-99
5381553889,398.4542,367.5677,-99
5381587222,397.1734,369.9887,-99
5381620555,394.5872,372.2523,-99
5381653888,392.9193,374.5345,-99
5381687221,391.0462,375.5012,-99
5381720554,389.6945,377.412,-99
5381753887,388.5434,378.9156,-99
5381789549,388.371,380.8433,-99
5381822882,387.7809,382.4691,-99
5381856215,387.1778,384.97,-99
5381889548,386.3909,387.1847,-99
5381922881,385.8836,389.1591,-99
5381956214,385.5368,391.7034,-99
5381989547,384.5067,392.8311,-99
5382022880,381.7544,394.1326,-99
5382056213,380.2256,395.7726,-99
5382089546,376.6601,397.203,-99
5382122879,374.1145,397.2549,-99
5382156212,371.5526,396.4622,-99
5382189545,369.2832,394.7116,-99
5382222878,368.7377,393.4387,-99
5382256211,365.9097,393.8796,-99
5382289544,368.7351,391.4888,-99
5382322877,364.3532,393.6542,-99
5382356210,362.5667,393.0788,-99
5382389543,362.2083,391.899,-99
5382422876,360.4031,390.5116,-99
5382456209,358.6218,390.0653,-99
5382489542,359.1306,389.8761,-99
5382522875,357.7584,388.9597,-99
5382556208,355.5454,388.561,-99
5382589541,353.1274,388.6709,-99
5382622874,352.3559,388.4692,-99
5382656207,351.0163,390.3686,-99
5382689540,350.2137,391.9677,-99
5382722873,349.2687,395.0307,-99
5382756206,348.7536,398.575,-99
5382789539,349.3991,400.6535,-99
5382822872,347.5711,403.8004,-99
5382856205,344.4221,404.3649,-99
5382889538,340.774,404.9831,-99
5382922871,338.3627,405.2482,-99
5382956204,336.1624,405.323,-99
5382989537,333.3633,404.7612,-99
5383022870,330.8526,404.9719,-99
5383056203,329.525,404.4411,-99
5383089536,328.3517,404.6418,-99
5383122869,325.6823,403.9369,-99
5383156202,323.3939,404.0212,-99
5383189535,320.713,405.123,-99
5383222868,318.9656,405.3486,-99
5383256201,316.4834,404.8936,-99
5383289534,312.523,403.8978,-99
5383322867,308.5564,402.4806,-99
5383356200,306.2137,401.5725,-99
5383389533,304.0559,401.1553,-99
5383422866,302.1342,400.1521,-99
5383456199,300.3792,398.5829,-99
5383489532,298.0911,398.2326,-99
5383522865,296.0872,398.7982,-99
5383556198,294.9811,399.357,-99
5383589531,293.7835,400.8753,-99
5383622864,292.0445,401.0539,-99
5383656197,288.8531,399.4103,-99
5383689530,286.5355,399.1082,-99
5383722863,284.4922,397.1317,-99
5383756196,281.9172,396.3477,-99
5383789529,280.3612,394.6289,-99
5383822862,278.8996,394.0235,-99
5383856195,277.1122,393.1963,-99
5383889528,274.0326,391.9883,-99
5383922861,271.3262,391.5792,-99
5383956194,269.2759,391.4646,-99
5383989527,267.0417,391.3456,-99
5384022860,264.8269,391.5601,-99
5384056193,262.7739,391.7296,-99
5384089526,260.4794,391.7821,-99
5384122859,258.5421,391.7927,-99
5384156192,256.2238,391.7643,-99
5384189525,253.7728,391.6568,-99
5384222858,252.3295,389.4931,-99
5384256191,251.3229,387.6413,-99
5384289524,249.7951,384.5517,-99
5384322857,249.4538,382.7129,-99
5384356190,249.2437,381.9339,-99
5384389523,248.476,381.4709,-99
5384422856,248.0195,379.3927,-99
5384456189,247.0315,379.0533,-99
5384489522,245.2177,378.7273,-99
5384522855,243.5682,378.5757,-99
5384556188,242.0328,378.1382,-99
5384589521,241.3588,377.8148,-99
5384622854,240.1156,377.0307,-99
5384656187,238.7387,376.1401,-99
5384689520,238.2413,374.9602,-99
5384722853,237.8366,373.4951,-99
5384756186,236.6029,372.3826,-99
5384789519,234,370.7741,-99
5384822852,232.603,369.7362,-99
5384856185,230.9086,367.0052,-99
5384889518,228.5636,365.2878,-99
5384922851,227.5672,362.0114,-99
5384956184,225.5558,359.6406,-99
5384989517,223.2386,357.1931,-99
5385022850,221.2103,356.3333,-99
5385056183,220.2484,355.3121,-99
5385089516,218.4888,354.7377,-99
5385121927,218.1893,355.3299,-99
5385155260,216.6192,354.57,-99
5385188593,215.4936,352.6632,-99
5385221926,216.0112,349.0807,-99
5385255259,216.6447,347.5833,-99
5385288592,216.9751,348.0471,-99
5385321925,218.1823,346.9848,-99
5385355258,217.9672,345.0258,-99
5385388591,217.6761,343.3759,-99
5385421924,216.8298,342.9858,-99
5385455257,215.6595,343.0815,-99
5385488590,214.7178,343.8613,-99
5385521923,213.8664,343.9631,-99
5385555256,212.7002,344,-99
5385588589,211.4036,344.3333,-99
5385621922,210.8131,345.4089,-99
5385655255,211.2198,346.6716,-99
5385688588,210.3772,346.4218,-99
5385721921,209.7108,346.8081,-99
5385755254,209.6133,347.7365,-99
5385788587,209.18,345.41,-99
5385821920,209.2,346.4587,-99
5385855253,208.3029,347.4543,-99
5385888586,209.3463,346.6881,-99
5385921919,209.4326,346.4758,-99
5385955252,210.0075,346.3543,-99
5385988585,211.2493,343.6386,-99
5386021918,213.5669,342.5888,-99
5386055251,214.3569,342.0026,-99
5386088584,214.9284,340.2758,-99
5386121917,214.3803,339.1944,-99
5386155250,213.8676,339.5099,-99
5386188583,213.6059,338.17,-99
5386221916,213.3759,337.9157,-99
5386255249,212.3654,338.2914,-99
5386288582,211.2629,337.899,-99
5386321915,210.2897,337.6542,-99
5386355248,209.2506,337.7954,-99
5386388581,207.9079,337.6658,-99
5386421914,206.192,337.9547,-99
5386455247,204.2344,338.8255,-99
5386488580,202,339.9443,-99
5386521913,199.2279,341.3873,-99
5386555246,196.7156,343.173,-99
5386588579,195.5077,345.3189,-99
5386621912,193.6608,345.902,-99
5386655245,192.2487,346.4205,-99
5386688578,191.656,345.9337,-99
5386721911,191.3098,343.3199,-99
5386755244,190.6722,341.7696,-99
5386797375,191.4501,338.2944,-99
5386830708,191.5811,335.9432,-99
5386864041,191.8504,332.7559,-99
5386897374,192.1023,330.7468,-99
5386930707,191.6564,327.6173,-99
5386964040,191.9676,324.4264,-99
5386997373,191.0139,321.6721,-99
5387030706,192.0658,318.5555,-99
5387064039,192.3542,317.9663,-99
5387097372,191.6634,314.774,-99
5387130705,193.5154,313.8983,-99
5387164038,193.1502,312.8655,-99
5387197371,192.4756,311.2975,-99
5387230704,191.8507,310.304,-99
5387264037,191.0489,309.0905,-99
5387297370,190.5337,307.9712,-99
5387330703,189.7922,306.9662,-99
5387364036,188.0549,304.5538,-99
5387397369,187.5767,303.4926,-99
5387430702,185.7564,300.4571,-99
5387464035,184.5566,297.8608,-99
5387497368,183.5349,295.0072,-99
5387530701,183.1089,292.104,-99
5387564034,183.6808,289.4445,-99
5387597367,184.2758,287.183,-99
5387630700,184.4827,284.2327,-99
5387664033,183.7889,280.5824,-99
5387697366,182.3238,277.6997,-99
5387730699,181.2973,274.7324,-99
5387764032,179.5293,271.7683,-99
5387797365,178.6993,268.6993,-99
5387830698,178.597,266.5423,-99
5387864031,178.3396,264.3091,-99
5387897364,178.8785,262.4076,-99
5387930697,179.0531,260.4227,-99
5387964030,178.1406,259.0859,-99
5387997363,177.5995,258.3979,-99
5388030696,176.8287,256.4761,-99
5388064029,176.2469,256.3374,-99
5388097362,174.206,253.6612,-99
5388130695,173.5641,253.0897,-99
5388164028,173.4184,252.9026,-99
5388197361,173.0423,251.5438,-99
5388230694,174.1308,250,-99
5388264027,176.5787,249.4213,-99
5388297360,177.2751,245.7367,-99
5388330693,180.0861,245.1443,-99
5388364026,180.4167,241.5029,-99
5388397359,182.7969,240.2865,-99
5388430692,182.4519,235.6979,-99
5388464025,183.8052,234.047,-99
5388497358,184.5932,231.5827,-99
5388530691,186.0118,230.3081,-99
5388564024,186.7295,227.9454,-99
5388597357,187.534,227.1832,-99
5388630690,188.338,225.4569,-99
5388664023,188.491,223.2123,-99
5388697356,189.6317,221.5338,-99
5388730689,189.4122,219.2672,-99
5388764022,189.9152,216.0973,-99
5388797355,191.5765,214.3224,-99
5388830688,193.2938,212.2992,-99
5388864021,194.2141,210.0608,-99
5388897354,196.1971,207.8943,-99
5388930687,196.5589,205.4612,-99
5388964020,196.9816,204.0711,-99
5388997353,196.0048,201.9444,-99
5389030686,194.5861,200.5347,-99
5389064019,192.694,198.3408,-99
5389097352,191.9306,197.5,-99
5389130685,190.6257,195.6047,-99
5389164018,190.7946,193.8465,-99
5389197351,191.0794,192.732,-99
5389230684,191.1126,191.7637,-99
5389264017,192.9714,190.8594,-99
5389297350,193.7799,189.894,-99
5389330683,193.9654,187.5984,-99
5389364016,195.9676,186.2027,-99
5389397349,196.9673,184.6548,-99
5389430682,198.134,182.5174,-99
5389464015,198.9656,180.0767,-99
5389497348,199.5399,177.6174,-99
5389530681,201.7143,177.2066,-99
5389564014,202.2928,175.5331,-99
5389597347,203.3878,174.426,-99
5389630680,204.2204,173.4738,-99
5389664013,204.9345,173.6724,-99
5389697346,206.6641,172.5769,-99
5389730679,208.2239,170.1985,-99
5389764012,210.3925,170.0974,-99
5389797345,211.8855,168.9078,-99
5389830678,214.9377,165.8935,-99
5389864011,218.1154,164.9333,-99
5389897344,220.2798,164.886,-99
5389930677,222.2043,164.6048,-99
5389964010,224.0694,162.0565,-99
5389997343,223.9471,160.9833,-99
5390030676,223.7404,158.6555,-99
5390064009,222.7481,157.341,-99
5390097342,221.9365,155.0998,-99
5390124893,221.4265,153.5213,-99
5390158226,221.2079,153.8989,-99
5390191559,221.1184,151.2077,-99
5390224892,221.1186,150.5747,-99
5390258225,222.1267,149.7906,-99
5390291558,223.5535,149.7415,-99
5390324891,225.0394,146.9675,-99
5390358224,226.4887,145.9661,-99
5390391557,228.3446,145.4153,-99
5390424890,228.9591,145.6624,-99
5390458223,230.3035,144.8401,-99
5390491556,232.1335,144.2098,-99
5390524889,233.1449,144.454,-99
5390558222,233.4038,145.5687,-99
5390591555,233.7117,145.8919,-99
5390624888,234.2659,146.1722,-99
5390658221,234.5694,146.1331,-99
5390691554,236.5722,146.4051,-99
5390724887,237.6956,146.2379,-99
5390758220,240.561,145.306,-99
5390791553,241.7392,144.3565,-99
5390824886,242.0635,142.4972,-99
5390858219,244.0879,141.2035,-99
5390891552,246.4893,141.4011,-99
5390924885,248.8741,138.3602,-99
5390958218,251.0874,137.2131,-99
5390991551,254.7057,134.9922,-99
5391024884,257.7734,133.4631,-99
5391058217,260.5553,132.9656,-99
5391091550,263.5136,132.875,-99
5391124883,265.2831,132.9735,-99
5391158216,266.5923,133.4105,-99
5391191549,267.6994,132.0116,-99
5391224882,269.0166,128.5884,-99
5391258215,268.9449,127.8595,-99
5391291548,269.5423,125.4129,-99
5391324881,269.5801,124.7791,-99
5391358214,271.5936,123.9,-99
5391391547,273.7961,123.5049,-99
5391424880,275.0635,124.8692,-99
5391458213,276.9864,126.699,-99
5391491546,279.4453,127.8961,-99
5391524879,280.2527,128.5308,-99
5391558212,281.6646,129.0875,-99
5391591545,284.2076,128.7337,-99
5391624878,284.0726,127.9973,-99
5391658211,286.5718,125.4378,-99
5391691544,289.0869,124.7077,-99
5391724877,290.8937,124.7343,-99
5391758210,293.2066,124.453,-99
5391790621,296.0482,124.1218,-99
5391823954,298.6794,124.8397,-99
5391857287,300.829,125.6969,-99
5391890620,303.3256,126.0698,-99
5391923953,306.1175,124.6619,-99
5391957286,308.4387,123.9237,-99
5391990619,312.0727,121.5688,-99
5392023952,314.938,120.4678,-99
5392057285,317.5931,119.75,-99
5392090618,321.2252,119.7292,-99
5392123951,324.2205,119.5223,-99
5392157284,327.7374,118.9973,-99
5392190617,330.5411,118.4191,-99
5392223950,331.2727,117.8864,-99
5392257283,332.418,117.2486,-99
5392290616,332.2702,117.0919,-99
5392323949,331.8785,116.0734,-99
5392357282,332.8697,115.3626,-99
5392390615,334.1863,115.3407,-99
5392423948,335.8658,115.4307,-99
5392457281,336.4781,115.1545,-99
5392490614,336.103,113.8995,-99
5392523947,337.431,113.3729,-99
5392557280,338.5607,114.9069,-99
5392590613,339.3852,114.7879,-99
5392623946,340.2121,115.0274,-99
5392657279,339.1691,115.2283,-99
5392690612,340.0209,115.3612,-99
5392723945,340.5683,114.7085,-99
5392757278,340.0474,114.871,-99
5392790611,340.9422,113.7198,-99
5392823944,341.9062,113.692,-99
5392857277,342.6573,113.9058,-99
5392890610,342.2112,115.4477,-99
5392923943,342.544,116.25,-99
5392957276,343.779,116.9453,-99
5392990609,342.8388,117.4282,-99
5393023942,343.8763,118.6344,-99
5393057275,344.5061,118.7908,-99
5393090608,344.8329,118.6471,-99
5393123941,345.5346,118.6516,-99
5393157274,346.1133,117.7108,-99
5393190607,346.5348,117.0696,-99
5393223940,346.7054,116.3297,-99
5393257273,346.6513,115.7513,-99
5393290606,347.5536,115.4015,-99
5393323939,348.2977,115.7557,-99
5393357272,349.6152,115.4354,-99
5393390605,350.3511,116.2875,-99
5393423938,351.5901,117.037,-99
5393466069,354.1068,117.0121,-99
5393499402,356.0023,116.7862,-99
5393532735,357.5416,116.7078,-99
5393566068,359.1035,116.4113,-99
5393599401,360.8592,115.8169,-99
5393632734,362.3563,115.228,-99
5393666067,363.4272,114.7494,-99
5393699400,363.7857,114.1454,-99
5393732733,364.243,114.4127,-99
5393766066,365.5079,114.0632,-99
5393799399,366.8048,114.1497,-99
5393832732,368.0154,114.7378,-99
5393866065,368.8437,115.9206,-99
5393899398,370.8361,117.1612,-99
5393932731,372.3652,118.2141,-99
5393966064,373.6584,118.7307,-99
5393999397,374.1816,118.8389,-99
5394032730,374.9839,117.9678,-99
5394066063,375.1749,116.4856,-99
5394099396,375.124,115.5175,-99
5394132729,375.8146,113.6214,-99
5394166062,376.0378,111.733,-99
5394199395,376.7647,110.6573,-99
5394232728,377.1569,109.3298,-99
5394266061,378.354,107.6667,-99
5394299394,379.3995,106.7816,-99
5394332727,380.8889,107.5827,-99
5394366060,381.9404,108.1915,-99
5394399393,383.0652,108.6544,-99
5394432726,384.364,109.0395,-99
5394466059,384.7987,109.9979,-99
5394499392,386.1866,110.2278,-99
5394532725,386.8191,111.5405,-99
5394566058,388.3792,112.6599,-99
5394599391,389.1847,113.6857,-99
5394632724,389.493,114.7223,-99
5394666057,390.2061,115.1755,-99
5394699390,392.0081,116.6288,-99
5394732723,393.4585,118.0519,-99
5394766056,394.6721,119.6375,-99
5394799389,396.5304,121.8158,-99
5394832722,398.4424,124.1761,-99
5394866055,399.0782,125.277,-99
5394899388,400.75,128.7284,-99
5394932721,401.3696,131.3696,-99
5394966054,402.1126,134.4607,-99
5394999387,403.6601,136.6773,-99
5395032720,403.7899,137.6808,-99
5395066053,404.399,138.5538,-99
5395099386,404.9144,139.4779,-99
5395138266,405.3281,139.9922,-99
5395171599,406.5934,141.556,-99
5395204932,407.3693,141.3005,-99
5395238265,408.8189,142.1245,-99
5395271598,410.324,143.172,-99
5395304931,410.9452,143.9846,-99
5395338264,411.861,144.9564,-99
5395371597,413.1435,145.404,-99
5395404930,414.5544,145.2549,-99
5395438263,416.1827,147.6421,-99
5395471596,417.6667,149.1679,-99
5395504929,419.2259,151.0838,-99
5395538262,422.0102,153.5345,-99
5395571595,423.7493,155.4848,-99
5395604928,425.2596,156.6401,-99
5395638261,427.0505,156.7071,-99
5395671594,427.1514,157.2141,-99
5395704927,428.3425,157.8329,-99
5395738260,429.986,158.067,-99
5395771593,431.7818,157.953,-99
5395804926,433.3161,158.0862,-99
5395838259,435.0446,157.8579,-99
5395871592,436.5555,157.4278,-99
5395904925,438.5475,158.7575,-99
5395938258,439.1351,160.1659,-99
5395971591,439.6569,160.4944,-99
5396004924,440.2488,161.5,-99
5396038257,440.7238,162.8828,-99
5396071590,440.4028,163.487,-99
5396104923,440.4858,164.5466,-99
5396138256,439.4883,165,-99
5396171589,439.7296,166.5172,-99
5396204922,439.9877,167.1921,-99
5396238255,440.7557,168.8143,-99
5396271588,439.9902,171.1103,-99
5396304921,438.8277,172.3473,-99
5396338254,438.1816,173.0605,-99
5396371587,437.9367,172.4136,-99
5396404920,437.0083,172.0083,-99
5396438253,436.5762,170.4543,-99
5396471586,436.5351,169.6701,-99
5396504919,435.9427,171.6516,-99
5396538252,435.2814,172.7749,-99
5396571585,434.8061,174.021,-99
5396604918,433.04,174.536,-99
5396638251,432.3027,175.593,-99
5396671584,430.904,177.6933,-99
5396704917,430.5025,177.8629,-99
5396738250,430.0911,178.0767,-99
5396771583,429.4457,179.9163,-99
5396804916,430.4746,180.3898,-99
5396838249,430.8146,181.4208,-99
5396871582,431.9673,182.3333,-99
5396904915,432.2489,182.9726,-99
5396938248,433.2105,183.2034,-99
5396971581,435.4093,184.0389,-99
5397004914,436.3631,186.6341,-99
5397038247,438.0441,188.3691,-99
5397071580,439.8586,189.911,-99
5397104913,441.0396,192.1741,-99
5397138246,442.4209,195,-99
5397171579,444.5657,197.4826,-99
5397204912,445.3641,199.8071,-99
5397238245,446.3361,202.6139,-99
5397271578,446.6886,206.4977,-99
5397304911,447.8971,209.1074,-99
5397338244,450.0917,212.1409,-99
5397371577,451.5601,214.6717,-99
5397404910,454.1127,217.2158,-99
5397438243,455.6209,219.2445,-99
5397471576,456.5055,222.6257,-99
5397504909,457.6436,225.3177,-99
5397538242,458.8185,227.5108,-99
5397571575,459.6884,229.6083,-99
5397604908,459.9779,233.2059,-99
5397638241,460.9727,234.6082,-99
5397671574,462.3223,235.654,-99
5397704907,464.1855,236.4,-99
5397738240,465.3689,237.123,-99
5397771573,467.7823,239.619,-99
5397804906,468.7694,241.0482,-99
5397838239,468.9896,241.9875,-99
5397871572,469.2273,244.0103,-99
5397904905,469.4555,245.236,-99
5397938238,469.9778,247.1512,-99
5397971571,470.306,249.0488,-99
5398004904,470.957,248.5186,-99
5398038237,470.6676,250.3771,-99
5398071570,470.2378,250.6645,-99
5398104903,468.8321,249.7061,-99
5398138236,467.5843,249.7333,-99
5398171569,469.2924,249.5763,-99
5398204902,469.7845,250.4828,-99
5398238235,469.4009,252.6216,-99
5398271568,469.3933,253.0502,-99
5398304901,469.0409,254.5546,-99
5398338234,467.2703,256.5586,-99
5398371567,466.7816,257.3886,-99
5398404900,464.8201,259.7406,-99
5398438233,464.304,260.7048,-99
5398473864,462.7958,261.8458,-99
5398507197,461.4842,263.5882,-99
5398540530,461.1046,264.6318,-99
5398573863,460.2992,265.2835,-99
5398607196,460.5145,268.5228,-99
5398640529,461.2469,271.75,-99
5398673862,460.2751,270.632,-99
5398707195,459.9805,269.0625,-99
5398740528,459.5159,271.1706,-99
5398773861,458.3392,279.8304,-99
5398807194,458.1495,282.5305,-99
5398840527,458.8799,284.7283,-99
5398873860,458.4447,287.0745,-99
5398907193,457.4026,293.3419,-99
5398940526,456,294.2147,-99
5398973859,457.2633,293.0571,-99
5399007192,458.4709,292.836,-99
5399040525,457.4774,294.9284,-99
5399073858,458.9292,300.562,-99
5399107191,452.1561,299.5549,-99
5399140524,454.0117,297.2786,-99
5399173857,452.7489,298.5679,-99
5399207190,452.9621,297.7172,-99
5399240523,452.3924,296.3896,-99
5399273856,452.843,297.9646,-99
5399307189,453.5844,298.8355,-99
5399340522,452.8539,299.5551,-99
5399373855,452.6603,299.5,-99
5399407188,452.2012,300.8192,-99
5399440521,454.2395,299.327,-99
5399473854,452.0381,307.144,-99
5399507187,450.988,309.3612,-99
5399540520,449.5342,311.1418,-99
5399573853,448.8422,312.301,-99
5399607186,446.9231,314.2255,-99
5399640519,445.9036,316.4518,-99
5399673852,445.1738,322.1808,-99
5399707185,444.9207,326.8868,-99
5399740518,445.7879,322.9627,-99
5399773851,443.7784,323.5429,-99
5399807184,445.1628,324.522,-99
5399840517,444.7538,325.9822,-99
5399873850,444.8355,328.0557,-99
5399907183,445.5962,328.6538,-99
5399940516,449.892,332.732,-99
5399973849,446.8439,332.3502,-99
5400007182,447.8264,331.0113,-99
5400040515,449.3167,329.7367,-99
5400073848,448.6995,325.8498,-99
5400107181,449.4818,329.7336,-99
5400140514,451.0977,331.3468,-99
5400173847,453.1285,332.1003,-99
5400207180,456.8665,334.9742,-99
5400240513,457.9041,336.3817,-99
5400273846,458.4901,337.0941,-99
5400307179,458.8722,336.9258,-99
5400340512,457.7943,336.9763,-99
5400373845,456.5873,337.1746,-99
5400407178,458.4273,337.1721,-99
5400440511,460.4667,340.9333,-99
5400473844,459.6456,342.0665,-99
5400507177,459.7179,345.3668,-99
5400540510,464.2104,344.8207,-99
5400573843,462.7027,340.9352,-99
5400607176,462.9398,340.6791,-99
5400640509,462.7435,340.8756,-99
5400673842,461.1183,342.7971,-99
5400707175,459.4071,344.1305,-99
5400740508,458.3159,345.175,-99
5400773841,458.1767,345.9917,-99
5400807174,457.2874,346.3268,-99
5400840507,455.2684,346.4344,-99
5400873840,452.9076,344.895,-99
5400907173,450.5739,345.1133,-99
5400940506,447.5634,345.8212,-99
5400973839,446.4713,346.8562,-99
5401007172,443.1398,346.0487,-99
5401040505,440.3072,345.7361,-99
5401073838,437.5602,346.5858,-99
5401107171,436.8138,345.0115,-99
5401140504,433.9096,345.3778,-99
5401173837,434.0306,343.7577,-99
5401207170,433.3172,341.6368,-99
5401240503,433.2409,342.0316,-99
5401273836,432.8904,338.9364,-99
5401307169,434.4593,338.7647,-99
5401340502,435.1289,334.9955,-99
5401373835,437.7831,337.0986,-99
5401407168,439.6406,338.1523,-99
5401440501,439.9053,334.6856,-99
5401473834,440.2678,332.6881,-99
5401507167,441.8861,332.4875,-99
5401540500,442.5714,331.3179,-99
5401573833,445.5826,333.1116,-99
5401607166,451.2918,336.7639,-99
5401640499,455.7682,338.0476,-99
5401673832,460.6607,338.3929,-99
5401707165,465.7167,338.1417,-99
5401740498,471.4701,337.1624,-99
5401773831,476.2857,335.9643,-99
5401806960,479.6289,334.5722,-99
5401840293,483.5976,332.6281,-99
5401873626,487.072,330.192,-99
5401906959,490.3925,327.8131,-99
5401940292,494.4958,324.0168,-99
5401973625,496.2564,320.8889,-99
5402006958,499.0533,317.56,-99
5402040291,501.3607,314.2732,-99
5402073624,504.1323,310.8307,-99
5402106957,506.5213,307.4882,-99
5402140290,507.8326,305.0573,-99
5402173623,508.7773,302.308,-99
5402206956,508.9445,300.5303,-99
5402240289,509.1406,299.1615,-99
5402273622,509.2408,298.2199,-99
5402306955,509.6293,297.1595,-99
5402340288,509.9651,296.1397,-99
5402373621,509.759,295.739,-99
5402406954,509.9426,295.8581,-99
5402440287,510.119,295.4345,-99
5402473620,510.265,294.9156,-99
5402506953,509.8082,293.2767,-99
5402540286,510.7799,291.6352,-99
5402573619,512.0456,290.3495,-99
5402606952,513.0029,288.0291,-99
5402640285,512.5513,287.3314,-99
5402673618,513.0888,283.852,-99
5402706951,513.7607,278.85,-99
5402740284,513.7063,276.3601,-99
5402773617,512.897,274.3549,-99
5402806950,512.8893,271.9221,-99
5402840283,512.5961,272.4384,-99
5402873616,512.1442,269.3413,-99
5402906949,512.582,266.9023,-99
5402940282,512.6872,264.1469,-99
5402973615,512.0359,259.3054,-99
5403006948,511.6724,258.8333,-99
5403040281,511.4819,259.7617,-99
5403073614,511.9143,263.8326,-99
5403106947,512.2863,264.7361,-99
5403140280,511.304,269.554,-99
5403173613,512.6765,266.4816,-99
5403206946,512.8497,268.1189,-99
5403240279,513.3781,269.5654,-99
5403273612,513.663,270.5296,-99
5403306945,513.8797,272.7556,-99
5403340278,514.5096,273.4942,-99
5403373611,514.4641,274.0288,-99
5403406944,514.6526,275.1088,-99
5403440277,514.636,274.3603,-99
5403473610,514.2846,274.5308,-99
5403506943,513.9718,272.9859,-99
5403540276,513.7972,271.1245,-99
5403573609,513.4091,270.231,-99
5403606942,513.012,267.408,-99
5403640275,513.2902,266.8039,-99
5403673608,513.0238,267.0428,-99
5403706941,513.0926,268.2408,-99
5403740274,514.0357,270.0635,-99
5403773607,514.4496,271.8682,-99
5403806940,514.7285,275.2285,-99
5403840273,515.6574,278.5555,-99
5403873606,515.2312,283.5886,-99
5403906939,514.1951,287.6566,-99
5403940272,513.3922,292.2182,-99
5403973605,512.5061,296.1051,-99
5404006938,510.8243,300.3981,-99
5404040271,509.4612,304.2129,-99
5404073604,508.4252,307.3782,-99
5404106937,506.6169,310.5179,-99
5404140270,503.9534,312.7798,-99
5404173603,500.6609,315.688,-99
5404206936,497.119,318.6746,-99
5404240269,492.6482,321.1323,-99
5404273602,488.5659,323.9302,-99
5404306935,483.0026,326.7415,-99
5404340268,476.5171,328.8438,-99
5404373601,469.9337,329.6656,-99
5404406934,464.2398,330.0848,-99
5404440267,458.1142,330.2368,-99
5404473600,453.966,329.4872,-99
5404506933,450.1226,328.7827,-99
5404540266,446.6959,329.0023,-99
5404573599,443.1706,327.6943,-99
5404606932,440.4554,327.1573,-99
5404640265,438.0041,325.6749,-99
5404673598,434.8679,322.4205,-99
5404706931,435.6188,324.8936,-99
5404740264,435.0188,324.9598,-99
5404773597,433.9598,324.5925,-99
5404806930,432.797,325.6836,-99
5404840263,432.937,328.895,-99
5404873596,435.8446,329.8987,-99
5404906929,436.526,326.4162,-99
5404940262,440.1882,333.6,-99
5404973595,440.0679,332.5113,-99
5405006928,439.5325,332.435,-99
5405040261,438.8542,334.6083,-99
5405073594,437.75,336.1085,-99
5405106927,435.1973,341.7483,-99
5405142558,432.0652,346.2606,-99
5405175891,427.4567,351.7599,-99
5405209224,424.7607,358.0797,-99
5405242557,423.6069,365.1724,-99
5405275890,423.305,363.275,-99
5405309223,421.1025,357.723,-99
5405342556,420.2387,358.9909,-99
5405375889,420.0699,360.6292,-99
5405409222,420.0803,364.1996,-99
5405442555,420.9489,365.5599,-99
5405475888,421.2274,367.0882,-99
5405509221,421.7449,368.5286,-99
5405542554,422.5116,368.6089,-99
5405575887,421.996,369.3434,-99
5405609220,422.0913,368.856,-99
5405642553,421.4988,369.3981,-99
5405675886,422.2743,369.6593,-99
5405709219,417.0898,373.2051,-99
5405742552,419.3675,374.151,-99
5405775885,420.2298,377.9958,-99
5405809218,418.3333,378.9642,-99
5405842551,416.5265,377.2592,-99
5405875884,415.4371,377.7514,-99
5405909217,411.376,374.9564,-99
5405942550,412.2121,378.7277,-99
5405975883,412.2588,378.9978,-99
5406009216,409.088,377.5393,-99
5406042549,406.4702,377.6007,-99
5406075882,404.1328,376.5424,-99
5406109215,401.4425,376.3876,-99
5406142548,399.1387,375.9963,-99
5406175881,397.4216,376.0432,-99
5406209214,396.7047,377.3378,-99
5406242547,395.3927,378.539,-99
5406275880,393.3453,379.5515,-99
5406309213,391.4097,381.1435,-99
5406342546,389.7929,382.8131,-99
5406375879,387.8682,383.0494,-99
5406409212,385.8625,383.2156,-99
5406442545,383.2483,384.1828,-99
5406475878,381.0711,385.2867,-99
5406509211,379.2459,386.8585,-99
5406542544,377.7285,387.4887,-99
5406575877,376.1452,387.944,-99
5406609210,373.3992,389.5152,-99
5406642543,371.8075,391.0545,-99
5406675876,371.5559,391.6041,-99
5406709209,370.4983,392.222,-99
5406742542,371.6202,392.8987,-99
5406775875,371.1055,393.3103,-99
5406814787,369.708,393.3214,-99
5406848120,367.4659,393.2615,-99
5406881453,365.1759,393.6122,-99
5406914786,363.4791,394.4047,-99
5406948119,362.3515,395.3262,-99
5406981452,360.4531,396.666,-99
5407014785,359.654,397.8819,-99
5407048118,356.8163,399.1453,-99
5407081451,353.8971,399.4291,-99
5407114784,352.291,399.7202,-99
5407148117,350.309,400.0562,-99
5407181450,347.551,399.9091,-99
5407214783,344.6364,399.6436,-99
5407248116,342.2929,398.8936,-99
5407281449,339.5264,398.1115,-99
5407314782,337.6992,397.4436,-99
5407348115,338.1124,396.0454,-99
5407381448,338.7683,394.8832,-99
5407414781,337.9439,394.3122,-99
5407448114,337.4502,393.262,-99
5407481447,335.8764,393.9004,-99
5407514780,334.6432,393.6703,-99
5407548113,335.2176,394.5649,-99
5407581446,336.4633,394.2495,-99
5407614779,336.7979,391.5125,-99
5407648112,335.7562,390.4228,-99
5407681445,334.4591,389.218,-99
5407714778,332.6478,389.0385,-99
5407748111,332.0336,389.0105,-99
5407781444,331.2211,389.9124,-99
5407814777,330.0792,391.6292,-99
5407848110,328.9637,393.9445,-99
5407881443,328.1426,396.5781,-99
5407914776,327.947,399.4283,-99
5407948109,326.8659,401.3682,-99
5407981442,324.843,402.6839,-99
5408014775,320.3555,401.5932,-99
5408048108,317.5,401.2636,-99
5408081441,315.6847,400.3892,-99
5408114774,311.8943,399.0849,-99
5408148107,311.2841,398.1384,-99
5408181440,309.5402,397.59,-99
5408214773,307.4729,396.6434,-99
5408248106,306.3253,397.8145,-99
5408281439,304.0292,397.854,-99
5408314772,301.5452,398.1976,-99
5408348105,299.3799,398.4554,-99
5408381438,296.8628,399.0575,-99
5408414771,295.0359,399.1483,-99
5408448104,294.0605,398.6458,-99
5408483734,292.3666,398.1276,-99
5408517067,289.9404,396.7615,-99
5408550400,289.0314,395.1618,-99
5408583733,287.149,393.544,-99
5408617066,284.3504,391.8662,-99
5408650399,281.8884,390.8616,-99
5408683732,279.2301,389.3982,-99
5408717065,275.9245,387.9039,-99
5408750398,272.5258,387.4246,-99
5408783731,270.7442,387.0208,-99
5408817064,268.4172,386.6643,-99
5408850397,266.3205,387.0273,-99
5408883730,264.8629,387.7518,-99
5408917063,262.7352,387.5934,-99
5408950396,260.4109,387.8904,-99
5408983729,257.3962,388.4821,-99
5409017062,255.0769,388.7933,-99
5409050395,254.281,388.8337,-99
5409083728,251.5011,388.3061,-99
5409117061,249.206,386.7662,-99
5409150394,245.7954,383.7307,-99
5409183727,245.422,382.6858,-99
5409217060,243.985,381.4135,-99
5409250393,243.1371,378.9527,-99
5409283726,240.7767,376.5607,-99
5409317059,239.4381,375.5891,-99
5409350392,237.9234,373.9067,-99
5409383725,234.206,372.3015,-99
5409417058,232.6121,370.7892,-99
5409450391,228.8946,369.5314,-99
5409483724,227.3436,367.5213,-99
5409517057,226.2097,366.2649,-99
5409550390,224.5236,363.7122,-99
5409583723,223.7871,361.8825,-99
5409617056,222.1727,360.1458,-99
5409650389,221.0479,359.532,-99
5409683722,219.5449,359.2757,-99
5409717055,217.6427,360.1961,-99
5409750388,214.8358,361.1263,-99
5409783721,212.5074,362.2951,-99
5409817054,211.9714,363.3571,-99
5409850387,211.2861,364.268,-99
5409883720,210.9543,363.934,-99
5409917053,208.9098,362.7719,-99
5409950386,208.9576,361.4663,-99
5409983719,208.4641,358.8436,-99
5410017052,207.2338,357.3688,-99
5410050385,207.8059,355.2588,-99
5410083718,208.0347,353.6435,-99
5410117051,208.41,351.701,-99
5410150384,208.511,348.6602,-99
5410183717,207.7742,347.6721,-99
5410217050,207.0317,344.8417,-99
5410250383,204.6813,341.4041,-99
5410283716,203.6413,339.4466,-99
5410317049,201.8341,337.8227,-99
5410350382,201.4227,336.1454,-99
5410383715,200.7948,334.5401,-99
5410417048,200.1184,332.937,-99
5410450381,200.3205,330.5759,-99
5410483714,201.7463,330.6463,-99
5410517047,200.8939,329.1616,-99
5410550380,199.6277,326.685,-99
5410583713,198.4138,326.1149,-99
5410617046,196.0431,325.8564,-99
5410650379,194.1338,325.7113,-99
5410683712,192.4526,325.4289,-99
5410717045,190.5157,324.9443,-99
5410750378,188.6116,324.2395,-99
5410783711,186.9977,322.6697,-99
5410817044,186.7579,322.4695,-99
5410850377,185.7054,321.3683,-99
5410883710,185.16,318.665,-99
5410917043,183.858,316.574,-99
5410950376,183.3085,314.509,-99
5410983709,182.8596,311.1376,-99
5411017042,184.2024,308.6071,-99
5411050375,183.7525,305.4183,-99
5411083708,182.4378,301.067,-99
5411117041,182.1117,298.0025,-99
5411150374,181.5264,294.7909,-99
5411183707,181.2934,291.6837,-99
5411217040,180.4741,288.5707,-99
5411250373,180.6982,285.3318,-99
5411283706,181.7728,282.6,-99
5411317039,182.26,279.2675,-99
5411350372,183.2601,276.0549,-99
5411383705,183.7943,272.9569,-99
5411417038,182.2751,270.9974,-99
5411450371,181.1989,268.6863,-99
5411483704,180.163,267.8905,-99
5411517037,178.2028,266.0845,-99
5411550370,176.8703,264.2665,-99
5411583703,175.6017,263.7775,-99
5411617036,174.6844,261.1006,-99
5411650369,175.7736,260.9164,-99
5411683702,175.7221,257.5169,-99
5411717035,175.1639,253.4361,-99
5411750368,177.9744,252.3903,-99
5411783701,178.6879,248.4779,-99
5411822581,179.8437,244.9777,-99
5411855914,181.9874,244.3131,-99
5411889247,179.687,239.144,-99
5411922580,180.2451,238.0777,-99
5411955913,179.4377,235.9682,-99
5411989246,178.7588,232.6156,-99
5412022579,179.9221,231.798,-99
5412055912,179.4127,228.0582,-99
5412089245,181.6553,227.8411,-99
5412122578,182.1234,224.5905,-99
5412155911,185.1247,224.4649,-99
5412189244,186.3261,221.9022,-99
5412222577,187.8022,220.7883,-99
5412255910,187.6254,220.9941,-99
5412289243,188.5967,219.9779,-99
5412322576,187.9722,218.5379,-99
5412355909,187.7624,217.8032,-99
5412389242,187.2834,215.4438,-99
5412422575,186.5105,215.0105,-99
5412455908,187.0563,214.3887,-99
5412489241,189.8935,213.7748,-99
5412522574,192.5343,213.1073,-99
5412555907,195.2404,212.9818,-99
5412589240,196.8403,213.2014,-99
5412622573,197.0344,213.2937,-99
5412655906,197.2121,212.0937,-99
5412689239,197.2928,210.105,-99
5412722572,197.3825,206.3479,-99
5412755905,195.9801,202.9651,-99
5412789238,195.9673,199.782,-99
5412822571,196.318,197.7864,-99
5412855904,196.6019,193.5348,-99
5412889237,198.521,192.6815,-99
5412922570,199.4421,189.7269,-99
5412955903,200.2884,186.5981,-99
5412989236,201.1018,184.6031,-99
5413022569,200.518,181.8273,-99
5413055902,199.617,178.6303,-99
5413089235,199.1543,177.8292,-99
5413122568,198.628,176.7857,-99
5413155901,199.4766,174.5262,-99
5413189234,202.2857,172.5035,-99
5413222567,204.2696,170.9191,-99
5413255900,205.6054,169.7166,-99
5413289233,206.9978,168.8546,-99
5413322566,208.5618,168.5944,-99
5413355899,208.9407,168.4125,-99
5413389232,209.9395,166.1184,-99
5413422565,211.4264,165.0982,-99
5413455898,212.0646,164.1705,-99
5413489231,212.4808,161.9207,-99
5413522564,213.4055,161.6336,-99
5413555897,214.4868,161.3741,-99
5413589230,215.57,161.1818,-99
5413622563,216.4504,160.992,-99
5413655896,218.6359,161.3562,-99
5413689229,221.2063,160.8889,-99
5413722562,223.8228,160.4391,-99
5413755895,226.2193,158.235,-99
5413789228,229.0648,157.2047,-99
5413822561,230.2424,156.596,-99
5413855894,231.3412,156,-99
5413889227,231.4391,155.4112,-99
5413922560,231.4632,156.049,-99
5413955893,231.9788,156.2513,-99
5413989226,232.7396,156.8698,-99
5414022559,233.7109,156.1823,-99
5414055892,235.9465,154.2186,-99
5414089225,237.5894,151.8212,-99
5414122558,238.7348,150.073,-99
5414155891,239.3159,149.0687,-99
5414189224,239.7988,146.8879,-99
5414222557,240.1839,144.5065,-99
5414255890,240.3015,141.0615,-99
5414289223,239.19,139.7333,-99
5414322556,239.0154,136.3333,-99
5414355889,238.3018,135.3462,-99
5414389222,237.7591,133.2577,-99
5414422555,238.9856,131.8444,-99
5414455888,241.7015,129.301,-99
5414489221,244.6133,129.0726,-99
5414522554,247.4563,128.2837,-99
5414555887,249.7275,127.9052,-99
5414589220,250.7826,127.2255,-99
5414622553,254.1458,127.4286,-99
5414655886,257.2939,127.1401,-99
5414689219,259.3887,126.7453,-99
5414722552,260.9488,127.6307,-99
5414755885,261.5063,128.243,-99
5414789218,262.4756,127.8252,-99
5414822551,263.8756,128.0704,-99
5414855884,264.2581,128.6115,-99
5414889217,265.4074,129.279,-99
5414922550,267.4887,129.7744,-99
5414955883,270.7793,131.0766,-99
5414989216,275.4881,132.834,-99
5415022549,277.7756,132.7556,-99
5415055882,281.2657,133.386,-99
5415089215,284.9608,133.5539,-99
5415122548,288.1823,132.638,-99
5415149177,290.0614,131.9795,-99
5415182510,292.1076,128.7559,-99
5415215843,293.4595,126.0705,-99
5415249176,294.6925,123.062,-99
5415282509,296.5075,120.4171,-99
5415315842,297.9148,117.3083,-99
5415349175,298.9357,115.244,-99
5415382508,301.4528,113.2129,-99
5415415841,303.0492,112.4399,-99
5415449174,305.0633,112.0712,-99
5415482507,308.4457,112.14,-99
5415515840,311.0448,112.4706,-99
5415549173,314.1877,112.3539,-99
5415582506,318.0692,112.4404,-99
5415615839,320.4463,113.5254,-99
5415649172,322.3083,113.9088,-99
5415682505,323.9972,113.849,-99
5415715838,324.4252,114.1024,-99
5415749171,325.8619,113.989,-99
5415782504,327.1547,114.0827,-99
5415815837,328.1275,113.975,-99
5415849170,330.1936,114.8234,-99
5415882503,331.4615,116.2991,-99
5415915836,333.3824,117.5927,-99
5415949169,334.5493,119.0716,-99
5415982502,335.1877,120.5178,-99
5416015835,336.7949,120.4487,-99
5416049168,339.4576,120.4473,-99
5416082501,341.081,120.2684,-99
5416115834,342.4588,119.9588,-99
5416149167,344.2618,120.5611,-99
5416182500,345.904,121.9854,-99
5416215833,346.7521,122.2373,-99
5416249166,348.1313,122.523,-99
5416282499,349.3688,122.6681,-99
5416315832,351.3594,122.8281,-99
5416349165,354.0801,123.1948,-99
5416382498,356.2267,121.3197,-99
5416415831,359.4684,121.335,-99
5416449164,363.5252,122.0312,-99
5416482497,366.4077,123.7386,-99
5416515830,369.7414,125.4434,-99
5416549163,372.9557,127.4271,-99
5416582496,374.7054,128.8837,-99
5416615829,376.2857,130.5255,-99
5416649162,377.4099,131.4178,-99
5416682495,378.1716,131.2842,-99
5416715828,379.6384,130.6986,-99
5416749161,381.21,129.6525,-99
5416782494,383.1508,128.7664,-99
5416818155,385.0522,128.3632,-99
5416851488,386.4763,129.7109,-99
5416884821,387.3144,131.3537,-99
5416918154,388.0804,132.4152,-99
5416951487,388.3144,133.6633,-99
5416984820,388.7447,133.9826,-99
5417018153,387.2087,132.9801,-99
5417051486,387.3345,133.0429,-99
5417084819,387.6058,133.1017,-99
5417118152,387.4221,132.9715,-99
5417151485,386.4314,133.5647,-99
5417184818,386.5981,133.3962,-99
5417218151,386.6294,134.7225,-99
5417251484,387.7259,135.9907,-99
5417284817,387.0806,138.2955,-99
5417318150,386.6519,139.121,-99
5417351483,386.5922,140.8753,-99
5417384816,386.9068,143.1537,-99
5417418149,387.9975,144.395,-99
5417451482,388.7202,144.3653,-99
5417484815,389.6103,143.882,-99
5417518148,391.8617,142.7621,-99
5417551481,393.426,142.2321,-99
5417584814,394.708,141.5349,-99
5417618147,396.2256,141.193,-99
5417651480,398.0131,141.6319,-99
5417684813,399.61,142.4607,-99
5417718146,401.2842,143.1553,-99
5417751479,404.0028,144.036,-99
5417784812,405.814,145.5821,-99
5417818145,408.7347,146.6275,-99
5417851478,411.0719,148.1391,-99
5417884811,412.1598,149.9419,-99
5417918144,414.1122,150.6454,-99
5417951477,415.6543,151.3165,-99
5417984810,416.7429,151.9195,-99
5418018143,418.1385,152.2494,-99
5418051476,419.7985,152.2661,-99
5418084809,421.1851,151.8792,-99
5418118142,422.8041,151.57,-99
5418151475,424.5115,151.22,-99
5418184808,425.7275,151.385,-99
5418218141,426.9328,151.3065,-99
5418251474,428.3891,150.8389,-99
5418284807,428.0786,149.6341,-99
5418318140,429.3744,148.2128,-99
5418351473,429.4901,148.3557,-99
5418384806,429.252,147.0866,-99
5418418139,429.9361,146.8977,-99
5418451472,428.9745,147.8237,-99
5418484805,429.7787,149.1447,-99
5418518138,429.7563,150.7193,-99
5418551471,428.482,152.4032,-99
5418584804,428.2842,155.4253,-99
5418618137,426.5959,158.6144,-99
5418651470,425.4968,161.8925,-99
5418684803,424.9788,164.25,-99
5418718136,422.864,165.4989,-99
5418751469,422.9756,168.0447,-99
5418784802,422.5782,170.487,-99
5418818135,422.7955,171.8337,-99
5418851468,424.0267,172.5971,-99
5418884801,425.0566,174.1159,-99
5418918134,425.4863,176.3187,-99
5418951467,426.2398,178.2164,-99
5418984800,427.5432,180.6741,-99
5419018133,429.531,181.2803,-99
5419051466,431.1988,182.0117,-99
5419084799,433.2041,182.4898,-99
5419118132,435.5529,182.9233,-99
5419151465,438.8797,183.553,-99
5419184798,441.5908,184.7493,-99
5419218131,443.6649,186.0784,-99
5419251464,445.2558,187.9477,-99
5419284797,445.7599,190.3317,-99
5419318130,445.8384,192.4545,-99
5419351463,446.7213,193.8478,-99
5419384796,447.0678,194.2712,-99
5419418129,446.7949,195.53,-99
5419451462,448.561,195.2439,-99
5419484795,450.2879,193.6427,-99
5419518128,451.3333,194.0434,-99
5419551461,452.9546,195.4064,-99
5419584794,454.4798,197.6212,-99
5419618127,455.1773,199.4432,-99
5419651460,456.3675,201.985,-99
5419684793,457.5579,204.2105,-99
5419718126,457.1459,205.6309,-99
5419751459,458.6448,208.2051,-99
5419784792,458.4086,210.9763,-99
5419818125,458.5516,213.0637,-99
5419851458,459.7106,216.1457,-99
5419884791,460.3348,218.8705,-99
5419918124,462.0687,219.794,-99
5419951457,461.5088,222.3941,-99
5419984790,460.8314,224.1134,-99
5420018123,460.4337,226.3283,-99
5420051456,459.474,229.1901,-99
5420084789,458.8487,231.7754,-99
5420118122,458.7424,234.459,-99
5420160254,458.5679,237.0113,-99
5420193587,458.8078,239.6865,-99
5420226920,459.0841,241.8622,-99
5420260253,459.1674,243.5452,-99
5420293586,458.7708,245.2986,-99
5420326919,458.2716,247.5096,-99
5420360252,457.8641,250.0276,-99
5420393585,456.7848,251.8186,-99
5420426918,457.1742,251.8107,-99
5420460251,457.1606,252.504,-99
5420493584,458.173,254.1992,-99
5420526917,459.0464,255.7278,-99
5420560250,459.7922,257.2263,-99
5420593583,460.5922,259.698,-99
5420626916,461.9847,261.6965,-99
5420660249,461.6364,264.8736,-99
5420693582,461.6094,266.4988,-99
5420726915,462.0867,266.1328,-99
5420760248,462.296,268.4626,-99
5420793581,462.849,269.7949,-99
5420826914,463.0568,271.3977,-99
5420860247,461.4322,274.5954,-99
5420893580,460.6694,276.131,-99
5420926913,460.3633,277.5821,-99
5420960246,460.3453,279.4724,-99
5420993579,460.9191,279.9772,-99
5421026912,461.5972,282.1761,-99
5421060245,461.8693,283.9477,-99
5421093578,461.5011,285.7648,-99
5421126911,462.7173,289.6817,-99
5421160244,462.6863,291.6988,-99
5421193577,462.886,293.7059,-99
5421226910,461.9725,295.7285,-99
5421260243,461.6552,296.6708,-99
5421293576,460.8859,298.1892,-99
5421326909,457.5665,299.2254,-99
5421360242,455.397,300.407,-99
5421393575,454.8403,302.8217,-99
5421426908,455.5914,304.6201,-99
5421460241,455.4856,306.2243,-99
5421493574,455.3035,308.2723,-99
5421526907,455.5274,309.2333,-99
5421560240,455.3643,310.8614,-99
5421593573,454.3068,313.106,-99
5421626906,453.2964,313.3939,-99
5421660239,451.0911,314.0854,-99
5421693572,449.0155,314.8298,-99
5421726905,446.8757,315.2448,-99
5421760238,445.0172,315.8435,-99
5421793571,443.1234,317.1366,-99
5421826904,442.1667,314.9918,-99
5421860237,444.1995,318.8325,-99
5421893570,441.8563,321.8958,-99
5421926903,440.4125,325.8031,-99
5421960236,442.5792,332.0811,-99
5421993569,442.9476,334.9395,-99
5422026902,442.6487,336.4633,-99
5422060235,440.1644,337.6711,-99
5422093568,436.7633,338.9372,-99
5422126901,435.2448,341.7684,-99
5422160234,433.303,345.9449,-99
5422193567,432.3386,349.7053,-99
5422226900,430.7893,352.0836,-99
5422260233,429.29,353.0027,-99
5422293566,428.1684,355.0944,-99
5422326899,426.8453,355.395,-99
5422360232,426.6358,357.929,-99
5422393565,425.0814,360.5407,-99
5422426898,424.5703,362.0331,-99
5422460231,423.8724,362.5708,-99
5422493564,424.3566,364.563,-99
5422526897,423.8438,362.3223,-99
5422560230,422.9355,363.0323,-99
5422593563,421.1299,364.7834,-99
5422626896,419.8765,365.3546,-99
5422660229,418.434,364.7,-99
5422693562,416.2941,364.9471,-99
5422726895,414.244,365.9,-99
5422760228,412.1907,367.5389,-99
5422793561,410.8366,368.6892,-99
5422826894,409.1257,370.2345,-99
5422860227,407.2474,370.8993,-99
5422893560,404.9229,370.593,-99
5422926893,403.2616,370.4613,-99
5422960226,401.2267,370.2133,-99
5422993559,399.529,370.3761,-99
5423026892,399.4492,372.0135,-99
5423060225,398.0872,373.7807,-99
5423093558,395.8552,376.1747,-99
5423126891,394.1247,378.8914,-99
5423160224,392.9623,380.3906,-99
5423193557,391.701,382.5933,-99
5423226890,388.1648,383.7329,-99
5423260223,386.1277,384.8212,-99
5423293556,383.6772,386.1122,-99
5423326889,381.8552,387.7946,-99
5423360222,380.4052,388.05,-99
5423393555,380.8773,388.7509,-99
5423426888,378.9847,390.5127,-99
5423460221,378.3306,392.0362,-99
5423499101,377.6312,391.7762,-99
5423532434,377.5993,391.9964,-99
5423565767,377.5936,391.3352,-99
5423599100,376.4724,391.231,-99
5423632433,375.5826,391.0574,-99
5423665766,374.6391,391.1311,-99
5423699099,373.4955,391.1071,-99
5423732432,372.9779,390.593,-99
5423765765,373.0514,390.0142,-99
5423799098,372.8361,389.6375,-99
5423832431,373.2485,389.389,-99
5423865764,374.1477,388.575,-99
5423899097,373.2758,388.2023,-99
5423932430,372.0993,388.8826,-99
5423965763,372.2533,388.9105,-99
5423999096,371.8141,390.0824,-99
5424032429,371.5959,391.5868,-99
5424065762,370.9757,392.4447,-99
5424099095,370.1507,394.2968,-99
5424132428,369.1689,396.468,-99
5424165761,368.1344,397.7731,-99
5424199094,367.1494,399.6322,-99
5424232427,365.8064,400.3702,-99
5424265760,363.4897,402.0389,-99
5424299093,362.1456,403.3986,-99
5424332426,360.8927,405.1484,-99
5424365759,359.4354,405.7392,-99
5424399092,357.5399,407.4601,-99
5424432425,357.0068,409.254,-99
5424465758,355.6139,410.9851,-99
5424499091,354.9763,411.1829,-99
5424532424,353.2017,413.0105,-99
5424565757,349.8748,412.9469,-99
5424599090,350.7983,413.4811,-99
5424632423,348.3048,413.4846,-99
5424665756,345.9354,412.9434,-99
5424699089,343.5629,411.8008,-99
5424732422,342.1163,410.9612,-99
5424765755,340.1386,409.3719,-99
5424799088,338.8382,408.3201,-99
5424832421,337.7326,407.4913,-99
5424865754,337.0481,406.1682,-99
5424899087,336.0341,404.8459,-99
5424932420,334.6096,402.9319,-99
5424965753,334.6678,401.8014,-99
5424999086,333.3925,401.0905,-99
5425032419,332.8863,400.3588,-99
5425065752,332.4,400.5867,-99
5425099085,330.0893,399.4401,-99
5425132418,327.5667,398.6565,-99
5425168080,325.8467,397.6339,-99
5425201413,323.5147,396.6395,-99
5425234746,321.447,396.2563,-99
5425268079,320.0575,396.3938,-99
5425301412,318.1483,396.5888,-99
5425334745,316.0477,397.225,-99
5425368078,313.2549,397.8431,-99
5425401411,310.6024,397.6145,-99
5425434744,307.9671,397.2108,-99
5425468077,305.6027,397.0134,-99
5425501410,302.9578,396.2642,-99
5425534743,301.8929,397.0068,-99
5425568076,299.8173,395.9567,-99
5425601409,297.8601,394.3807,-99
5425634742,296.315,393.5394,-99
5425668075,292.9705,395.0354,-99
5425701408,290.2271,395.6215,-99
5425734741,289.028,395.8447,-99
5425768074,286.9413,395.7778,-99
5425801407,286,394.5388,-99
5425834740,286.2184,394.8759,-99
5425868073,286.0115,395.0623,-99
5425901406,285.58,395.1217,-99
5425934739,283.9613,394.7312,-99
5425968072,282.7221,393.1971,-99
5426001405,281.7546,391.7362,-99
5426034738,279.9855,390.0627,-99
5426068071,279.8944,387.0681,-99
5426101404,278.6005,385.9107,-99
5426134737,277.1814,384.9728,-99
5426168070,274.3019,383.4088,-99
5426201403,271.8547,382.9252,-99
5426234736,269.7015,382.6141,-99
5426268069,267.6695,382.0966,-99
5426301402,265.3892,382.1718,-99
5426334735,263.1194,382.3689,-99
5426368068,261.2563,382.5042,-99
5426401401,258.775,382.5729,-99
5426434734,257.0468,382.6277,-99
5426468067,256.2314,382.8974,-99
5426501400,255.7304,382.8015,-99
5426534733,254.0069,381.477,-99
5426568066,252.4562,380.6406,-99
5426601399,250.0325,379.7796,-99
5426634732,248.2059,378.8288,-99
5426668065,246.8565,376.9318,-99
5426701398,246.4884,375.8658,-99
5426734731,243.4145,373.9079,-99
5426768064,241.4949,371.6994,-99
5426801397,239.8654,371.1946,-99
5426834730,238.7792,371.0191,-99
5426868063,237.6353,371.4318,-99
5426901396,236.3291,371.1932,-99
5426934729,235.098,371.4653,-99
5426968062,233.7028,371.9384,-99
5427001395,231.6321,372.3658,-99
5427034728,229.2431,372.8013,-99
5427068061,227.2449,373.893,-99
5427101394,226.3217,375.1838,-99
5427134727,223.6579,375.4728,-99
5427168060,221.4422,375.8167,-99
5427201393,219.8257,376.1782,-99
5427234726,218.9626,376.5821,-99
5427268059,218.3067,377.6576,-99
5427301392,218.2733,378.1674,-99
5427334725,217.5723,378.9217,-99
5427368058,217.8855,380.1299,-99
5427401391,218.4505,380.4099,-99
5427434724,218.0139,380.3009,-99
5427468057,218.1051,379.8995,-99
5427501390,217.151,379.1247,-99
5427534723,217.9206,376.5687,-99
5427568056,216.002,374.9361,-99
5427601389,217.4481,371.5825,-99
5427634722,218.1597,369.0067,-99
5427668055,220.0502,365.2105,-99
5427701388,220.1895,359.7429,-99
5427734721,221.4562,356.0337,-99
5427768054,222.5571,352.5525,-99
5427801387,223.4732,351.1854,-99
5427834720,224.0429,351.0909,-99
5427868053,222.3063,351.0101,-99
5427901386,220.6791,351.2139,-99
5427934719,219.1277,351.2222,-99
5427968052,216.9667,351.0595,-99
5428001385,215.5885,349.927,-99
5428034718,213.5825,349.1731,-99
5428068051,212.2523,348.2023,-99
5428101384,212.3861,348.235,-99
5428134717,210.3405,348.1775,-99
5428168050,208.2749,348.391,-99
5428201383,206.6332,349.4206,-99
5428234716,204.9435,350.6588,-99
5428268049,203.5991,351.8263,-99
5428301382,202.9275,352.9565,-99
5428334715,201.7022,353.0397,-99
5428368048,200.7727,352.5101,-99
5428401381,199.8534,351.0183,-99
5428434714,199.0306,349.7551,-99
5428468047,199.4934,347.9108,-99
5428494644,199.855,346.86,-99
5428527977,200.0525,346.2651,-99
5428561310,200.1553,344.2632,-99
5428594643,200.0052,342.3446,-99
5428627976,202.1193,340.7234,-99
5428661309,203.2397,339.7686,-99
5428694642,203.013,337.9922,-99
5428727975,204.8283,335.8042,-99
5428761308,204.756,332.8636,-99
5428794641,205.0468,330.17,-99
5428827974,205.3874,329.2658,-99
5428861307,204.6436,326.4629,-99
5428894640,204.338,325.2981,-99
5428927973,201.8401,322.4873,-99
5428961306,200.5037,321.9364,-99
5428994639,197.4496,319.4215,-99
5429027972,195.6438,317.9949,-99
5429061305,194.4848,317.6042,-99
5429094638,191.0323,315.288,-99
5429127971,190.7758,314.2343,-99
5429161304,189.2365,313.5983,-99
5429194637,188.1414,310.3763,-99
5429227970,187.6497,307.9153,-99
5429261303,185.5169,305.3568,-99
5429294636,186.1784,302.3668,-99
5429327969,185.564,298.4064,-99
5429361302,185.2636,296.8109,-99
5429394635,185.4566,294.9422,-99
5429427968,186.6236,295.3879,-99
5429461301,188.1199,295.3161,-99
5429494634,190.0734,295.3305,-99
5429527967,191.0135,293.9434,-99
5429561300,190.1365,293.0236,-99
5429594633,190.112,291.0464,-99
5429627966,189.7764,287.9238,-99
5429661299,189.1244,287.4948,-99
5429694632,187.9301,284.7786,-99
5429727965,186.8428,283.8477,-99
5429761298,185.0993,280.9082,-99
5429794631,184.0587,280.0293,-99
5429827964,182.5809,276.701,-99
5429861297,180.0571,274.613,-99
5429894630,179.569,271.9516,-99
5429927963,178.5916,268.2065,-99
5429961296,177.756,266.2732,-99
5429994629,176.6574,263.7056,-99
5430027962,175.8898,261.086,-99
5430061295,175.2267,259.4383,-99
5430094628,175.5754,257.6055,-99
5430127961,175.989,256.0468,-99
5430163623,178.0192,254.5357,-99
5430196956,178.2427,251.1637,-99
5430230289,179.6865,249.0378,-99
5430263622,182.0497,247.9921,-99
5430296955,182.5753,244.074,-99
5430330288,185.095,244.085,-99
5430363621,183.4759,239.6402,-99
5430396954,184.8446,239.9148,-99
5430430287,182.4972,237.2949,-99
5430463620,180.554,235.2881,-99
5430496953,180.9921,235.4605,-99
5430530286,179.3512,234.2512,-99
5430563619,178.1404,232.4712,-99
5430596952,178.1076,232.1271,-99
5430630285,175.8672,229.0024,-99
5430663618,175.6331,227.8234,-99
5430696951,176.1632,228.2474,-99
5430730284,175.3551,224.7472,-99
5430763617,176.5378,224.7946,-99
5430796950,176.0163,224.7255,-99
5430830283,177.6903,225.0767,-99
5430863616,178.4441,225.1201,-99
5430896949,179.0726,224.7876,-99
5430930282,179.782,224.4251,-99
5430963615,180.6412,223.7684,-99
5430996948,181.1849,223.2318,-99
5431030281,182.8883,223.2843,-99
5431063614,185.8214,222.2524,-99
5431096947,187.4191,221.4681,-99
5431130280,188.7625,222.1568,-99
5431163613,189.1471,222.0613,-99
5431196946,189.6144,222.6581,-99
5431230279,189.0646,222.1555,-99
5431263612,188.1147,221.4414,-99
5431296945,188.1533,221.8568,-99
5431330278,187.0935,221.5506,-99
5431363611,185.3333,218.8115,-99
5431396944,184.4205,217.7026,-99
5431430277,184.3262,217.7381,-99
5431463610,183.8782,217.6674,-99
5431496943,184.066,216.934,-99
5431530276,183.4358,215.3209,-99
5431563609,183.8304,214.5367,-99
5431596942,184.4234,213.5377,-99
5431630275,185.6505,212.9442,-99
5431663608,186.565,212.8939,-99
5431696941,186.3115,209.7354,-99
5431730274,188.3942,209.4769,-99
5431763607,188.348,206.6029,-99
5431796940,190.4246,205.7146,-99
5431833523,191.22,202.8675,-99
5431866856,193.3584,201.5545,-99
5431900189,193.8876,198.736,-99
5431933522,194.4939,197.7215,-99
5431966855,194.7733,197.3375,-99
5432000188,194.33,196.0831,-99
5432033521,192.9202,193.8728,-99
5432066854,192.4541,192.2622,-99
5432100187,190.9098,189.3582,-99
5432133520,191.2945,189.5036,-99
5432166853,190.5431,187.3182,-99
5432200186,190.7887,185.5479,-99
5432233519,191.5414,185.7612,-99
5432266852,190.8243,183.292,-99
5432300185,190.9328,182.9457,-99
5432333518,191.2267,182.4484,-99
5432366851,191.3753,182.6431,-99
5432400184,192.5354,181.3145,-99
5432433517,193.2087,178.534,-99
5432466850,195.0449,177.9354,-99
5432500183,196.8451,177.7717,-99
5432533516,198.0746,177.7155,-99
5432566849,199.0914,178.371,-99
5432600182,200.2789,177.897,-99
5432633515,200.8455,177.8157,-99
5432666848,202.0744,178.1872,-99
5432700181,204.0497,177.4104,-99
5432733514,206.1746,174.5362,-99
5432766847,207.7451,174.9552,-99
5432800180,211.217,171.9599,-99
5432833513,214.1557,170.0472,-99
5432866846,216.8682,167.2364,-99
5432900179,219.971,165.3696,-99
5432933512,221.9644,164.589,-99
5432966845,224.1208,161.9763,-99
5433000178,225.3185,160.7154,-99
5433033511,224.9602,158.9391,-99
5433066844,224.5217,157.0353,-99
5433100177,224.1601,154.0046,-99
5433133510,223.7423,152.2525,-99
5433166843,224.102,149.1837,-99
5433200176,224.3387,148.664,-99
5433233509,225.3714,147.587,-99
5433266842,225.9198,146.6316,-99
5433300175,226.5576,147.2068,-99
5433333508,226.2245,145.8673,-99
5433366841,226.5811,146.1466,-99
5433400174,227.8046,145.8545,-99
5433433507,230.2854,145.7396,-99
5433466840,232.1247,145.4558,-99
5433502470,233.7677,144.8849,-99
5433535803,233.5192,144.509,-99
5433569136,235.7054,144.3773,-99
5433602469,238.4824,144.1859,-99
5433635802,241.0047,142.5944,-99
5433669135,243.0728,142.1553,-99
5433702468,244.6373,141.9698,-99
5433735801,245.537,141.0291,-99
5433769134,245.6794,141.4282,-99
5433802467,246.2538,141.033,-99
5433835800,245.5479,140.8919,-99
5433869133,243.6967,141.2657,-99
5433902466,240.6852,142.1743,-99
5433935799,235.9928,143.9807,-99
5433969132,232.0824,145.4894,-99
5434002465,229.8211,146.1743,-99
5434035798,230.0699,146.7068,-99
5434069131,229.8558,147.7731,-99
5434102464,231.0985,147.4653,-99
5434135797,232.7079,148.1219,-99
5434169130,234.3923,148.9356,-99
5434202463,237.0507,149.729,-99
5434235796,240.4269,150.6827,-99
5434269129,241.5877,151.7962,-99
5434302462,241.778,152.3195,-99
5434335795,242.3373,152.5249,-99
5434369128,243.1583,152.7798,-99
5434402461,244.1286,152.3568,-99
5434435794,245.0905,149.8024,-99
5434469127,246.8314,149.1499,-99
5434502460,249.4656,147.924,-99
5434535793,252.4031,145.4187,-99
5434569126,255.6674,144.1725,-99
5434602459,258.7979,141.471,-99
5434635792,261.3641,140.5059,-99
5434669125,263.8633,138.9176,-99
5434702458,266.7506,136.8229,-99
5434735791,268.494,134.9448,-99
5434769124,269.4399,132.9904,-99
5434802457,270.3864,131.0202,-99
5434835790,271.3966,129.1557,-99
5434869123,273,126.5285,-99
5434902456,274.4232,125.052,-99
5434935789,275.5796,124.6965,-99
5434969122,277.4064,123.6108,-99
5435002455,280.8454,123.4426,-99
5435035788,284.6685,124.4251,-99
5435069121,288.0981,124.5615,-99
5435102454,290.1309,124.1406,-99
5435135787,291.0977,123.1721,-99
5435177918,294.1604,122.193,-99
5435211251,298.0407,120.9354,-99
5435244584,301.5505,120.3702,-99
5435277917,304.8549,119.8206,-99
5435311250,308.4243,118.9192,-99
5435344583,310.794,118.9874,-99
5435377916,314.125,118.6862,-99
5435411249,317.6216,118.7297,-99
5435444582,321.52,118.24,-99
5435477915,324.317,118.1049,-99
5435511248,326.8698,118.4974,-99
5435544581,328.5989,118.8379,-99
5435577914,331.1894,119.3535,-99
5435611247,333.226,119.3882,-99
5435644580,335.4253,118.4845,-99
5435677913,337.3499,117.8433,-99
5435711246,338.3333,118.1578,-99
5435744579,339.4372,118.2899,-99
5435777912,340.9431,118.2475,-99
5435811245,341.8219,118.2952,-99
5435844578,343.0951,118.4062,-99
5435877911,344.574,119.1688,-99
5435911244,346.5949,119.157,-99
5435944577,349.3342,119.113,-99
5435977910,353.1789,119.0368,-99
5436011243,356.5128,118.4031,-99
5436044576,358.4731,118.2097,-99
5436077909,360.5533,118.1091,-99
5436111242,361.3805,118.0437,-99
5436144575,363.0373,117.9975,-99
5436177908,364.8167,118.4974,-99
5436211241,367.3089,119.4084,-99
5436244574,369.1156,121.0302,-99
5436277907,371.313,120.3767,-99
5436311240,372.8616,121.6919,-99
5436344573,375.2253,123.3779,-99
5436377906,377.8597,125.699,-99
5436411239,380.136,127.9813,-99
5436444572,382.6764,130.2433,-99
5436477905,384.9571,132.8231,-99
5436511238,386.822,135.0932,-99
5436544571,387.9528,136.7848,-99
5436577904,389.4971,137.2238,-99
5436611237,390.5083,137.7818,-99
5436644570,391.3483,137.3193,-99
5436677903,393.1055,137.3008,-99
5436711236,394.4819,137.0907,-99
5436744569,396.3163,136.7346,-99
5436777902,397.4032,138.1891,-99
5436811235,399.2875,140.5497,-99
5436844568,400.9781,143.1478,-99
5436877901,402.7943,145.7234,-99
5436911234,404.9563,149.0892,-99
5436944567,405.4067,151.3948,-99
5436977900,407.0864,153.25,-99
5437011233,409.2813,155.0052,-99
5437044566,410.2448,157.0658,-99
5437077899,412.1076,158.5879,-99
5437111232,413.7718,160,-99
5437144565,415.2078,159.665,-99
5437177898,416.6205,159.2363,-99
5437211231,418.4765,159.2568,-99
5437244564,419.9976,160.1561,-99
5437277897,421.8925,163.9759,-99
5437311230,423.4829,167.6581,-99
5437344563,424.1663,170.5274,-99
5437377896,424.1818,171.1405,-99
5437411229,424.1629,173.9129,-99
5437444562,424.0933,175.5656,-99
5437477895,424.9229,176.7576,-99
5437511228,426.8464,176.3073,-99
5437544561,430.8018,174.2167,-99
5437577894,433.3921,172.259,-99
5437611227,436.2531,172.7094,-99
5437644560,437.3848,171.9354,-99
5437677893,440.2416,168.6846,-99
5437711226,442.7249,167.5502,-99
5437744559,443.6656,168.0909,-99
5437777892,444.2602,167.7927,-99
5437811225,444.498,168.7412,-99
5437844558,445.6917,168.8746,-99
5437877891,447.713,168.3333,-99
5437911224,448.4513,166.649,-99
5437944557,447.6044,164.8764,-99
5437977890,448.7639,165.2792,-99
5438011223,449.3261,163.4205,-99
5438044556,449.7389,164.25,-99
5438077889,451.088,165.7384,-99
5438111222,450.1335,166.055,-99
5438144555,447.7261,165.528,-99
5438177888,445.9337,169.1844,-99
5438211221,444.4813,172.5818,-99
5438244554,441.7246,174.7914,-99
5438277887,439.3713,176.7613,-99
5438311220,436.757,177.5113,-99
5438344553,435.4209,178.0806,-99
5438377886,433.886,178.0882,-99
5438411219,433.8251,175.6612,-99
5438444552,434.5625,175.7708,-99
5438477885,436.1545,176.1951,-99
5438507077,432.3835,175.8349,-99
5438540410,431.6265,174.9027,-99
5438573743,432.0256,174.0895,-99
5438607076,432.7604,173.566,-99
5438640409,431,174.1616,-99
5438673742,428.9702,173.6012,-99
5438707075,427.6706,173.2823,-99
5438740408,432.1732,170.7717,-99
5438773741,437.2683,167.7398,-99
5438807074,436.0909,168.4615,-99
5438840407,433.0368,166.4294,-99
5438873740,433.5473,168.2703,-99
5438907073,432.7455,166.8061,-99
5438940406,432.712,164.4136,-99
5438973739,433.0238,164.506,-99
5439007072,433.1411,164.3129,-99
5439040405,433.731,162.3724,-99
5439073738,433.5431,164.5497,-99
5439107071,432.8603,166.2794,-99
5439140404,428.5072,169.7129,-99
5439173737,431.0669,171.0669,-99
5439207070,432.9079,172.6825,-99
5439240403,429.6848,172.1797,-99
5439273736,429.1298,173.5601,-99
5439307069,428.266,174.6186,-99
5439340402,426.9969,174.9226,-99
5439373735,426.219,178.6659,-99
5439407068,423.5958,181.1565,-99
5439440401,422.4252,182.6404,-99
5439473734,421.6547,181.2072,-99
5439507067,421.8077,183.2485,-99
5439540400,420.3994,184.6535,-99
5439573733,420.3044,186.4938,-99
5439607066,422.2483,187.9262,-99
5439640399,425.1231,190.1351,-99
5439673732,427.6695,192.8148,-99
5439707065,428.8678,195.8678,-99
5439740398,431.7105,192.6754,-99
5439773731,436.9452,195.8014,-99
5439807064,436.2051,195.6667,-99
5439873730,445.4598,200.1954,-99
5439907063,458.1127,205.2394,-99
5439940396,457.2965,209.7931,-99
5439973729,457.7293,208.8797,-99
5440007062,459.2402,208.1201,-99
5440040395,460.9604,207.4653,-99
5440073728,460.8908,208.1799,-99
5440107061,461.4292,209.2009,-99
5440140394,462.2987,212.0624,-99
5440173727,462.0989,213.791,-99
5440207060,462.7605,215.8553,-99
5440240393,463.0648,217.8951,-99
5440273726,463.7048,219.1302,-99
5440307059,463.5681,220.0522,-99
5440340392,463.454,221.7016,-99
5440373725,464.1925,222.7236,-99
5440407058,464.0792,225.2874,-99
5440440391,462.9407,227.4395,-99
5440473724,462.9396,229.2271,-99
5440507057,461.2094,231.4024,-99
5440540390,460.7298,233.1593,-99
5440573723,459.5,235.872,-99
5440607056,458.0693,239.203,-99
5440640389,456.8427,242.4324,-99
5440673722,456.1387,244.616,-99
5440707055,458.202,246.1258,-99
5440740388,457.8057,247.3503,-99
5440773721,457.5882,249.2689,-99
5440807054,458.8324,251.0867,-99
5440840387,460.5817,253.9857,-99
5440873720,462.1676,255.948,-99
5440907053,461.989,256.1241,-99
5440940386,465.3677,260.2646,-99
5440973719,465.5632,263.0833,-99
5441007052,466.5756,264.6683,-99
5441040385,468.5901,265.282,-99
5441073718,468.5336,265.7623,-99
5441107051,468.7785,265.7808,-99
5441140384,467.9685,265.8446,-99
5441173717,467.7162,266.1441,-99
5441207050,466.2382,266.7103,-99
5441240383,465.0946,267.5041,-99
5441273716,463.7052,267.0873,-99
5441307049,462.476,266.8581,-99
5441340382,460.9936,266.6242,-99
5441373715,461.0799,265.9201,-99
5441407048,460.5819,264.6724,-99
5441440381,459.081,264.33,-99
5441473714,456.8036,263.6964,-99
5441507047,456.4309,264.1592,-99
5441540380,456.7394,265.3809,-99
5441573713,455.5696,265.6196,-99
5441607046,453.5677,265.437,-99
5441640379,450.2743,267.6004,-99
5441673712,447.0733,267.4978,-99
5441707045,445.2228,266.8886,-99
5441740378,443.9152,265.997,-99
5441773711,441.6588,266.7092,-99
5441807044,441.2065,265.6689,-99
5441843362,443.1788,266.0364,-99
5441876695,445.588,266.2846,-99
5441910028,449.898,267.3569,-99
5441943361,453.6453,267.7265,-99
5441976694,457.1273,268.3632,-99
5442010027,463.083,270.2656,-99
5442043360,468.824,271.2622,-99
5442076693,472.2776,272.4537,-99
5442110026,474.9511,271.6972,-99
5442143359,477.7955,270.8243,-99
5442176692,481.1667,269.8129,-99
5442210025,483.0867,268.6829,-99
5442243358,484.3061,267.6054,-99
5442276691,485.0179,267.9172,-99
5442310024,484.4273,267.7964,-99
5442343357,483.9706,268.7991,-99
5442376690,482.5659,269.5064,-99
5442410023,481.0439,269.6276,-99
5442443356,479.8351,271.3983,-99
5442476689,478.3233,272.041,-99
5442510022,476.9482,272.1532,-99
5442543355,475.2195,273.8986,-99
5442576688,473.9106,274.6463,-99
5442610021,472.0238,274.0345,-99
5442643354,469.3091,274.5323,-99
5442676687,470.2494,274.9427,-99
5442710020,467.9858,274.8867,-99
5442743353,466.1459,274.2785,-99
5442776686,463.7139,274.4659,-99
5442810019,461,274.9353,-99
5442843352,457.4788,274.5609,-99
5442876685,453.9581,274.1648,-99
5442910018,450.961,275.1671,-99
5442943351,449.2829,274.4967,-99
5442976684,448.3458,275.2336,-99
5443010017,448.5504,276.9113,-99
5443043350,449.5151,280.1808,-99
5443076683,450.5079,283.2646,-99
5443110016,451.1233,285.381,-99
5443143349,452.3029,289.0514,-99
5443176682,455.4185,294.3908,-99
5443210015,456.6128,297.6768,-99
5443243348,457.0132,300.7039,-99
5443276681,457.9808,303.6058,-99
5443310014,455.9711,305.0809,-99
5443343347,456.1101,308.0319,-99
5443376680,456.3726,311.1737,-99
5443410013,455.4709,313.6648,-99
5443443346,454.7545,316.7273,-99
5443476679,453.5877,319.0613,-99
5443510731,449.6646,321.2387,-99
5443544064,446.1646,320.354,-99
5443577397,445.4737,322.9861,-99
5443610730,447.529,326.0557,-99
5443644063,448.5482,327.0296,-99
5443677396,449.5039,328.0649,-99
5443710729,450.512,329.9813,-99
5443744062,450.284,333.5258,-99
5443777395,449.6902,336.2115,-99
5443810728,449.8885,338.0763,-99
5443844061,449.666,338.9629,-99
5443877394,449.0561,340.7195,-99
5443910727,447.7284,342.1026,-99
5443944060,447.2354,343.5117,-99
5443977393,446.282,344.9744,-99
5444010726,444.4755,345.4462,-99
5444044059,443.497,346.9195,-99
5444077392,442.0228,347.6274,-99
5444110725,439.9074,350.0718,-99
5444144058,436.7971,350.1014,-99
5444177391,434.5772,354.2779,-99
5444210724,434.6161,356.7299,-99
5444244057,431.3786,358.4112,-99
5444277390,428.8955,360.0054,-99
5444310723,426.2392,360.4059,-99
5444344056,423.2202,360.5913,-99
5444377389,419.6481,361.325,-99
5444410722,417.8039,362.4967,-99
5444444055,415.2643,362.4952,-99
5444477388,413.0837,361.5698,-99
5444510721,411.8395,360.7256,-99
5444544054,410.3538,361.2358,-99
5444577387,410.3616,362.5558,-99
5444610720,410.2369,364.8724,-99
5444644053,409.0951,366.9861,-99
5444677386,408.8628,369.3093,-99
5444710719,407.8163,372.6279,-99
5444744052,408.0372,374.2884,-99
5444777385,408.4954,376.9143,-99
5444810718,407.5938,380.9543,-99
5444844051,404.6102,383.1377,-99
5444877384,402.5151,385.9228,-99
5444910717,401.4401,387.9624,-99
5444944050,400.0687,388.7025,-99
5444977383,398.0061,391.6263,-99
5445010716,397.1121,393.1538,-99
5445044049,393.1253,392.3227,-99
5445077382,393.6989,392.8039,-99
5445110715,389.3283,393.2197,-99
5445144048,387.6327,392.8087,-99
5445185460,383.2387,393.397,-99
5445218793,381.7919,395.1532,-99
5445252126,378.6791,396.5508,-99
5445285459,376.7771,399.1671,-99
5445318792,376.5099,397.8234,-99
5445352125,374.435,395.9017,-99
5445385458,373.6979,395.1784,-99
5445418791,372.2721,394.8915,-99
5445452124,371.5653,395.7037,-99
5445485457,371.614,397.0858,-99
5445518790,370.366,398.4172,-99
5445552123,369.0797,399.2069,-99
5445585456,367.645,400.2297,-99
5445618789,366.5178,402.1178,-99
5445652122,363.5272,402.8949,-99
5445685455,361.43,402.6206,-99
5445718788,360.3626,401.5497,-99
5445752121,359.2305,400.5408,-99
5445785454,357.8415,399.0421,-99
5445818787,357.6552,397.3499,-99
5445852120,356.1785,395.51,-99
5445885453,356.9688,393.8254,-99
5445918786,357.5869,394.2754,-99
5445952119,356.2771,394.9399,-99
5445985452,354.2686,395.5417,-99
5446018785,352.0551,397.0092,-99
5446052118,349.0619,398.8601,-99
5446085451,345.9566,400.7899,-99
5446118784,343.8232,401.9209,-99
5446152117,340.7413,402.8648,-99
5446185450,338.8733,403.3917,-99
5446218783,336.4207,404.3127,-99
5446252116,333.1472,403.7198,-99
5446285449,330.6994,402.7732,-99
5446318782,328.7179,402.6238,-99
5446352115,328.6075,402.8399,-99
5446385448,326.8353,402.5741,-99
5446418781,324.5276,402.9608,-99
5446452114,322.956,403.3727,-99
5446485447,321.3584,403.8648,-99
5446518780,320.7846,405.4127,-99
5446552113,320.2262,406.3326,-99
5446585446,318.4477,408.559,-99
5446618779,316.5839,409.7329,-99
5446652112,312.7315,410.0761,-99
5446685445,309.1579,409.2143,-99
5446718778,306.4782,408.9048,-99
5446752111,302.8034,408.1555,-99
5446785444,299.675,406.7047,-99
5446818777,298.4366,405.888,-99
5446852110,296.0722,403.8013,-99
5446885443,294.6375,402.8071,-99
5446918776,295.0972,401.9482,-99
5446952109,293.1667,401.1366,-99
5446985442,291.9287,398.9287,-99
5447018775,290.1369,397.2097,-99
5447052108,289.2535,395.7183,-99
5447085441,287.993,395.16,-99
5447118774,287.1106,395.1788,-99
5447152107,286.1282,395.6993,-99
5447185440,284.4647,396.5912,-99
5447218773,281.4908,398.1037,-99
5447252106,280.3693,399.3004,-99
5447285439,278.2311,400.984,-99
5447318772,277.0818,402.8622,-99
5447352105,274.9061,403.0349,-99
5447385438,271.4232,401.1881,-99
5447418771,271.0603,399.656,-99
5447452104,269.8522,398.4507,-99
5447485437,269.2731,396.6546,-99
5447518770,268.8632,395.5545,-99
5447552103,267.4882,392.8693,-99
5447585436,267.7621,393.9053,-99
5447618769,266.5824,392.8353,-99
5447652102,266.276,390.9683,-99
5447685435,264.8987,390.2117,-99
5447718768,263.4296,390.1409,-99
5447752101,261.5823,389.5061,-99
5447785434,258.9238,388.5843,-99
5447818767,257.4795,387.947,-99
5447852100,257.1194,387.1194,-99
5447885433,255.8765,387.019,-99
5447918766,254.4523,386.3398,-99
5447952099,251.7149,384.6848,-99
5447985432,249.2094,384.9199,-99
5448018765,247.198,385.3469,-99
5448052098,245.8611,386.0449,-99
5448085431,244.9666,387.5823,-99
5448118764,244.3636,387.8023,-99
5448152097,244.1741,388.32,-99
5448185430,243.6529,388.5563,-99
5448218763,242.853,387.6506,-99
5448252096,241.0982,384.8758,-99
5448285429,239.9818,384.3293,-99
5448318762,239.129,384.866,-99
5448352095,238.3428,383.6857,-99
5448385428,236.6979,382.6064,-99
5448418761,234.7827,381.9753,-99
5448452094,233.4038,380.2644,-99
5448485427,230.8696,378.7254,-99
5448520167,230.0963,377.437,-99
5448553500,229.0103,376.5825,-99
5448586833,229.5355,374.628,-99
5448620166,229.017,372.5012,-99
5448653499,227.1429,371.125,-99
5448686832,225.7757,368.6773,-99
5448720165,224.1201,366.9723,-99
5448753498,222.0494,365.7082,-99
5448786831,219.3283,364.6134,-99
5448820164,217.0833,364.2346,-99
5448853497,215.7092,364.5369,-99
5448886830,214.9948,365.0337,-99
5448920163,214.2302,364.6471,-99
5448953496,214.1481,363.4543,-99
5448986829,213.4246,362.7186,-99
5449020162,212.3582,361.2452,-99
5449053495,213.5737,359.1605,-99
5449086828,214.465,358.315,-99
5449120161,214.3306,357.2104,-99
5449153494,214.6828,355.0847,-99
5449186827,214.9842,354.0203,-99
5449220160,213.7094,352.8146,-99
5449253493,212.9391,352.6043,-99
5449286826,213.1889,353.2227,-99
5449320159,211.7149,353.0919,-99
5449353492,210.2939,352.7745,-99
5449386825,208.8027,352.6585,-99
5449420158,208.0462,352.874,-99
5449453491,206.8798,352.4228,-99
5449486824,205.8773,350.8114,-99
5449520157,204.8218,349.6551,-99
5449553490,204.4784,349.3098,-99
5449586823,202.2299,346.3517,-99
5449620156,202.3944,345.7306,-99
5449653489,202.2635,344.67,-99
5449686822,201.1838,343.327,-99
5449720155,200.2507,340.8172,-99
5449753488,198.7871,338.2673,-99
5449786821,199.4,335.5861,-99
5449820154,197.3295,331.0951,-99
5449853487,196.5955,328.5385,-99
5449886820,196.6418,325.7115,-99
5449920153,193.5704,322.9577,-99
5449953486,192.9223,321.567,-99
5449986819,190.0048,318.8523,-99
5450020152,189.351,317.7885,-99
5450053485,185.7381,315.298,-99
5450086818,185.0337,314.0675,-99
5450120151,182.2233,312.0219,-99
5450153484,181.7202,309.7907,-99
5450186817,181.6623,309.6675,-99
5450220150,181.6143,309.697,-99
5450253483,182.6392,309.6932,-99
5450286816,183.627,310.0486,-99
5450320149,182.9694,308.4496,-99
5450353482,182.4779,308.5929,-99
5450386815,181.91,309.5582,-99
5450420148,180.875,310.4158,-99
5450453481,181.4113,310.1379,-99
5450486814,180.8747,309.5253,-99
5450520147,179.9921,309.9314,-99
5450553480,180.6018,309.1347,-99
5450586813,180.7988,307.5793,-99
5450620146,182.3836,306.7724,-99
5450653479,183.3786,306.1854,-99
5450686812,183.8772,304.7105,-99
5450720145,183.7534,302.4661,-99
5450753478,184.1911,301.9181,-99
5450786811,182.7193,300.218,-99
5450820144,181.6555,298.9023,-99
5450853477,181.3397,298.6359,-99
5450886810,180.0888,297.9739,-99
5450920143,179.5126,297.4667,-99
5450953476,178.7772,295.5049,-99
5450986809,177.8198,294.6162,-99
5451020142,176.1429,293.2679,-99
5451053475,176.5776,292.6164,-99
5451086808,176.081,290.6152,-99
5451120141,176.6172,290.4582,-99
5451153474,177.6011,290.7819,-99
5451186807,177.3457,287.7286,-99
5451220140,180.5027,286.2567,-99
5451253473,180.6724,283.6125,-99
5451286806,182.2089,281.3681,-99
5451320139,183.2549,279.169,-99
5451353472,184.3525,276.3237,-99
5451386805,182.9263,273.0921,-99
5451420138,183.449,271.1214,-99
5451453471,182.4217,267.856,-99
5451486804,180.9271,264.8492,-99
5451520137,181.473,262.9706,-99
5451553470,181.1734,260.2684,-99
5451586803,179.7688,255.8015,-99
5451620136,180.1823,252.7315,-99
5451653469,179.8141,248.9633,-99
5451686802,180.8571,247.5811,-99
5451720135,179.7817,243.4772,-99
5451753468,179.8337,240.8191,-99
5451786801,180.2632,240.4812,-99
5451820134,178.0424,235.5093,-99
5451854154,178.3856,234.6915,-99
5451887487,176.9974,231.7172,-99
5451920820,178.2582,232.1823,-99
5451954153,177.8018,231.429,-99
5451987486,177.2006,228.4913,-99
5452020819,179.0247,227.2822,-99
5452054152,179.7108,225.1865,-99
5452087485,180.6436,221.6105,-99
5452120818,183.2204,220.4624,-99
5452154151,184.3037,215.966,-99
5452187484,186.1323,215.1094,-99
5452220817,187.8514,213.7557,-99
5452254150,189.3699,213.3007,-99
5452287483,191.0879,212.3695,-99
5452320816,191.0024,209.4964,-99
5452354149,192.4971,209.3046,-99
5452387482,193.1173,206.7679,-99
5452420815,195.2126,205.8707,-99
5452454148,196.0123,201.8137,-99
5452487481,197.1514,199.0596,-99
5452520814,198.0637,196.4755,-99
5452554147,198.8905,193.9392,-99
5452587480,199.0865,189.6707,-99
5452620813,200.5112,187.4539,-99
5452654146,201.8844,185.206,-99
5452687479,201.547,181.6535,-99
5452720812,202.7261,180.2128,-99
5452754145,202.0736,177.4772,-99
5452787478,202.6408,176.8398,-99
5452820811,202.4786,174.8904,-99
5452854144,201.4271,174.1202,-99
5452887477,202.0305,174.575,-99
5452920810,202.651,173.0194,-99
5452954143,205.0759,170.1453,-99
5452987476,207.5974,169.7898,-99
5453020809,208.0025,166.2998,-99
5453054142,209.6101,166.0557,-99
5453087475,211.8675,162.2875,-99
5453120808,214.9352,161.2986,-99
5453154141,217.4272,158.8938,-99
5453187474,219.4439,157.8303,-99
5453220807,222.2974,157.3974,-99
5453254140,224.662,153.6898,-99
5453287473,226.9897,153.0231,-99
5453320806,229.1344,152.2285,-99
5453354139,230.8903,149.9541,-99
5453387472,232.0362,149.2636,-99
5453420805,233.2945,148.4344,-99
5453454138,233.2918,145.8604,-99
5453487471,233.384,144.9716,-99
5453520804,232.9556,144.3238,-99
5453554137,232.1272,141.7656,-99
5453587470,231.291,141.306,-99
5453620803,230.7448,141.3119,-99
5453654136,229.8211,140.6237,-99
5453687469,229.3583,140.516,-99
5453720802,228.8005,139.3202,-99
5453754135,228.0714,138.6453,-99
5453787468,228.1772,137.9266,-99
5453820801,228.2552,137.3634,-99
5453854134,228.2025,137.525,-99
5453887467,228.1563,137.4243,-99
5453920800,228.8117,137.5852,-99
5453954133,228.4724,137.4799,-99
5453987466,229.3599,137.7198,-99
5454020799,228.4106,137.9446,-99
5454054132,229.22,137.9175,-99
5454087465,228.8173,137.9111,-99
5454120798,229.43,137.7925,-99
5454154131,229.4048,137.441,-99
5454187464,229.94,137.65,-99
5454220797,230.7933,137.595,-99
5454254130,232.2897,136.0077,-99
5454287463,233.8361,135.5246,-99
5454320796,235.9106,135.5068,-99
5454354129,238.1273,135.2812,-99
5454387462,239.0296,135.2722,-99
5454420795,240.3834,133.9067,-99
5454454128,243.3983,133.7987,-99
5454487461,246.6033,132.0961,-99
5454520794,248.1793,129.8148,-99
5454554127,250.3217,129.0303,-99
5454587460,252.4884,125.4036,-99
5454620793,255.5344,125.2989,-99
5454654126,258.8698,123.5111,-99
5454687459,261.1015,122.651,-99
5454720792,262.243,122.2987,-99
5454754125,263.3979,121.3037,-99
5454787458,265.1339,121.5051,-99
5454820791,268.0952,119.5113,-99
5454854124,271.009,118.6554,-99
5454887457,273.1325,117.47,-99
5454920790,275.4719,117.6247,-99
5454954123,278.7852,116.3964,-99
5454987456,282.5102,114.2832,-99
5455020789,285.1083,113.025,-99
5455054122,287.4629,113.0921,-99
5455087455,290.2363,112.1297,-99
5455120788,291.7974,111.1316,-99
5455154121,293.7643,109.0959,-99
5455195330,295.9879,108.57,-99
5455228663,298.1912,108.5686,-99
5455261996,299.5187,107.6418,-99
5455295329,302.0529,107.1096,-99
5455328662,304.3969,107.5409,-99
5455361995,306.808,108.612,-99
5455395328,309.9542,109.6438,-99
5455428661,312.1609,109.7241,-99
5455461994,315.907,108.5614,-99
5455495327,317.8403,108.5105,-99
5455528660,319.4892,107.8361,-99
5455561993,322.4973,106.3919,-99
5455595326,324.8945,105.8693,-99
5455628659,326.9425,106.395,-99
5455661992,329.6573,107.087,-99
5455695325,332.6805,108.2998,-99
5455728658,334.904,109.5992,-99
5455761991,338.3055,110.4681,-99
5455795324,340.0322,111.1103,-99
5455828657,341.9304,111.9381,-99
5455861990,345.45,113.42,-99
5455895323,348.1636,114.8208,-99
5455928656,350.4672,116.6399,-99
5455961989,351.5,117.5979,-99
5455995322,352.9227,118.1521,-99
5456028655,354.7905,117.9252,-99
5456061988,357.2338,117.9851,-99
5456095321,359.4975,118.0739,-99
5456128654,362.0768,118.0312,-99
5456161987,365.3325,118.9684,-99
5456195320,367.756,120.6879,-99
5456228653,369.4503,121.3797,-99
5456261986,372.5194,122.9067,-99
5456295319,374.2491,123.4517,-99
5456328652,377.271,124.3916,-99
5456361985,381.2214,125.8732,-99
5456395318,385.4343,126.2756,-99
5456428651,387.6876,126.2798,-99
5456461984,390.8176,127.5409,-99
5456495317,392.8392,128.6598,-99
5456528650,395.5793,130.369,-99
5456561983,397.4678,131.7386,-99
5456595316,399.3646,132.7691,-99
5456628649,400.8896,133.6638,-99
5456661982,403.8074,135.2647,-99
5456695315,407.0883,137.6131,-99
5456728648,409.5575,140.0383,-99
5456761981,411.7335,142.3126,-99
5456795314,414.1623,145.1009,-99
5456828647,415.8421,147.3399,-99
5456861980,418.1549,147.7646,-99
5456895313,420.0509,149.5066,-99
5456928646,421.578,150.3824,-99
5456961979,423.0194,150.8642,-99
5456995312,424.7485,151.8783,-99
5457028645,426.1563,153.049,-99
5457061978,425.7919,154.9071,-99
5457095311,427.252,157.6627,-99
5457128644,429.0141,159.9679,-99
5457161977,430.9043,163.172,-99
5457195310,431.7804,163.5224,-99
5457228643,433.2321,163.5383,-99
5457261976,434.5279,165.3046,-99
5457295309,435.8613,166.7958,-99
5457328642,436.4301,168.1873,-99
5457361975,437.1747,169.2633,-99
5457395308,438.0196,172.4069,-99
5457428641,438,175.1245,-99
5457461974,438.6126,177.687,-99
5457495307,438.7599,178.6138,-99
5457528640,438.7486,180.6406,-99
5457561973,439.3601,181.705,-99
5457595306,441.5145,181.8443,-99
5457628639,442.9065,182.7705,-99
5457661972,443.6181,183.1181,-99
5457695305,444.1525,182.4109,-99
5457728638,445.7798,182.215,-99
5457761971,445.6415,183.6268,-99
5457795304,445.6872,183.9956,-99
5457828637,445.4273,184.1735,-99
5457861970,445.9786,184.9295,-99
5457895303,446.0339,185.5614,-99
5457928636,446.5249,186.2863,-99
5457961969,447.2831,187.7861,-99
5457995302,447.6976,189.8322,-99
5458028635,447.8112,190.3865,-99
5458061968,447.9437,188.7185,-99
5458095301,447.9276,188.6713,-99
5458128634,448.3578,188.3871,-99
5458161967,448.903,189.398,-99
5458195300,447.1571,190.9057,-99
5458228633,448.882,191.3261,-99
5458261966,449.4706,191.3382,-99
5458295299,449.0327,190.273,-99
5458328632,450.2388,190,-99
5458361965,452.2349,189.8762,-99
5458395298,453.9511,189.8632,-99
5458428631,455.2305,189.9026,-99
5458461964,456.2954,189.0966,-99
5458495297,456.3733,189.2925,-99
5458527708,457.7506,191.307,-99
5458561041,459.0893,191.1037,-99
5458594374,457.97,191.8407,-99
5458627707,458.0745,192.5938,-99
5458661040,458.229,193.965,-99
5458694373,456.3069,193.9397,-99
5458727706,453.7581,194.7387,-99
5458761039,454.0866,197.3743,-99
5458794372,454.1403,201.1494,-99
5458827705,453.9064,200.4612,-99
5458861038,454.0674,200.9163,-99
5458894371,454.8323,203.0379,-99
5458927704,454.8261,204.499,-99
5458961037,455.4206,205.6094,-99
5458994370,456.1132,207.612,-99
5459027703,456.4279,208.4801,-99
5459061036,453.7601,209.1558,-99
5459094369,453.9684,208.9447,-99
5459127702,452.2486,211.3842,-99
5459161035,459.1325,214.5812,-99
5459194368,462.2709,220.2876,-99
5459227701,460.9331,223.5599,-99
5459261034,461.2601,225.8064,-99
5459294367,458.6219,227.6218,-99
5459327700,457.7557,230.0603,-99
5459361033,456.1073,230.3253,-99
5459394366,453.2491,231.3295,-99
5459427699,449.92,227.9933,-99
5459461032,455.672,231.0212,-99
5459494365,458.1271,232.8941,-99
5459527698,460.641,233.4689,-99
5459561031,462.2969,234.8672,-99
5459594364,464.5918,236.9388,-99
5459627697,464.7791,238.6628,-99
5459661030,466.1348,240.0749,-99
5459694363,468.9228,245.5854,-99
5459727696,469.3548,247.5565,-99
5459761029,470.0576,251.1893,-99
5459794362,471.5359,252.0189,-99
5459827695,468.5234,252.2679,-99
5459861028,467.126,254.916,-99
5459894361,465.7559,254.3712,-99
5459927694,466.3793,256,-99
5459961027,467.2834,259.1853,-99
5459994360,467.0538,261.0296,-99
5460027693,466.3548,263.1514,-99
5460061026,468.1025,264.3895,-99
5460094359,470.2333,268.703,-99
5460127692,469.1617,268.3986,-99
5460161025,468.3912,269.4456,-99
5460203156,468.9371,271.4853,-99
5460236489,469.2773,272.6638,-99
5460269822,468.3632,273.6087,-99
5460303155,470.8747,276.259,-99
5460336488,469.8946,278.4754,-99
5460369821,470.0164,280.6869,-99
5460403154,468.826,282.9363,-99
5460436487,469.0704,284.6948,-99
5460469820,467.4953,283.8679,-99
5460503153,467.2698,285.1683,-99
5460536486,466.6829,287.4583,-99
5460569819,466.4202,289.1357,-99
5460603152,466.1878,288.9074,-99
5460636485,469.1254,286.0228,-99
5460669818,471.1726,286.463,-99
5460703151,471.631,288.4807,-99
5460736484,471.2587,289.3388,-99
5460769817,471.057,290.3859,-99
5460803150,470.9502,290.4124,-99
5460836483,470.3232,290.5192,-99
5460869816,468.3899,292.4963,-99
5460903149,467.5389,292.481,-99
5460936482,467.1735,292.1884,-99
5460969815,466.734,292.9146,-99
5461003148,465.8912,293.0338,-99
5461036481,464.77,293.557,-99
5461069814,464.2101,293.0913,-99
5461103147,464.1777,292.0877,-99
5461136480,462.9361,291.9754,-99
5461169813,461.8449,292.2411,-99
5461203146,460.8292,292.599,-99
5461236479,459.0979,293.9106,-99
5461269812,460.6769,293.2667,-99
5461303145,455.8763,297.765,-99
5461336478,453.7839,298.2371,-99
5461369811,451.4775,298.4977,-99
5461403144,448.1147,296.8853,-99
5461436477,446.09,298.9233,-99
5461469810,448.3091,301.879,-99
5461503143,450.3212,304.5414,-99
5461536476,451.4908,306.8398,-99
5461569809,452.0963,308.9694,-99
5461603142,454.0545,312.0097,-99
5461636475,454.4759,314.316,-99
5461669808,455.5957,316.1243,-99
5461703141,455.2966,318.2345,-99
5461736474,455.5755,320.9143,-99
5461769807,454.0325,322.2294,-99
5461803140,451.1118,326.596,-99
5461836473,448.4018,327.8248,-99
5461869806,446.5344,327.7031,-99
5461903139,444.504,329.2896,-99
5461936472,445.4114,328.7299,-99
5461969805,444.793,330.6621,-99
5462003138,443.7708,333.0751,-99
5462036471,443.3574,334.5422,-99
5462069804,442.6729,336.1905,-99
5462103137,443.2382,337.7489,-99
5462136470,443.0125,339.112,-99
5462169803,442.3804,339.9239,-99
5462203136,440.6452,339.5138,-99
5462236469,439.6289,338.6737,-99
5462269802,437.683,340.3833,-99
5462303135,435.7217,343.8821,-99
5462336468,433.6245,346.4872,-99
5462369801,431.9177,348.9553,-99
5462403134,430.9175,351.3301,-99
5462436467,428.9637,355.0305,-99
5462469800,427.6978,358.7164,-99
5462503133,426.6312,362.8251,-99
5462536466,425.7744,366.9235,-99
5462569799,424.501,370.6447,-99
5462603132,423.2705,373.4076,-99
5462636465,422.379,375.666,-99
5462669798,420.5069,377.6051,-99
5462703131,418.2466,379.1243,-99
5462736464,415.1504,379.8359,-99
5462769797,409.7042,382.2981,-99
5462803130,408.4806,381.6659,-99
5462836463,404.8583,380.8684,-99
5462869796,398.7972,380.1486,-99
5462903129,397.8541,380.8861,-99
5462936462,395.9236,379.893,-99
5462969795,398,377.9333,-99
5463003128,397.894,374.7026,-99
5463036461,397.1913,374.5095,-99
5463069794,395.0331,372.127,-99
5463103127,392.9435,370.4134,-99
5463136460,389.8758,368.0931,-99
5463169793,390.3055,367.1423,-99
5463203126,389.614,366.7088,-99
5463236459,388.6455,365.9202,-99
5463269792,388.2644,365.3778,-99
5463303125,388.3774,364.7505,-99
5463336458,388.9908,363.1487,-99
5463369791,388.5589,362.8083,-99
5463403124,389.1593,360.1283,-99
5463436457,389.6244,358.1636,-99
5463469790,388.935,355.9095,-99
5463503123,388.3747,353.8368,-99
5463535534,386.7213,352.171,-99
5463568867,386.7648,350.4064,-99
5463602200,385.0788,349.4945,-99
5463635533,382.7231,348.8625,-99
5463668866,382.3216,348.7471,-99
5463702199,381.3849,349.5335,-99
5463735532,381.0294,351.9393,-99
5463768865,380.1446,354.8285,-99
5463802198,378.7307,358,-99
5463835531,376.899,362.5842,-99
5463868864,375.1098,367.4804,-99
5463902197,374.2613,372.8841,-99
5463935530,373.6926,377.8361,-99
5463968863,374.4437,381.4805,-99
5464002196,374.2656,385.1339,-99
5464035529,373.076,389.0123,-99
5464068862,371.4963,392.4631,-99
5464102195,370.1328,394.1211,-99
5464135528,367.8073,396.3993,-99
5464168861,366.2607,397.6153,-99
5464202194,364.8474,398.4186,-99
5464235527,363.5125,398.2954,-99
5464268860,362.9231,397.4063,-99
5464302193,362.485,397.0878,-99
5464335526,360.4825,396.5641,-99
5464368859,358.8793,395.6993,-99
5464402192,357.907,395.3256,-99
5464435525,356.5288,395.6394,-99
5464468858,356.0492,395.1077,-99
5464502191,356.1591,394.8694,-99
5464535524,354.9543,394.7644,-99
5464568857,353.5244,396.0255,-99
5464602190,352.7552,397.3264,-99
5464635523,350.732,399.1554,-99
5464668856,347.5808,399.1981,-99
5464702189,344.4446,400.385,-99
5464735522,342.9516,400.7151,-99
5464768855,340.7968,400.6385,-99
5464802188,338.5525,400.1608,-99
5464835521,335.3601,399.9095,-99
5464868854,334.2537,399.6397,-99
5464902187,332.687,400.5284,-99
5464935520,331.2709,400.3138,-99
5464968853,329.1366,400.5046,-99
5465002186,327.507,399.8592,-99
5465035519,325.8378,398.5667,-99
5465068852,324.5694,397.7967,-99
5465102185,322.4201,396.5936,-99
5465135518,320.5739,395.9205,-99
5465168851,316.7667,396.0065,-99
5465196402,314.3913,395.3848,-99
5465229735,310.3582,395.2516,-99
5465263068,307.0578,395.0244,-99
5465296401,304,394.7978,-99
5465329734,300.9045,395.1866,-99
5465363067,298.5327,395.7607,-99
5465396400,296.8051,396.2227,-99
5465429733,294.6438,397.4978,-99
5465463066,292.7991,399.4315,-99
5465496399,291.5935,401.0139,-99
5465529732,289.9129,401.0934,-99
5465563065,288.554,401.009,-99
5465596398,287.6941,401.4302,-99
5465629731,287.583,401.6583,-99
5465663064,288.2609,402.6913,-99
5465696397,288.1728,402.2397,-99
5465729730,288.7408,401.3899,-99
5465763063,288.1342,401.3311,-99
5465796396,287.6971,400.6856,-99
5465829729,286.8318,400.1977,-99
5465863062,288.0045,398.8724,-99
5465896395,288.0023,398.0679,-99
5465929728,287.7233,397.1628,-99
5465963061,287.1777,396.8116,-99
5465996394,287.1457,395.9804,-99
5466029727,288.2048,394.6784,-99
5466063060,287.7794,395.0466,-99
5466096393,288.0399,393.5493,-99
5466129726,286.8166,392.5369,-99
5466163059,285.6278,392.2444,-99
5466196392,283.0941,391.5849,-99
5466229725,281.9054,392.1824,-99
5466263058,281.891,392.5498,-99
5466296391,280.6233,392.5581,-99
5466329724,278.1499,392.3624,-99
5466363057,275.9685,392.0292,-99
5466396390,273.2058,391.7204,-99
5466429723,270.8017,391.2198,-99
5466463056,269.3422,389.9492,-99
5466496389,267.5429,387.891,-99
5466529722,264.5635,386.8321,-99
5466563055,263.7694,385.0291,-99
5466596388,262.229,383.7944,-99
5466629721,261.1568,382.2922,-99
5466663054,258.738,381.5844,-99
5466696387,258.0137,380.7625,-99
5466729720,256.281,379.6623,-99
5466763053,254.8416,379.8077,-99
5466796386,252.4632,380.026,-99
5466829719,250.7924,380.9682,-99
5466871850,248.5508,381.5339,-99
5466905183,246.4708,382.0667,-99
5466938516,245.2465,383.4131,-99
5466971849,243.4375,383.6058,-99
5467005182,241.533,383.5575,-99
5467038515,239.8403,382.8518,-99
5467071848,238.5829,380.6208,-99
5467105181,237.2374,378.5684,-99
5467138514,237.2103,376.3505,-99
5467171847,235.9343,374.1541,-99
5467205180,235.7837,371.6226,-99
5467238513,234.863,370.4231,-99
5467271846,233.7212,366.6829,-99
5467305179,232.58,365.7717,-99
5467338512,231.951,362.7328,-99
5467371845,229.5316,359.4918,-99
5467405178,228.8821,357.1921,-99
5467438511,227.8597,356.1312,-99
5467471844,227.6795,354.912,-99
5467505177,227.2106,353.4701,-99
5467538510,225.7108,352.8985,-99
5467571843,224.6944,352.8831,-99
5467605176,224.2426,352.5128,-99
5467638509,223.6803,351.7778,-99
5467671842,221.7024,350.7833,-99
5467705175,220.3333,350.6115,-99
5467738508,218.7977,350.4546,-99
5467771841,217.483,350.4535,-99
5467805174,216.2921,350.6022,-99
5467838507,214.8009,350.8055,-99
5467871840,214.748,351.5377,-99
5467905173,214.6159,350.1522,-99
5467938506,215.2081,348.4442,-99
5467971839,214.1965,346.2947,-99
5468005172,215.752,343.4282,-99
5468038505,214.6198,341.1475,-99
5468071838,214.5694,338.5263,-99
5468105171,213.0304,337.5771,-99
5468138504,211.4296,337.0097,-99
5468171837,209.2698,336.4604,-99
5468205170,208.7288,336.2076,-99
5468238503,206.9975,336.2635,-99
5468271836,207.3602,336.2519,-99
5468305169,206.5212,336.5448,-99
5468338502,206.4061,335.179,-99
5468371835,206.7311,333.8703,-99
5468405168,205.8123,333.0643,-99
5468438501,205.7241,330.0731,-99
5468471834,204.4299,326.6299,-99
5468505167,203.8446,325.3183,-99
5468538500,204.1688,323.1284,-99
5468571833,202.7685,322.1065,-99
5468605166,201.6947,321.4135,-99
5468638499,200.6884,320.9598,-99
5468671832,200.3071,319.9721,-99
5468705165,199.1741,319,-99
5468738498,197.6298,318.5385,-99
5468771831,196.3457,318.0394,-99
5468805164,195.6469,318.5704,-99
5468838497,195.7765,317.8041,-99
5468871830,194.6347,315.4406,-99
5468905163,194.9952,314,-99
5468938496,193.7845,312.5517,-99
5468971829,193.0082,310.3907,-99
5469005162,193.4354,308.3326,-99
5469038495,191.7627,306.2613,-99
5469071828,190.9895,304.4076,-99
5469105161,189.4399,301.7136,-99
5469138494,188.9524,299.3381,-99
5469171827,187.9362,296.8617,-99
5469205160,187.532,294.3203,-99
5469238493,187.3174,292.611,-99
5469271826,187.7717,291.263,-99
5469305159,187.4785,288.8038,-99
5469338492,187.7679,287.7037,-99
5469371825,188.1165,284.5696,-99
5469405158,188.3005,283.1835,-99
5469438491,188.5947,280.3261,-99
5469471824,187.8364,278.5805,-99
5469505157,187.6925,275.4703,-99
5469538490,187.0859,272.4177,-99
5469571823,186.1175,269.8694,-99
5469605156,184.5077,266.9872,-99
5469638489,183.9291,265.5873,-99
5469671822,182.9256,264.3027,-99
5469705155,181.8159,263.6244,-99
5469738488,180.9362,262.4601,-99
5469771821,180.6965,260.306,-99
5469805154,180.3095,260.0476,-99
5469838487,180.4115,259.9163,-99
5469871820,180.0985,259.0887,-99
5469905153,179.9163,259.0296,-99
5469938486,180.374,258.7162,-99
5469971819,179.3794,258.6809,-99
5470005152,179.25,260.1609,-99
5470038485,178.4812,257.7159,-99
5470071818,180.0909,257.5377,-99
5470105151,181.622,256.9003,-99
5470138484,181.1016,253.131,-99
5470171817,182.9679,253.1524,-99
5470200978,182.6641,248.4256,-99
5470234311,184.5096,247.4952,-99
5470267644,184.1836,243.5808,-99
5470300977,185.5401,242.9033,-99
5470334310,184.5,239.8978,-99
5470367643,184.9091,237.972,-99
5470400976,183.5351,235.3784,-99
5470434309,182.9722,233.412,-99
5470467642,182.4254,231.8458,-99
5470500975,181.6929,230.2039,-99
5470534308,180.5994,228.7685,-99
5470567641,182.2494,227.753,-99
5470600974,181.5895,224.5083,-99
5470634307,182.3198,223.7589,-99
5470667640,182.9676,221.5511,-99
5470700973,183.8056,220.1304,-99
5470734306,183.7861,218.4786,-99
5470767639,183.231,215.9528,-99
5470800972,183.5858,215.6512,-99
5470834305,183.9976,215.8171,-99
5470867638,184.439,215.4268,-99
5470900971,184.87,214.366,-99
5470934304,184.985,213.1287,-99
5470967637,185.8139,212.4128,-99
5471000970,187.3477,210.6371,-99
5471034303,187.3221,209.2437,-99
5471067636,188.3559,206.5896,-99
5471100969,188.7726,205.7796,-99
5471134302,188.1257,203.2888,-99
5471167635,187.7737,201.5081,-99
5471200968,186.6397,200.8224,-99
5471234301,185.4029,198.0552,-99
5471267634,185.2843,197.3407,-99
5471300967,183.9884,197.0491,-99
5471334300,186.3932,197.2409,-99
5471367633,188.0883,196.7733,-99
5471400966,186.8994,197.0259,-99
5471434299,189.5855,196.2565,-99
5471467632,190.2127,196.1464,-99
5471500965,191.3094,194.0569,-99
5471534298,192.4398,193.7927,-99
5471567631,193.2032,190.3931,-99
5471600964,193.8611,188.1111,-99
5471634297,194.6871,186.12,-99
5471667630,194.7535,183.93,-99
5471700963,195.2771,182.8715,-99
5471734296,196.839,182.3325,-99
5471767629,198.2752,181.5804,-99
5471800962,199.4864,179.9511,-99
5471834295,201.5241,179.5989,-99
5471873175,203.0594,179.6201,-99
5471906508,204.7429,180.3805,-99
5471939841,206.3573,181.056,-99
5471973174,207.8132,181.379,-99
5472006507,209.3234,182.2826,-99
5472039840,209.6967,182.1994,-99
5472073173,210.2846,182.0372,-99
5472106506,210.8623,180.7576,-99
5472139839,210.2082,180.928,-99
5472173172,209.5754,178.5804,-99
5472206505,208.8319,178.6578,-99
5472239838,208.7236,177.7487,-99
5472273171,208.9671,175.0188,-99
5472306504,208.8811,173.9351,-99
5472339837,209.2106,173.2615,-99
5472373170,208.453,171.4602,-99
5472406503,207.9655,170.8571,-99
5472439836,208.8528,170.075,-99
5472473169,209.7947,169.7684,-99
5472506502,210.5955,169.6709,-99
5472539835,211.2833,169.1762,-99
5472573168,212.198,169.25,-99
5472606501,212.3808,169.4346,-99
5472639834,211.8585,169.2645,-99
5472673167,210.6313,167.3838,-99
5472706500,207.3287,166.4653,-99
5472739833,204.9949,166.9595,-99
5472773166,201.2953,165.6689,-99
5472806499,198.0413,165.9684,-99
5472839832,195,165.0877,-99
5472873165,192.7475,164.8168,-99
5472906498,191.4414,164.0923,-99
5472939831,190.2308,163.959,-99
5472973164,190,163.3418,-99
5473006497,190.0988,163.4965,-99
5473039830,190.5071,163.0881,-99
5473073163,191.1418,162.866,-99
5473106496,191.2047,162.8605,-99
5473139829,191.7005,162.3164,-99
5473173162,192.3923,162.759,-99
5473206495,192.3753,163.0238,-99
5473239828,192.9288,162.5567,-99
5473273161,192.1745,162.5613,-99
5473306494,192.4081,162.1486,-99
5473339827,191.8596,162.4504,-99
5473373160,192.1049,162.5729,-99
5473406493,191.8636,162.8852,-99
5473439826,192.2376,163.5247,-99
5473473159,192.5639,163.3084,-99
5473506492,192.7583,163.7608,-99
5473545404,193.243,163.6164,-99
5473578737,194.3869,164.7513,-99
5473612070,195.1769,164.7333,-99
5473645403,195.6993,165.0807,-99
5473678736,196.7078,165.8493,-99
5473712069,196.5826,165.8326,-99
5473745402,196.3427,166.7981,-99
5473778735,195.3579,167.5548,-99
5473812068,193.0513,167.9615,-99
5473845401,190.9349,168.5714,-99
5473878734,188.3477,168.6235,-99
5473912067,185.822,168.303,-99
5473945400,183.4081,168.0812,-99
5473978733,180.3118,166.4602,-99
5474012066,177.905,166.2246,-99
5474045399,175.65,166.1687,-99
5474078732,173.7305,166.1876,-99
5474112065,171.9032,166.3538,-99
5474145398,170.1065,166.7808,-99
5474178731,168.6884,167.4815,-99
5474212064,167.3996,167.7249,-99
5474245397,166.0956,167.6267,-99
5474278730,165.2294,167.2138,-99
5474312063,163.6376,166.0805,-99
5474345396,162.825,166.2801,-99
5474378729,162.314,166.3032,-99
5474412062,162.3282,166.7943,-99
5474445395,160.9935,166.6543,-99
5474478728,160.9489,166.4008,-99
5474512061,160.8952,166.3774,-99
5474545394,161.388,166.4544,-99
5474578727,163.2344,166.0602,-99
5474612060,165.1011,165.1933,-99
5474645393,166.8476,164.3167,-99
5474678726,169.0623,163.4005,-99
5474712059,171.6667,163.3773,-99
5474745392,173.5561,163.5561,-99
5474778725,175.3295,163.9443,-99
5474812058,175.9356,163.5,-99
5474845391,177.4407,164.5666,-99
5474878724,178.2708,164.8125,-99
5474912057,179.0808,164.9261,-99
5474945390,180.3981,164.94,-99
5474978723,181.3117,164.0623,-99
5475012056,183.553,163.6357,-99
5475045389,185.9558,163.4545,-99
5475078722,188.4518,164.7961,-99
5475112055,191.0625,165.9402,-99
5475145388,193.6739,166.3369,-99
5475178721,196.2964,167.4765,-99
5475212054,198.9403,168.1847,-99
5475245387,201.6356,169.0082,-99
5475278720,203.8189,168.9291,-99
5475312053,205.0131,169.7199,-99
5475345386,206.5234,169.8815,-99
5475378719,207.204,169.6423,-99
5475412052,207.453,169.735,-99
5475445385,207.9653,169.7813,-99
5475478718,209.0497,169.047,-99
5475512051,209.9137,168.2561,-99
5475545384,210.3627,166.6103,-99
5475578717,210.5833,165.4141,-99
5475612050,209.457,165.3612,-99
5475645383,208.5317,165.5439,-99
5475678716,208.2286,164.4221,-99
5475712049,207.2924,162.1321,-99
5475745382,207.4597,161.5616,-99
5475778715,206.9313,162.3874,-99
5475812048,207.5354,161.1916,-99
5475845381,208.0891,160.6323,-99
5475878714,210.3469,159.5396,-99
5475912047,212.1339,159.221,-99
5475945380,213.7646,159.1794,-99
5475978713,214.7958,159.3516,-99
5476012046,216.5817,160.0446,-99
5476045379,216.5466,160.5995,-99
5476078712,217.0385,161.4795,-99
5476112045,217.3566,160.2964,-99
5476145378,218.1584,159.3948,-99
5476178711,219.417,159.0502,-99
5476212044,220.3784,158.3415,-99
5476245377,221.1777,158.6269,-99
5476278710,223.2828,157.7506,-99
5476312043,224.4078,157.7169,-99
5476345376,226.2549,157.5049,-99
5476378709,226.5986,156.6603,-99
5476412042,226.7407,155.1939,-99
5476445375,227.3035,153.6343,-99
5476478708,226.4974,152.6985,-99
5476512041,226.7043,151.1579,-99
5476545374,227.5806,149.5652,-99
5476578707,229.8397,149.2821,-99
5476612040,230.7352,148.1247,-99
5476645373,231.5979,146.2926,-99
5476678706,232.9895,145.4352,-99
5476712039,234.2848,144.1682,-99
5476745372,235.6928,142.3326,-99
5476778705,235.4384,142.211,-99
5476812038,236.8177,141.6216,-99
5476845371,238.2514,141.0164,-99
5476875219,239.1043,140.4682,-99
5476908552,240.6115,138.3659,-99
5476941885,242.3389,138.2689,-99
5476975218,243.8526,138.4397,-99
5477008551,245.7203,137.1535,-99
5477041884,247.7817,136.3909,-99
5477075217,249.2005,136.4818,-99
5477108550,250.8142,136.1792,-99
5477141883,251.27,135.1739,-99
5477175216,251.2281,133.3518,-99
5477208549,252.6038,133.3564,-99
5477241882,253.0622,132.0691,-99
5477275215,255.1707,129.6236,-99
5477308548,256.4298,129.9611,-99
5477341881,257.5939,128.5524,-99
5477375214,257.7798,126.1657,-99
5477408547,259.7949,125.9338,-99
5477441880,260.4617,122.5311,-99
5477475213,261.9749,121.213,-99
5477508546,264.5,121.2385,-99
5477541879,267.1697,120,-99
5477575212,268.7902,118.9482,-99
5477608545,270.74,117.8925,-99
5477641878,271.7143,117.7169,-99
5477675211,272.5288,117.233,-99
5477708544,275.2657,116.7972,-99
5477741877,278.2528,116.3525,-99
5477775210,280.4933,116.3626,-99
5477808543,282.5359,116.6589,-99
5477841876,282.9547,118.0747,-99
5477875209,284.2348,118.6326,-99
5477908542,285.1136,119.4877,-99
5477941875,285.0632,118.8368,-99
5477975208,286.2418,118.5467,-99
5478008541,287.0412,119.3626,-99
5478041874,287.1853,119.2412,-99
5478075207,286.4654,119.3573,-99
5478108540,286.815,117.5289,-99
5478141873,286.416,116.6524,-99
5478175206,285.4985,116.868,-99
5478208539,284.5478,117.2522,-99
5478241872,285.2339,118.4807,-99
5478275205,285.708,118.9697,-99
5478308538,286.5349,118.8723,-99
5478341871,286.2253,120.1209,-99
5478375204,285.2077,121.3154,-99
5478408537,285.9469,122.3647,-99
5478441870,287.2284,123.1608,-99
5478475203,288.0412,123.2449,-99
5478508536,288.5628,123.4331,-99
5478548339,289.9568,123.3696,-99
5478581672,290.1287,123.5331,-99
5478615005,291.5686,122.9198,-99
5478648338,292.2664,122.0748,-99
5478681671,293.8948,120.782,-99
5478715004,296.8045,119.6981,-99
5478748337,298.2954,119.1358,-99
5478781670,300.5224,118.5709,-99
5478815003,302.8566,118.7832,-99
5478848336,304.6459,119.0445,-99
5478881669,306.3253,119.3531,-99
5478915002,309.2852,119.5652,-99
5478948335,311.0125,119.2254,-99
5478981668,314.6425,118.8756,-99
5479015001,315.8802,118.7269,-99
5479048334,318.842,116.6321,-99
5479081667,321.7781,117.765,-99
5479115000,324.8031,117.7519,-99
5479148333,326.2673,117.2387,-99
5479181666,328.3874,116.4988,-99
5479214999,330.0049,114.9878,-99
5479248332,332.0938,114.2708,-99
5479281665,335.5423,113.2449,-99
5479314998,338.1931,112.9462,-99
5479348331,340.2874,112.9425,-99
5479381664,342.5252,112.8991,-99
5479414997,343.692,113.0737,-99
5479448330,345.7291,113.3634,-99
5479481663,348.8989,114.3511,-99
5479514996,349.4808,115.625,-99
5479548329,351.7589,116.2964,-99
5479581662,353.4358,116.072,-99
5479614995,353.6633,114.7186,-99
5479648328,356.0638,113.6144,-99
5479681661,357.9175,112.8324,-99
5479714994,358.9027,111.0706,-99
5479748327,361.1116,111.1021,-99
5479781660,363.6766,111.75,-99
5479814993,366.113,111.6093,-99
5479848326,368.0567,111.9025,-99
5479881659,368.5992,112.0486,-99
5479914992,370.3071,112.8402,-99
5479948325,374.2345,113.7249,-99
5479981658,376.222,114.7846,-99
5480014991,380.2784,115.6159,-99
5480048324,383.9297,117.0532,-99
5480081657,385.8041,119.2863,-99
5480114990,389.5552,121.4415,-99
5480148323,392.3149,124.1904,-99
5480181656,392.5633,127.0367,-99
5480220568,394.9449,130.1907,-99
5480253901,396.1461,133.2944,-99
5480287234,397.4377,134.2491,-99
5480320567,399.7157,135.9563,-99
5480353900,401.1472,137.6528,-99
5480387233,403.0788,137.5947,-99
5480420566,405.9278,139.0614,-99
5480453899,407.3977,140.3108,-99
5480487232,407.6313,141.1283,-99
5480520565,409.0727,143.0419,-99
5480553898,410.2863,143.9444,-99
5480587231,411.1324,143.7668,-99
5480620564,413.4664,143.7083,-99
5480653897,414.4335,142.1803,-99
5480687230,415.101,141.2948,-99
5480720563,414.2213,140.5751,-99
5480753896,414.5141,138.9577,-99
5480787229,414.0021,137.572,-99
5480820562,414.1557,137.7719,-99
5480853895,414.2827,136.9705,-99
5480887228,415.5162,137.4255,-99
5480920561,415.9181,137.4133,-99
5480953894,416.2484,137.0632,-99
5480987227,416.4576,137.9151,-99
5481020560,416.3799,138.1465,-99
5481053893,416.7345,138.0856,-99
5481087226,416.8957,138.1398,-99
5481120559,417.0175,137.9629,-99
5481153892,416.9037,138.1784,-99
5481187225,417.2719,137.8786,-99
5481220558,416.8947,137.9954,-99
5481253891,417.4989,137.86,-99
5481287224,417.2614,137.7516,-99
5481320557,417.4502,137.6602,-99
5481353890,417.698,137.9125,-99
5481387223,417.7726,137.3238,-99
5481420556,418.1607,137.7526,-99
5481453889,418.1023,137.1636,-99
5481487222,418.051,137.0255,-99
5481520555,418.158,137.1331,-99
5481553888,418.4237,136.9357,-99
5481587221,418.2044,137.2445,-99
5481620554,418.2442,137.4981,-99
5481653887,417.8404,137.5327,-99
5481687220,417.3394,137.0487,-99
5481720553,416.0392,135.8112,-99
5481753886,415.7047,135.6729,-99
5481787219,416.4394,137.1465,-99
5481820552,416.7789,139.4077,-99
5481853885,419.55,142.162,-99
5481887218,421.8033,145.9897,-99
5481920551,424.322,150.0593,-99
5481953884,425.2117,152.2669,-99
5481987217,425.6609,152.5409,-99
5482020550,426.6256,153.9145,-99
5482053883,426.5843,154.0627,-99
5482087216,428.1339,153.9353,-99
5482120549,430.4727,153.4822,-99
5482153882,433.0096,153.4458,-99
5482187215,435.2373,153.5036,-99
5482220548,437.7521,156.084,-99
5482253881,440.0247,156.7119,-99
5482287214,442.4671,157.4586,-99
5482320547,443.5625,158.2263,-99
5482353880,444.9384,158.5672,-99
5482387213,446.1862,158.1578,-99
5482420546,446.2495,156.9465,-99
5482453879,447.4411,156.7419,-99
5482487212,448.715,157.0662,-99
5482520545,449.3315,157.5342,-99
5482553878,450.1263,156.8011,-99
5482587211,449.0718,156.1695,-99
5482620544,449.6658,153.9347,-99
5482653877,449.588,152.1281,-99
5482687210,449.3056,150.1418,-99
5482720543,450.1568,148.2189,-99
5482753876,451.3615,146.6649,-99
5482787209,452.0188,146.0188,-99
5482820542,452.9872,145.6138,-99
5482853875,453.7613,145.3216,-99
5482887208,454.26,145.2955,-99
5482920541,455.7656,144.6699,-99
5482953874,457.0733,145.1,-99
5482987207,458.1695,144.7754,-99
5483020540,458.2653,144.7898,-99
5483053873,459.1766,144.0249,-99
5483087206,459.1235,144.241,-99
5483120539,459.3327,144.6945,-99
5483153872,459.0596,145.4513,-99
5483187205,459,146.6145,-99
5483220538,458.2297,146.937,-99
5483253871,458.5567,147.5649,-99
5483287204,457.5782,147.716,-99
5483320537,458.5242,146.8653,-99
5483353870,457.5553,146.5407,-99
5483387203,457.4313,145.2875,-99
5483420536,458.124,144.2603,-99
5483453869,458.3148,144.4139,-99
5483487202,458.3932,143.4391,-99
5483520535,458.8589,143.334,-99
5483556165,459.5278,142.4516,-99
5483589498,460.2583,142.062,-99
5483622831,460.7959,142.2557,-99
5483656164,461.1122,141.6102,-99
5483689497,461.6164,141.1853,-99
5483722830,461.2263,140.6852,-99
5483756163,460.9106,139.817,-99
5483789496,460.0362,139.2617,-99
5483822829,457.3701,138.9044,-99
5483856162,456.6452,140.0372,-99
5483889495,456.1181,142.2424,-99
5483922828,455.3843,144.7882,-99
5483956161,453.1187,149.2648,-99
5483989494,452.0819,154.0323,-99
5484022827,450.9716,159.4563,-99
5484056160,450.2128,163.9102,-99
5484089493,449.664,167.4065,-99
5484122826,447.1526,173.9346,-99
5484156159,447.0819,177.7494,-99
5484189492,448.588,179.4286,-99
5484222825,446.1873,180.9264,-99
5484256158,444.6647,181.7635,-99
5484289491,442.872,183.0588,-99
5484322824,445.072,185.112,-99
5484356157,445.1072,186.1072,-99
5484389490,444.5299,187.1886,-99
5484422823,442.9153,188.839,-99
5484456156,441.5952,191.9643,-99
5484489489,440.5105,192.697,-99
5484522822,440.6129,193.6728,-99
5484556155,440.9954,194.4714,-99
5484589488,441.8938,195.0376,-99
5484622821,441.4655,195.2312,-99
5484656154,440.7285,196.6976,-99
5484689487,443.629,196.1331,-99
5484722820,449.9966,199.9732,-99
5484756153,457.3158,204.8304,-99
5484789486,456.0033,202.4219,-99
5484822819,455.2149,204.3881,-99
5484856152,453.4087,204.0609,-99
5484889485,460.68,205.68,-99
5484922818,468.5526,208.7105,-99
5484956151,473.3571,211,-99
5484989484,462.2971,215.4057,-99
5485022817,463.627,216.7902,-99
5485056150,463.6209,219.4419,-99
5485089483,464.166,220.7869,-99
5485122816,463.6455,222.9652,-99
5485156149,463.1559,224.3252,-99
5485189482,463.2116,225.0581,-99
5485222815,463.37,225.5808,-99
5485256148,463.8876,226.5667,-99
5485289481,465.3452,228.0377,-99
5485322814,466.8323,230.0042,-99
5485356147,467.8427,232.8261,-99
5485389480,468.0884,234.6779,-99
5485422813,468.6696,236.6609,-99
5485456146,468.7702,237.8095,-99
5485489479,468.0857,239,-99
5485522812,467.5289,242.0289,-99
5485556145,467.679,244.4321,-99
5485589478,467.4886,246.5273,-99
5485622811,467.4483,247.1638,-99
5485656144,466.7352,249.4565,-99
5485689477,461.989,248.8407,-99
5485722810,466.0701,254.5671,-99
5485756143,466.3106,257.9906,-99
5485789476,466.4597,261.0314,-99
5485822809,466.6628,262.6156,-99
5485856142,466.2642,264.6628,-99
5485889475,465.539,266.4927,-99
5485922808,464.7895,268.4152,-99
5485956141,464.3312,268.9421,-99
5485989474,463.7375,270.5344,-99
5486022807,462.9,271.403,-99
5486056140,461.7695,273.5868,-99
5486089473,460.5169,275.1757,-99
5486122806,459.5474,279.1003,-99
5486156139,458.6,280.1448,-99
5486189472,458.2295,281.8033,-99
5486222805,460.0431,281.0162,-99
5486256138,459.0899,284.2997,-99
5486289471,456.574,286.7309,-99
5486322804,457.0732,288.0781,-99
5486356137,455.9037,289.9125,-99
5486389470,455.808,289.1688,-99
5486422803,455.3987,290.1751,-99
5486456136,455.499,290.8083,-99
5486489469,456.1872,291.6532,-99
5486522802,457.1465,292.8884,-99
5486556135,457.613,291.8534,-99
5486589468,456.9103,291.7805,-99
5486622801,455.7157,293.1008,-99
5486656134,455.214,294.7052,-99
5486689467,453.3573,293.6427,-99
5486722800,452.8744,292.3308,-99
5486756133,451.7357,291.8348,-99
5486789466,449.4684,292.6361,-99
5486822799,448.7914,294.0767,-99
5486856132,450.1432,295.2121,-99
5486890872,452.5827,296.1234,-99
5486924205,454.6849,298.3052,-99
5486957538,457.1625,299.9552,-99
5486990871,459.2258,301.4663,-99
5487024204,459.4114,303.924,-99
5487057537,460.3631,305.4196,-99
5487090870,460.6125,307.1852,-99
5487124203,457.2723,310.7772,-99
5487157536,456.2198,311.3462,-99
5487190869,454.4968,310.4839,-99
5487224202,454.2849,313.584,-99
5487257535,453.382,316.8199,-99
5487290868,453.1532,319.8513,-99
5487324201,452.1867,321.9834,-99
5487357534,450.3248,323.3205,-99
5487390867,447.6876,323.0203,-99
5487424200,445.336,324.326,-99
5487457533,443.3542,324.683,-99
5487490866,441.7912,325.5096,-99
5487524199,440.7289,325.924,-99
5487557532,439.8184,325.8902,-99
5487590865,438.6641,327.5324,-99
5487624198,437.3588,326.7361,-99
5487657531,437.3691,329.4987,-99
5487690864,439.7901,331.605,-99
5487724197,437.88,333.7813,-99
5487757530,437.5405,336.7168,-99
5487790863,434.5739,336.6344,-99
5487824196,433.506,339.6102,-99
5487857529,428.5329,341.7884,-99
5487890862,427.6634,344.6707,-99
5487924195,425.627,347.683,-99
5487957528,424.1324,349.8747,-99
5487990861,422.1875,352.8175,-99
5488024194,421.245,354.1982,-99
5488057527,420.0311,356.3852,-99
5488090860,418.8714,360.0071,-99
5488124193,417.9728,362.288,-99
5488157526,416.4987,364.7146,-99
5488190859,414.2836,367.9829,-99
5488224192,412.7587,370.4919,-99
5488257525,410.5703,373.2944,-99
5488290858,409.3978,379.489,-99
5488324191,405.0581,381.3613,-99
5488357524,403.6292,380.5861,-99
5488390857,400.7613,380.7905,-99
5488424190,398.4587,382.3786,-99
5488457523,400.058,383.442,-99
5488490856,400.1499,384.4411,-99
5488524189,400.1361,384.4449,-99
5488558209,399.6233,384.5891,-99
5488591542,397.9822,384.8129,-99
5488624875,396.0936,385.569,-99
5488658208,393.3212,387.3743,-99
5488691541,388.3924,390.7439,-99
5488724874,386.355,390.3355,-99
5488758207,384.0861,389.6799,-99
5488791540,381.3181,390.3656,-99
5488824873,379.074,390.962,-99
5488858206,376.8934,391.4467,-99
5488891539,374.9308,391.5454,-99
5488924872,372.2264,391.4906,-99
5488958205,370.261,391.4598,-99
5488991538,368.7229,391.2734,-99
5489024871,367.4019,391.2291,-99
5489058204,365.9046,391.4656,-99
5489091537,364.4981,391.5651,-99
5489124870,363.1096,391.8486,-99
5489158203,362.3457,392.8818,-99
5489191536,360.4711,393.4804,-99
5489224869,359.0162,394.0789,-99
5489258202,357.3402,394.968,-99
5489291535,356.8575,395.2828,-99
5489324868,355.3048,396.5335,-99
5489358201,353.9027,397.1718,-99
5489391534,351.5701,396.6439,-99
5489424867,349.487,396.119,-99
5489458200,347.8462,396.2039,-99
5489491533,346.0151,395.5474,-99
5489524866,345.929,395.7355,-99
5489558199,344.8537,395.6541,-99
5489591532,342.4549,395.5601,-99
5489624865,340.2158,395.6346,-99
5489658198,336.453,394.8947,-99
5489691531,334.106,394.1371,-99
5489724864,332.9917,395.4241,-99
5489758197,330.5508,396.3974,-99
5489791530,328,395.9456,-99
5489824863,325.1014,396.47,-99
5489858196,322.2362,397.2317,-99
5489891529,319.5561,398.4005,-99
5489924862,317.0676,399.5743,-99
5489958195,314.6564,400.8965,-99
5489991528,312.0961,401.9496,-99
5490024861,308.7691,403.2627,-99
5490058194,305.1751,403.1405,-99
5490091527,301.8387,401.9393,-99
5490124860,299.0964,401.1399,-99
5490158193,296.4742,400.2199,-99
5490191526,293.8776,399.4821,-99
5490224859,292.6339,399.0143,-99
5490258192,291.473,399.5313,-99
5490291525,290.8141,399.9841,-99
5490324858,289.3268,399.9608,-99
5490358191,288.5509,399.6574,-99
5490391524,287.9745,400.1805,-99
5490424857,286.4988,400.5721,-99
5490458190,285.3217,400.2657,-99
5490491523,283.9218,400.5839,-99
5490524856,282.4693,401.2088,-99
5490558189,279.6608,401.2484,-99
5490591522,277.4289,399.1638,-99
5490624855,275.5067,397.6584,-99
5490658188,274.3327,396.7185,-99
5490691521,273.642,395.1148,-99
5490724854,273.8625,394.4079,-99
5490758187,271.8768,393.4171,-99
5490791520,271.0337,391.5753,-99
5490824853,269.1016,390.7021,-99
5490858186,266.8092,389.5483,-99
5490891519,264.3762,388.2982,-99
5490924852,261.3539,388.1621,-99
5490958185,259.2934,387.0916,-99
5490991518,257.6729,386.3808,-99
5491024851,255.8747,385.7018,-99
5491058184,254.7748,383.9709,-99
5491091517,255.23,383.0775,-99
5491124850,254.7722,382.6447,-99
5491158183,252.56,382.6822,-99
5491191516,250.556,382.1767,-99
5491224849,248.2637,381.7743,-99
5491258182,246.5572,381.9647,-99
5491291515,245.3946,382.2944,-99
5491324848,243.7621,382.5558,-99
5491358181,242.9375,382.7098,-99
5491391514,240.5886,382.2932,-99
5491424847,237.7087,381.9152,-99
5491458180,235.269,380.9929,-99
5491491513,232.6313,379.1515,-99
5491524846,232.0739,377.5866,-99
5491558179,230.0366,374.7732,-99
5491591512,230.3726,373.8538,-99
5491624845,229.9192,371.7172,-99
5491658178,228.4,370.5925,-99
5491691511,227.0441,368.0308,-99
5491724844,223.8162,366.7352,-99
5491758177,221.9842,366.0609,-99
5491791510,219.2684,364.1024,-99
5491824843,216.0599,363.2195,-99
5491858176,214.6347,363.1335,-99
5491890587,213.5914,362.3629,-99
5491923920,212.4743,361.5428,-99
5491957253,211.7482,360.5035,-99
5491990586,211.4199,357.1688,-99
5492023919,210.8471,356.0085,-99
5492057252,211.8469,357.1086,-99
5492090585,212.725,355.255,-99
5492123918,212.4259,353.8824,-99
5492157251,212.3054,352.9828,-99
5492190584,212.3851,353.1707,-99
5492223917,212.4656,354.1078,-99
5492257250,212.8701,354.8883,-99
5492290583,214.0302,354.325,-99
5492323916,214.6948,353.7517,-99
5492357249,215.6203,354.8734,-99
5492390582,216.0366,355.047,-99
5492423915,215.8928,354.8847,-99
5492457248,216.9645,353.8697,-99
5492490581,218.3559,352.375,-99
5492523914,219.2036,351.752,-99
5492557247,219.4756,352.4978,-99
5492590580,218.55,351.4447,-99
5492623913,219.3841,350.5878,-99
5492657246,219.0583,347.1247,-99
5492690579,219.2465,345.293,-99
5492723912,218.4503,343.8234,-99
5492757245,217.7778,342.7827,-99
5492790578,216.1751,341.7183,-99
5492823911,214.9144,341.1306,-99
5492857244,210.8047,339.8755,-99
5492890577,208.4839,337.8222,-99
5492923910,206.2833,336.6521,-99
5492957243,204.8718,336.7607,-99
5492990576,203.874,334.7095,-99
5493023909,202.6844,333.7401,-99
5493057242,200.743,331.0307,-99
5493090575,201.2034,330.2696,-99
5493123908,200.7247,326.1273,-99
5493157241,198.6433,323.8818,-99
5493190574,198.4582,322.074,-99
5493223907,196.5013,320.5703,-99
5493257240,194.4885,318.1682,-99
5493290573,193.7056,317.9019,-99
5493323906,193.8604,318.6929,-99
5493357239,193.677,319.3736,-99
5493390572,193.7955,318.7132,-99
5493423905,193.1124,317.5281,-99
5493457238,193.0879,315.8515,-99
5493490571,193.8796,314.5725,-99
5493523904,192.6741,310.7885,-99
5493566035,193.3075,310,-99
5493599368,192.5869,307.4534,-99
5493632701,191.5376,305.9499,-99
5493666034,189.574,304.8041,-99
5493699367,188.6273,303.2847,-99
5493732700,186.9476,302.555,-99
5493766033,185.3342,302.0395,-99
5493799366,183.7845,301.3874,-99
5493832699,182.3333,301.2854,-99
5493866032,182.0105,302.5471,-99
5493899365,181,300.1555,-99
5493932698,179.8722,299.1139,-99
5493966031,180.8,296.5089,-99
5493999364,181.4486,295.0371,-99
5494032697,182.1111,292.4879,-99
5494066030,183.0399,291.1172,-99
5494099363,182.0529,289.6373,-99
5494132696,181.7136,289.5752,-99
5494166029,181.957,289.3671,-99
5494199362,180.7211,289.2211,-99
5494232695,180.631,288.877,-99
5494266028,179.8653,287.1862,-99
5494299361,180.1337,286.9109,-99
5494332694,179.9151,286.8064,-99
5494366027,179.9951,285.9853,-99
5494399360,180.4377,285.7939,-99
5494432693,179.8039,285.7426,-99
5494466026,178.8789,285.4845,-99
5494499359,177.2869,285.5952,-99
5494532692,176.7464,286.6974,-99
5494566025,176.7127,286.7818,-99
5494599358,175.0672,285.7479,-99
5494632691,175.123,286.7541,-99
5494666024,175.0215,287.1075,-99
5494699357,175.0765,286.9481,-99
5494732690,175.0941,286.836,-99
5494766023,175.5185,287.2764,-99
5494799356,175.2802,287.239,-99
5494832689,175.7709,286.8491,-99
5494866022,176.3231,287.2256,-99
5494899355,177.4986,284.3597,-99
5494932688,177.2105,282.0684,-99
5494966021,177.7971,280.389,-99
5494999354,178.8987,279.6962,-99
5495032687,180.2788,280.1637,-99
5495066020,180.769,281.0295,-99
5495099353,181.432,282.3973,-99
5495132686,181.726,281.5096,-99
5495166019,181.7056,282.0025,-99
5495199352,182.9086,281.4435,-99
5495232685,184.1642,280.0298,-99
5495266018,185.0144,279.6106,-99
5495299351,185.0585,279.534,-99
5495332684,184.7928,279.9028,-99
5495366017,184.933,280.4296,-99
5495399350,184.1286,280.1869,-99
5495432683,183.2092,279.764,-99
5495466016,182.1958,280.0645,-99
5495499349,181.0355,279.6312,-99
5495532682,180.235,279.035,-99
5495566015,180.6827,279.262,-99
5495599348,179.619,279.5038,-99
5495632681,179.5135,279.8452,-99
5495666014,178.5761,280.6396,-99
5495699347,178.1741,280.9254,-99
5495732680,178.1683,281.3463,-99
5495766013,176.8355,281.6313,-99
5495799346,175.9357,282.3985,-99
5495832679,174.2336,283.1849,-99
5495866012,171.9306,284.2344,-99
5495899345,170.3835,285.8034,-99
5495932678,167.4828,287.234,-99
5495966011,164.8394,288.91,-99
5495999344,163.1995,291.6291,-99
5496032677,160.3218,293.6322,-99
5496066010,159.288,295.2744,-99
5496099343,157.0658,296.8114,-99
5496132676,155.9846,298.5297,-99
5496166009,155.0429,300.2551,-99
5496199342,154.4955,301.4144,-99
5496232675,153.5818,302.6364,-99
5496266008,152.5411,302.9566,-99
5496299341,152.8132,303.4829,-99
5496332674,152.0756,303.38,-99
5496366007,152.0974,303.1862,-99
5496399340,152.3159,303.2745,-99
5496432673,154.121,303.6998,-99
5496466006,155.242,304.0064,-99
5496499339,156.5618,304.6833,-99
5496532672,157.916,305.2522,-99
5496566005,158.3915,304.9942,-99
5496599338,159.8459,305.0677,-99
5496632671,161.0213,305.8527,-99
5496666004,162.1094,306.5717,-99
5496699337,163.0928,307.9621,-99
5496732670,162.9355,308.8178,-99
5496766003,162.6736,310.3076,-99
5496799336,162.233,311.1572,-99
5496832669,161.4604,312.7604,-99
5496866002,160.0944,314.3622,-99
5496898413,157.9945,316.8634,-99
5496931746,155.9656,320.3273,-99
5496965079,154.0972,324.3481,-99
5496998412,151.7853,328.7549,-99
5497031745,149.829,334.1012,-99
5497065078,149.8929,338.4138,-99
5497098411,149.5415,342.747,-99
5497131744,148.6226,346.9925,-99
5497165077,148.6965,350.6424,-99
5497198410,150.6074,353.5312,-99
5497231743,149.7487,359.2688,-99
5497265076,148.2764,363.6055,-99
5497298409,147.2746,366.8947,-99
5497331742,148.5121,367.334,-99
5497365075,148.4115,368.1571,-99
5497398408,150.3235,368.4988,-99
5497431741,151.515,370.8942,-99
5497465074,152.7629,372.891,-99
5497498407,153.1461,374.0885,-99
5497531740,154.1285,373.0356,-99
5497565073,155.4897,370.8828,-99
5497598406,156.6785,370.617,-99
5497631739,156.2058,370.3333,-99
5497665072,156.0211,369.9649,-99
5497698405,157.1962,368.9144,-99
5497731738,157.1371,368.0579,-99
5497765071,156.9534,366.2043,-99
5497798404,156.4121,364.2896,-99
5497831737,156.8312,363.1109,-99
5497865070,155.6995,360.5477,-99
5497898403,155.4588,357.468,-99
5497931736,155.5778,353.7306,-99
5497965069,155.2467,350.4035,-99
5497998402,155.1669,345.6252,-99
5498031735,154.246,339.4191,-99
5498065068,155.0481,333.8478,-99
5498098401,156.7524,328.2929,-99
5498131734,160.4721,323.0424,-99
5498165067,162.9767,315.9845,-99
5498198400,167.1008,307.4449,-99
5498231733,171.1247,303.0178,-99
5498265066,176.6354,297.5469,-99
5498298399,182.4358,292.6872,-99
5498331732,186.4336,290.0406,-99
5498365065,189.5066,289.2599,-99
5498398398,189.2435,287.4689,-99
5498431731,187.5106,286.3439,-99
5498465064,186.0624,284.3187,-99
5498498397,183.7879,282.1405,-99
5498531730,181.0836,278.9164,-99
5498573861,178.7065,276.961,-99
5498607194,176.1263,274.5269,-99
5498640527,173.6528,275.2694,-99
5498673860,171.6994,275.4399,-99
5498707193,171.0689,273.6327,-99
5498740526,171.4718,273.2794,-99
5498773859,171.651,270.1178,-99
5498807192,172.6982,269.3378,-99
5498840525,172.9033,266.5896,-99
5498873858,174.9845,266.7552,-99
5498907191,174.2615,264.6031,-99
5498940524,175.517,262.4379,-99
5498973857,174.904,259.0227,-99
5499007190,174.9023,255.6516,-99
5499040523,175.6851,252.7236,-99
5499073856,175.959,250.6026,-99
5499107189,177.5332,248.7525,-99
5499140522,178.071,245.1475,-99
5499173855,180.7012,243.642,-99
5499207188,181.5355,240.1472,-99
5499240521,184.5672,239.7213,-99
5499273854,185.578,237.6743,-99
5499307187,185.8115,236.1885,-99
5499340520,186.5279,234.1651,-99
5499373853,186.4554,232.9678,-99
5499407186,185.202,230.0698,-99
5499440519,185.174,229.5711,-99
5499473852,182.7192,226.7822,-99
5499507185,182.6729,225.014,-99
5499540518,181.9506,222.8568,-99
5499573851,182.5657,221.9457,-99
5499607184,183.4469,219.0494,-99
5499640517,184.191,216.9045,-99
5499673850,185.4533,213.6289,-99
5499707183,186.3832,210.7297,-99
5499740516,187.6117,207.6862,-99
5499773849,187.6066,203.8415,-99
5499807182,188.3725,201.5049,-99
5499840515,188.9697,199.7803,-99
5499873848,188.3573,196.6953,-99
5499907181,188.6206,192.8726,-99
5499940514,190.2179,192.8492,-99
5499973847,189.9515,189.3154,-99
5500007180,192.1685,187.7556,-99
5500040513,192.3671,185.0202,-99
5500073846,193.8846,185.1154,-99
5500107179,194.854,181.6838,-99
5500140512,195.5865,179.6973,-99
5500173845,196.2291,177.926,-99
5500207178,196.9289,177.1675,-99
5500240511,197.4208,176.5325,-99
5500273844,198.0785,173.8089,-99
5500307177,198.3876,173.9284,-99
5500340510,198.679,174.8741,-99
5500373843,200.624,174.1227,-99
5500407176,204.0853,173.545,-99
5500440509,207.2777,173.3883,-99
5500473842,208.4469,171.9734,-99
5500507175,210.9659,169.3927,-99
5500540508,212.5866,168.9819,-99
5500573841,213.7888,168.9813,-99
5500607174,214.5658,167.6026,-99
5500640507,214.9566,166.0867,-99
5500673840,214.2791,165.3747,-99
5500707173,213.8992,165.0078,-99
5500740506,213.5972,164.7861,-99
5500773839,213.7128,165.2333,-99
5500807172,215.1247,163.1455,-99
5500840505,216.4084,162.6169,-99
5500873838,217.9843,160.9055,-99
5500907171,219.9653,157.9653,-99
5500940504,221.9036,155.8892,-99
5500973837,223.2653,153.7905,-99
5501007170,224.1053,149.7393,-99
5501040503,224.4125,148.8407,-99
5501073836,225.7063,147.9392,-99
5501107169,226.5149,146.0867,-99
5501140502,227.1331,146.0435,-99
5501173835,229.2126,145.3419,-99
5501207168,231.2353,144.8647,-99
5501240501,231.9211,144.8684,-99
5501273834,233.3481,143.2099,-99
5501307167,234.752,141.9245,-99
5501340500,235.5267,141.6604,-99
5501373833,237.0084,141.0978,-99
5501407166,238.0876,140.0311,-99
5501440499,237.8238,137.5984,-99
5501473832,237.4658,137.3447,-99
5501507165,236.6713,136.6769,-99
5501540498,235.7572,136.0888,-99
5501573831,234.9975,134.8122,-99
5501607164,235.2646,134.4733,-99
5501640497,235.2011,134.27,-99
5501673830,235.1752,135.2156,-99
5501707163,236.2749,135.8356,-99
5501740496,239.1583,137.1491,-99
5501773829,241.0415,138.8122,-99
5501807162,243.2306,139.8767,-99
5501840495,243.8658,140.2904,-99
5501873828,245.1758,141.683,-99
5501901379,246.6301,142.4877,-99
5501934712,248.6903,142.084,-99
5501968045,250.7375,140.979,-99
5502001378,253.1958,139.5026,-99
5502034711,256.1283,136.5236,-99
5502068044,258.0487,135.0752,-99
5502101377,260.534,132.6165,-99
5502134710,263.0025,131.3234,-99
5502168043,265.8157,129.4545,-99
5502201376,267.6011,128.6862,-99
5502234709,268.7031,128.7943,-99
5502268042,270.1017,128.1582,-99
5502301375,271.5555,126.3566,-99
5502334708,272.8524,124.7837,-99
5502368041,273.6223,125.3051,-99
5502401374,275.1436,124.5014,-99
5502434707,276.895,122.558,-99
5502468040,277.0557,121.1646,-99
5502501373,278.0568,119.7946,-99
5502534706,279.7258,117.0134,-99
5502568039,280.0341,117.2805,-99
5502601372,282.5842,113.2832,-99
5502634705,283.683,112.8763,-99
5502668038,286.2643,110.2234,-99
5502701371,288.9342,109.4785,-99
5502734704,291.2469,110.1951,-99
5502768037,293.4185,110.0317,-99
5502801370,295.6273,110.1597,-99
5502834703,298.2702,110.0574,-99
5502868036,301.4379,109.9651,-99
5502901369,303.327,109.6872,-99
5502934702,304.8642,109.6919,-99
5502968035,308.179,110.4118,-99
5503001368,311.6057,110.4201,-99
5503034701,315.3985,110.2563,-99
5503068034,317.4931,110.8199,-99
5503101367,318.694,110.7814,-99
5503134700,319.4503,111.3702,-99
5503168033,320.4783,110.9565,-99
5503201366,321.2452,111.531,-99
5503234699,323.4445,111.6047,-99
5503268032,324.6281,111.4916,-99
5503301365,326.7172,112.2022,-99
5503334698,328.1267,112.2553,-99
5503368031,330.1825,113.3553,-99
5503401364,331.6285,113.6124,-99
5503434697,333.0316,114.2747,-99
5503468030,335.6632,115.7025,-99
5503501363,337.1295,116.6984,-99
5503534696,340.0136,117.5748,-99
5503567795,344.7524,118.9448,-99
5503601128,348.9536,120.1707,-99
5503634461,350.6613,121.109,-99
5503667794,352.0025,121.4697,-99
5503701127,353.8325,122.9613,-99
5503734460,355.8771,123.6648,-99
5503767793,356.9413,122.9056,-99
5503801126,358.3333,122.6158,-99
5503834459,359.6608,122.3165,-99
5503867792,361.0196,121.7059,-99
5503901125,363.2878,121.7268,-99
5503934458,365.3173,122.1875,-99
5503967791,366.9619,122.3214,-99
5504001124,369.6434,123.5287,-99
5504034457,371.6901,123.5677,-99
5504067790,372.8721,124.3964,-99
5504101123,376.2366,125.3333,-99
5504134456,378.6142,126.6269,-99
5504167789,381.2394,127.1845,-99
5504201122,384.0166,128.7424,-99
5504234455,387.5884,127.9773,-99
5504267788,389.9756,126.0927,-99
5504301121,390.8672,125.5749,-99
5504334454,391.875,122.32,-99
5504367787,392.3539,121.0214,-99
5504401120,394.2248,118.2955,-99
5504434453,395.1017,116.4218,-99
5504467786,396.3744,114.2723,-99
5504501119,397.8161,114.7769,-99
5504534452,399.7163,114.6245,-99
5504567785,401.5574,114.4092,-99
5504601118,403.0578,114.5429,-99
5504634451,405.5714,115.0244,-99
5504667784,406.166,116.2398,-99
5504701117,406.0298,116.5583,-99
5504734450,406.4631,117.5954,-99
5504767783,407.2868,117.6211,-99
5504801116,406.9258,116.4629,-99
5504834449,404.8734,115.1981,-99
5504867782,401.0197,113.0395,-99
5504901115,397.3079,110.6185,-99
5504934448,393.8362,108.4045,-99
5504967781,391.7542,104.969,-99
5505001114,390.4026,104.6737,-99
5505034447,391.1667,100.7388,-99
5505067780,391.5829,98.86391,-99
5505101113,390.7863,98.68767,-99
5505134446,390.5262,97.95868,-99
5505167779,390.5619,98.69802,-99
5505201112,390.8612,97.41412,-99
5505242556,389.7848,96.49344,-99
5505275889,389.4612,94.02184,-99
5505309222,388.3634,93.09524,-99
5505342555,387.8831,90.89304,-99
5505375888,387.6368,90.24213,-99
5505409221,387.1425,89.31642,-99
5505442554,386.4488,89.39108,-99
5505475887,385.914,88.83064,-99
5505509220,385.451,88.36134,-99
5505542553,384.8798,86.90984,-99
5505575886,383.6174,85.23746,-99
5505609219,382.2779,84.86494,-99
5505642552,380.7655,84.53909,-99
5505675885,379.9836,84.28338,-99
5505709218,380.256,83.736,-99
5505742551,379.8333,83.94722,-99
5505775884,381.4293,86.09162,-99
5505809217,383.6184,88.37931,-99
5505842550,385,92.43812,-99
5505875883,387.0553,96.44736,-99
5505909216,389.2274,101.4289,-99
5505942549,389.9231,106.3024,-99
5505975882,391.5523,110.236,-99
5506009215,392.2251,114.3991,-99
5506042548,392.8209,117.5488,-99
5506075881,393.2404,119.9182,-99
5506109214,394.1363,121.4599,-99
5506142547,394.7784,123.0475,-99
5506175880,395.1313,124.3106,-99
5506209213,394.9974,124.2553,-99
5506242546,395.458,124.8779,-99
5506275879,395.7618,126.2655,-99
5506309212,397.2134,127.1311,-99
5506342545,399.6167,126.914,-99
5506375878,401.5753,126.1951,-99
5506409211,403.3116,124.9079,-99
5506442544,404.6826,121.9194,-99
5506475877,405.6815,121.3068,-99
5506509210,408.3988,121.5892,-99
5506542543,408.9229,121.9769,-99
5506575876,409.0931,122.8317,-99
5506609209,408.2765,124.4557,-99
5506642542,408.3282,125.2587,-99
5506675875,407.2346,126.3082,-99
5506709208,407.105,128.6433,-99
5506742541,407.5698,129.5811,-99
5506775874,408.1813,130.7923,-99
5506809207,410.1463,132.4522,-99
5506842540,412.2222,133.9315,-99
5506875873,413.0101,135.5433,-99
5506914753,413.3356,136.4676,-99
5506948086,413.6541,137.5514,-99
5506981419,414.4366,139.407,-99
5507014752,415.226,140.0614,-99
5507048085,415.1069,139.5852,-99
5507081418,414.4914,139.6609,-99
5507114751,414.8493,137.9737,-99
5507148084,416.2771,140.0542,-99
5507181417,417.5373,139.7761,-99
5507214750,418.2233,139.6499,-99
5507248083,420.4482,140.0158,-99
5507281416,421.6541,140.7491,-99
5507314749,421.5453,141.7539,-99
5507348082,422.0668,142.9061,-99
5507381415,420.7,144.6341,-99
5507414748,420.9132,145.7592,-99
5507448081,420.8542,147.1659,-99
5507481414,420.3932,147.6754,-99
5507514747,420.5031,149.2236,-99
5507548080,421.5346,150.1818,-99
5507581413,422.6926,151.7393,-99
5507614746,423.9982,154.1314,-99
5507648079,424.653,155.5672,-99
5507681412,424.2265,157.1795,-99
5507714745,424.8817,157.8638,-99
5507748078,424.1867,159.4655,-99
5507781411,424.4527,160.4399,-99
5507814744,424.0775,160.1731,-99
5507848077,424.4173,159.3284,-99
5507881410,424.7845,159.6804,-99
5507914743,426.1904,161.1376,-99
5507948076,427.4008,163.831,-99
5507981409,428.8624,165.5031,-99
5508014742,429.7561,166.9207,-99
5508048075,430.7805,168.6244,-99
5508081408,431.2513,169.1925,-99
5508114741,432.8586,170.2803,-99
5508148074,434.2882,171.8145,-99
5508181407,435.9305,172.7722,-99
5508214740,437.6601,172.9727,-99
5508248073,437.5576,172.9668,-99
5508281406,438.369,172.4056,-99
5508314739,439.0482,172.8934,-99
5508348072,439.8459,173.149,-99
5508381405,440.3825,174.075,-99
5508414738,440.1492,174.4744,-99
5508448071,439.5726,174.6262,-99
5508481404,440.974,175.236,-99
5508514737,441.6533,176.5096,-99
5508548070,443.363,177.3219,-99
5508581403,440.7878,179.4019,-99
5508614736,437.6389,187.3056,-99
5508648069,449.5891,184.7671,-99
5508681402,447.8719,183.5785,-99
5508714735,443.2863,179.8634,-99
5508748068,443.9546,179.1818,-99
5508781401,446.2581,183.7419,-99
5508814734,435.2703,189.5135,-99
5508848067,435.95,189.1273,-99
5508881400,440.8333,187.1313,-99
5508914733,447.8039,186.2484,-99
5508948066,441.3726,195.2941,-99
5508981399,437.6667,195.9922,-99
5509014732,439.6697,192.703,-99
5509048065,436.8466,197.9773,-99
5509081398,439.4604,196.2871,-99
5509114731,432.9536,193.0232,-99
5509148064,431.3929,191.0786,-99
5509181397,430.8611,189.1319,-99
5509214730,431.4005,187.7511,-99
5509248063,431.0491,185.8834,-99
5509281396,431.0103,185.9773,-99
5509314729,430.2292,185.8195,-99
5509348062,429.9194,186.3992,-99
5509381395,429.739,186.9194,-99
5509414728,428.7309,188.0261,-99
5509448061,428.0196,188.9745,-99
5509481394,427.6485,190.3933,-99
5509514727,426.8,192.0918,-99
5509548060,425.2051,192.8333,-99
5509581393,424.8255,191.9638,-99
5509614726,424.0413,192.1942,-99
5509648059,424.5977,192.1705,-99
5509681392,424.2779,191.8403,-99
5509714725,424.9904,191.6005,-99
5509748058,424.8404,190.2918,-99
5509781391,425.6353,190.8094,-99
5509814724,425.6229,192.067,-99
5509848057,426.6761,193.293,-99
5509881390,428.2779,194.4613,-99
5509914723,429.5833,194.4971,-99
5509948056,432.2197,195.2543,-99
5509981389,434.6012,194.9501,-99
5510014722,438.0174,193.2551,-99
5510048055,440.1277,192.0638,-99
5510081388,443.5494,190.5174,-99
5510114721,447.0297,188.7952,-99
5510148054,449.2059,187.2157,-99
5510181387,452.2857,184.3912,-99
5510214720,454.3156,181.7234,-99
5510250382,455.5719,178.6993,-99
5510283715,455.6997,175.8709,-99
5510317048,455.7994,173.414,-99
5510350381,456.6243,171.9541,-99
5510383714,456.2825,171.9294,-99
5510417047,456.2951,171.5817,-99
5510450380,455.697,171.2727,-99
5510483713,455.6871,171.3968,-99
5510517046,454.2725,171.9341,-99
5510550379,452.5027,172.4973,-99
5510583712,451.1384,174.8814,-99
5510617045,448.8404,177.25,-99
5510650378,447.1173,178.8444,-99
5510683711,443.905,180.1689,-99
5510717044,440.0089,182.1976,-99
5510750377,438.5052,183.7809,-99
5510783710,437.4894,184.7318,-99
5510817043,436.0501,186.5656,-99
5510850376,435.1541,189.3535,-99
5510883709,433.4619,190.3857,-99
5510917042,431.5023,190.9401,-99
5510950375,429.3978,190.8462,-99
5510983708,427.604,190.8881,-99
5511017041,426.4344,191.3548,-99
5511050374,423.8274,191.0448,-99
5511083707,421.3311,190.9183,-99
5511117040,420.0216,191.1255,-99
5511150373,419.4097,191.7521,-99
5511183706,418.2809,191.6574,-99
5511217039,418.7083,191.8833,-99
5511250372,417.7375,191.9749,-99
5511283705,418.0537,192.9597,-99
5511317038,419.7182,193.4447,-99
5511350371,420.3918,194.1288,-99
5511383704,420.4804,195.6816,-99
5511417037,420.8841,197.3797,-99
5511450370,421.596,198.6356,-99
5511483703,422.0867,200.3844,-99
5511517036,423.1844,202.1452,-99
5511550369,424.2813,202.9716,-99
5511583702,425.5736,204.7297,-99
5511617035,426.3556,205.8639,-99
5511650368,427.7202,206.7368,-99
5511683701,429.0833,208.7232,-99
5511717034,430.3397,210.6548,-99
5511750367,431.7406,212.992,-99
5511783700,434.7296,214.532,-99
5511817033,437.295,216.2781,-99
5511850366,440.2213,217.1709,-99
5511883699,443.3704,218.7607,-99
5511917032,446.4916,220.6313,-99
5511950365,448.357,222.9798,-99
5511983698,450.1482,225.5037,-99
5512017031,453.4496,225.438,-99
5512050364,454.6706,226.7882,-99
5512083697,456.5014,228.8406,-99
5512117030,457.4401,232.234,-99
5512150363,457.8561,234.8122,-99
5512183696,458.4963,236.4817,-99
5512217029,459.5215,238.2709,-99
5512250362,460.6631,238.8913,-99
5512283695,460.6021,239.7936,-99
5512317028,461.437,241.1109,-99
5512350361,460.55,241.2957,-99
5512383694,461.0768,243.0023,-99
5512417027,461.0768,243.7456,-99
5512450360,460.257,244.3622,-99
5512483693,459.3811,245.5703,-99
5512517026,458.1437,247.9521,-99
5512550359,458.3935,251.2435,-99
5512583692,458.3694,252.7883,-99
5512617025,459.1176,254.7255,-99
5512650358,458.4383,257.2335,-99
5512683691,457.8193,259.3325,-99
5512717024,458.3238,260.5616,-99
5512750357,457.0436,262.8721,-99
5512783690,456.7394,265.1218,-99
5512817023,456.4613,267.2773,-99
5512850356,454.7967,271.5397,-99
5512883689,454.0703,274.4263,-99
5512917022,454.2047,277.7996,-99
5512950355,454.302,280.1051,-99
5512983688,454.5047,282.4953,-99
5513017021,455.8622,281.927,-99
5513050354,456.3118,283.6601,-99
5513083687,454.9326,286.0959,-99
5513117020,454.1018,289.1551,-99
5513150353,452.8453,290.713,-99
5513183686,452.1455,289.6172,-99
5513217019,451.3994,288.7744,-99
5513250352,452.231,289.4912,-99
5513283685,453.3644,291.8367,-99
5513317018,457.9131,293.6006,-99
5513350351,456.9505,295.9009,-99
5513383684,456.4939,298.3242,-99
5513417017,455.1309,301.8691,-99
5513450350,453.9179,304.7967,-99
5513483683,453.3372,306.9293,-99
5513517016,452.0375,308.4684,-99
5513550349,451.1458,309.3161,-99
5513583447,450.9311,313.1497,-99
5513616780,449.4371,315.1829,-99
5513650113,448.6372,316.4628,-99
5513683446,449.6767,319.0033,-99
5513716779,449.0034,320.7864,-99
5513750112,448.7246,322.2116,-99
5513783445,449.2787,325.918,-99
5513816778,449.3014,327.2592,-99
5513850111,446.5705,331.0769,-99
5513883444,444.5523,330.314,-99
5513916777,442.9455,332.8546,-99
5513950110,442.0501,336.1451,-99
5513983443,440.5338,338.662,-99
5514016776,440.4807,342.5031,-99
5514050109,438.298,344.1765,-99
5514083442,437.2133,344.5259,-99
5514116775,435.9355,345.7785,-99
5514150108,434.4808,344.0332,-99
5514183441,435.8976,341.5246,-99
5514216774,437.0677,349.0235,-99
5514250107,436.2405,351.1234,-99
5514283440,434.7617,351.3793,-99
5514316773,434.2308,353.5128,-99
5514350106,432.3178,354.3692,-99
5514383439,430.9531,355.0025,-99
5514416772,428.1953,358.1479,-99
5514450105,424.2907,358.3013,-99
5514483438,422.6283,358.6466,-99
5514516771,420.58,359.9029,-99
5514550104,420.1627,361.1417,-99
5514583437,420.9977,358.642,-99
5514616770,420.0895,360.1119,-99
5514650103,419.0821,361.618,-99
5514683436,418.3738,363.3142,-99
5514716769,417.7597,364.6942,-99
5514750102,417.4436,366.3995,-99
5514783435,416.3262,367.7381,-99
5514816768,415.5035,368.9884,-99
5514850101,412.5575,370.4742,-99
5514883434,410.3702,371.1947,-99
5514916767,408.7487,372.6527,-99
5514950100,407.1157,372.819,-99
5514983433,405.1788,373.0205,-99
5515016766,403.4051,373.4593,-99
5515050099,402.3002,373.1423,-99
5515083432,400.3031,373.9835,-99
5515116765,400.3205,374.2795,-99
5515150098,398.5642,375.3048,-99
5515183431,397.1655,374.8818,-99
5515216764,395.7126,375.4442,-99
5515252394,394.0768,376.1512,-99
5515285727,390.4145,375.4125,-99
5515319060,389.1548,375.9348,-99
5515352393,388.4214,376.3889,-99
5515385726,387.9592,377.1245,-99
5515419059,388.4829,378.6268,-99
5515452392,388.2343,379.4121,-99
5515485725,386.718,381.1259,-99
5515519058,386.2645,381.8422,-99
5515552391,385.9591,383.9364,-99
5515585724,384.0353,384.7577,-99
5515619057,382.9367,387.0349,-99
5515652390,380.3213,388.7851,-99
5515685723,377.2749,389.8481,-99
5515719056,376.6542,391.2888,-99
5515752389,374.4096,392.4808,-99
5515785722,373.3495,393.6263,-99
5515819055,374.6557,394.8727,-99
5515852388,373.6288,395.8341,-99
5515885721,372.2645,396.9304,-99
5515919054,371.0782,397.8674,-99
5515952387,367.0151,397.9868,-99
5515985720,364.8123,398.6826,-99
5516019053,362.9233,398.8293,-99
5516052386,360.4991,399.3126,-99
5516085719,358.7647,399.3025,-99
5516119052,357.2509,398.9948,-99
5516152385,356.2341,397.8712,-99
5516185718,357.9257,398.2928,-99
5516219051,356.6018,399.1435,-99
5516252384,356.3867,399.0526,-99
5516285717,355.6465,400.1767,-99
5516319050,355.7555,400.8886,-99
5516352383,354.7252,402.3718,-99
5516385716,354.4172,402.9161,-99
5516419049,354.9182,403.3227,-99
5516452382,354.3198,403.2703,-99
5516485715,353.5806,403.5916,-99
5516519048,350.7642,404.1832,-99
5516552381,347.1703,403.8058,-99
5516585714,343.7183,403.6703,-99
5516619047,342.2159,403.6925,-99
5516652380,341.026,402.8976,-99
5516685713,339.5364,402.692,-99
5516719046,338.17,401.6015,-99
5516752379,335.9066,400.6574,-99
5516785712,333.4708,399.399,-99
5516819045,334.1008,398.384,-99
5516852378,332.9816,397.9407,-99
5516885711,332.6819,398.5163,-99
5516919044,331.3565,398.3,-99
5516952377,329.2172,398.4731,-99
5516985710,327.7245,398.8698,-99
5517019043,325.8658,399.2886,-99
5517052376,324.0088,399.8794,-99
5517085709,322.3796,400.4707,-99
5517119042,319.9978,401.354,-99
5517152375,317.5949,402.678,-99
5517185708,314.8604,403.1437,-99
5517219041,312.8191,403.842,-99
5517252374,310.3126,404.1028,-99
5517285707,308.0486,403.9154,-99
5517319040,306.0453,403.2457,-99
5517352373,303.5684,403.2393,-99
5517385706,301.0363,403.2628,-99
5517419039,299.2796,403.5699,-99
5517452372,297.6865,404.6954,-99
5517485705,296.2574,405.0706,-99
5517519038,294.9027,406.3507,-99
5517552371,291.9591,405.7957,-99
5517585704,289.3598,406.4497,-99
5517619037,288.4666,406.6528,-99
5517652370,286.9767,406.3262,-99
5517685703,285.5654,406.1237,-99
5517719036,284.0343,405.434,-99
5517752369,282.8569,405.0389,-99
5517785702,282.0118,404.5009,-99
5517819035,281.8343,404.4358,-99
5517852368,282.6525,405.9843,-99
5517885701,281.6782,405.1379,-99
5517919034,281.3537,404.8004,-99
5517952367,281.3112,404.0594,-99
5517985700,280.8859,402.8322,-99
5518019033,280.1085,402.309,-99
5518052366,279.6801,401.0829,-99
5518085699,277.6159,399.5429,-99
5518119032,276.7655,396.6473,-99
5518152365,275.9188,395.9466,-99
5518185698,276.3319,394.6245,-99
5518219031,275.0549,394.1899,-99
5518252364,274.8965,392.1035,-99
5518285697,272.767,390.6878,-99
5518319030,271.6938,389.4402,-99
5518352363,270.7811,387.7768,-99
5518385696,268.7532,386.5042,-99
5518419029,266.3646,385.5146,-99
5518452362,265.5957,385.7532,-99
5518485695,265.4069,386.2345,-99
5518519028,263.1042,386.3287,-99
5518552361,261.6392,386.4717,-99
5518591273,260.0424,386.3349,-99
5518624606,259.2627,386.106,-99
5518657939,257.2584,384.6492,-99
5518691272,255.1551,382.729,-99
5518724605,252.9716,381.7216,-99
5518757938,251.3413,380.8663,-99
5518791271,250.751,380.2851,-99
5518824604,249.1667,380.4783,-99
5518857937,247.3065,378.7581,-99
5518891270,244.611,378.0501,-99
5518924603,242.8294,377.1825,-99
5518957936,241.5176,376.8782,-99
5518991269,240.3318,376.6452,-99
5519024602,239.6555,377.4952,-99
5519057935,239.14,378.3022,-99
5519091268,238.0856,378.9685,-99
5519124601,237.6723,379.8471,-99
5519157934,236.6161,380.2322,-99
5519191267,236.5471,380.639,-99
5519224600,236.2485,380.0219,-99
5519257933,235.4438,380.5582,-99
5519291266,236.2067,381.1437,-99
5519324599,236.1977,382.6257,-99
5519357932,236.7824,383.7901,-99
5519391265,237.0244,385.3158,-99
5519424598,237.4402,386.7476,-99
5519457931,237.557,387.8673,-99
5519491264,237.9385,388.8029,-99
5519524597,238.1139,389.9476,-99
5519557930,238.4892,390.7798,-99
5519591263,238.5229,391.0716,-99
5519624596,238.9496,391.1658,-99
5519657929,238.9021,391.1431,-99
5519691262,238.5956,391.3061,-99
5519724595,238.3352,390.6875,-99
5519757928,237.8531,390.9771,-99
5519791261,238.2801,390.2632,-99
5519824594,237.4678,390.653,-99
5519857927,237.958,390.104,-99
5519891260,237.3038,390.6942,-99
5519924593,237.5101,390.0921,-99
5519957926,237.2074,390.0185,-99
5519991259,237.3211,389.847,-99
5520024592,237.1342,387.4243,-99
5520057925,236.6558,384.5488,-99
5520091258,235.6987,381.9888,-99
5520124591,237.4329,378.4699,-99
5520157924,237.14,376.2433,-99
5520191257,237.8601,374.5478,-99
5520224590,239.4879,373.3544,-99
5520260220,239.7346,372.7796,-99
5520293553,239.0582,371.1317,-99
5520326886,238.7406,370.9402,-99
5520360219,239.1783,370.2675,-99
5520393552,237.7558,368.5844,-99
5520426885,238.1452,366.8643,-99
5520460218,236.1843,366.2236,-99
5520493551,234.7038,364.8531,-99
5520526884,232.9747,363.8535,-99
5520560217,231.047,363.1956,-99
5520593550,229.2945,362.228,-99
5520626883,229.1797,360.6099,-99
5520660216,228.4209,359.5867,-99
5520693549,226.7105,358.3301,-99
5520726882,225.9934,355.1231,-99
5520760215,224.3949,353.8519,-99
5520793548,222.8627,353.0901,-99
5520826881,222.2206,353.0792,-99
5520860214,220.6842,353.2126,-99
5520893547,219.8396,354.1047,-99
5520926880,219.9926,355.5679,-99
5520960213,220.9818,356.4052,-99
5520993546,220.2632,356.218,-99
5521026879,220.7596,353.4736,-99
5521060212,221.2554,351.9828,-99
5521093545,221.8887,350.3299,-99
5521126878,222.5223,350.4431,-99
5521160211,222.4016,350.2992,-99
5521193544,221.7775,350.0946,-99
5521226877,222.9159,348.8668,-99
5521260210,222.6597,348.0416,-99
5521293543,221.8915,347.4339,-99
5521326876,221.1402,345.3785,-99
5521360209,219.6157,342.9406,-99
5521393542,219.1132,341.7288,-99
5521426875,216.6769,341.1816,-99
5521460208,214.9563,340.6276,-99
5521493541,212.6185,339.7463,-99
5521526874,211.0177,338.9047,-99
5521560207,209.5785,337.8103,-99
5521593540,206.9265,336.021,-99
5521626873,205.659,333.9771,-99
5521660206,203.8465,332.8816,-99
5521693539,201.8595,330.2604,-99
5521726872,200.6355,329.729,-99
5521760205,199.2392,327.9203,-99
5521793538,197.8719,325.9771,-99
5521826871,196.6699,325.9095,-99
5521860204,196.1787,322.6107,-99
5521893537,195.746,319.8942,-99
5521926870,194.5722,317.1056,-99
5521960203,193.9121,312.848,-99
5521993536,194.5641,309.7063,-99
5522026869,192.6453,307.4142,-99
5522060202,192.5556,306.255,-99
5522093535,191.6802,306.1098,-99
5522126868,190.1611,305.8942,-99
5522160201,188.8568,305.4019,-99
5522193534,187.9078,304.4843,-99
5522226867,186.432,303.4558,-99
5522260200,184.7546,301.658,-99
5522293533,183.0741,300.403,-99
5522326866,182.4691,299.4667,-99
5522360199,181.7247,298.4831,-99
5522393532,180.3359,298.1615,-99
5522426865,179.8817,295.6479,-99
5522460198,180.1852,294.0423,-99
5522493531,180.3315,291.3148,-99
5522526864,181.8615,290.313,-99
5522560197,182.6115,287.4879,-99
5522593530,185.1397,286.8356,-99
5522626863,184.8623,283.7013,-99
5522660196,185.2057,282.2648,-99
5522693529,183.8456,280.7114,-99
5522726862,183.6867,279.7118,-99
5522760195,183.4081,279.327,-99
5522793528,183.7525,279.1975,-99
5522826861,183.803,279.2709,-99
5522860194,184.3963,278.4462,-99
5522893527,184.4379,277.1102,-99
5522926860,186.0947,276.4296,-99
5522960193,187.3477,275.6115,-99
5522993526,187.9923,274.144,-99
5523026859,187.9327,272.0773,-99
5523060192,187.5718,271.6974,-99
5523093525,186.272,270.0989,-99
5523126858,184.8284,269.7694,-99
5523160191,182.623,269.9817,-99
5523193524,180.8605,270.2342,-99
5523226857,180.391,269.7234,-99
5523260190,178.5096,268.445,-99
5523293523,178.3844,267.5766,-99
5523326856,177.3282,266.2519,-99
5523360189,177.0503,265.7275,-99
5523393522,176.9262,264.7837,-99
5523426855,176.491,264.617,-99
5523460188,175.6364,264.865,-99
5523493521,174.841,263.9388,-99
5523526854,174.9659,263.3977,-99
5523560187,175.0997,263.1934,-99
5523599099,175.6962,261.0354,-99
5523632432,176.102,259.7321,-99
5523665765,176.8306,258.8038,-99
5523699098,177.3604,259.2792,-99
5523732431,178.4044,259.4576,-99
5523765764,179.0931,259.4951,-99
5523799097,180.1092,259.8164,-99
5523832430,180.7277,259.9211,-99
5523865763,181.0052,260.3238,-99
5523899096,181.8274,261.8932,-99
5523932429,182.6695,261.8431,-99
5523965762,183.4492,262.3877,-99
5523999095,184.3827,262.7653,-99
5524032428,185.3698,261.6042,-99
5524065761,186.022,259.7164,-99
5524099094,187.1722,259.8329,-99
5524132427,187.9675,260.703,-99
5524165760,187.8696,261.3696,-99
5524199093,188.2884,261.6619,-99
5524232426,187.9877,262.2346,-99
5524265759,187.3826,261.7916,-99
5524299092,187.9239,262.1995,-99
5524332425,188.6929,259.2997,-99
5524365758,187.4966,257.7891,-99
5524399091,187.9909,257.8836,-99
5524432424,187.5322,257.2769,-99
5524465757,186.6578,256.7961,-99
5524499090,185.6658,254.9204,-99
5524532423,184.8477,254.7002,-99
5524565756,185.3157,254.3387,-99
5524599089,184.4954,253.8716,-99
5524632422,183.9242,253.22,-99
5524665755,183.6256,253.3792,-99
5524699088,183.8731,254.2306,-99
5524732421,183.7016,254.3141,-99
5524765754,183.0761,254.853,-99
5524799087,182.2,254.8649,-99
5524832420,180.6676,254.3617,-99
5524865753,179.4586,253.779,-99
5524899086,179.4338,253.9974,-99
5524932419,178.6504,253.6667,-99
5524965752,176.8458,253.5501,-99
5524999085,176.0556,254.0884,-99
5525032418,175.8796,253.7513,-99
5525065751,174.4884,253.6124,-99
5525099084,173.8464,254.2291,-99
5525132417,173.9208,254.4142,-99
5525165750,173.4408,254.0799,-99
5525199083,173.9973,254.0027,-99
5525232416,174.9045,254.3554,-99
5525265749,175.406,254.0518,-99
5525299082,177.4819,254.6814,-99
5525332415,179.9107,255.4413,-99
5525365748,182.2119,256.8022,-99
5525399081,184.8184,257.0081,-99
5525432414,187.0795,256.8921,-99
5525465747,189.9663,256.9223,-99
5525499080,192.0178,257.7914,-99
5525532413,193.6709,258.9749,-99
5525565746,194.6471,259.4629,-99
5525599079,195.2928,260.8611,-99
5525632412,195.3964,260.5725,-99
5525665745,194.9363,260.9951,-99
5525699078,194.8872,261.0276,-99
5525732411,194.4695,261.5,-99
5525765744,194.3481,261.5161,-99
5525799077,193.967,261.2639,-99
5525832410,194.461,261.403,-99
5525865743,194.5325,261.2597,-99
5525899076,194.5774,261.0098,-99
5525932409,194.3497,260.9901,-99
5525965742,193.9872,260.9256,-99
5525999075,193.3333,259.3818,-99
5526032408,192.8188,257.5435,-99
5526065741,192.8674,258.5552,-99
5526099074,192.0028,255.5279,-99
5526132407,192.812,253.7735,-99
5526165740,191.3904,249.8048,-99
5526199073,191.9632,247.2162,-99
5526232406,192.0823,244.0199,-99
5526265739,192.6442,241.0288,-99
5526299072,193.3197,237.1542,-99
5526332405,194.2967,233.6893,-99
5526365738,194.3848,230.0098,-99
5526399071,195.993,229.4215,-99
5526432404,194.9219,225.9421,-99
5526465737,195.1501,225.5375,-99
5526499070,193.8571,223.5385,-99
5526532403,191.8905,222.219,-99
5526565736,190.5471,220.5838,-99
5526599069,189.1003,218.8847,-99
5526632402,186.9842,216.4,-99
5526665735,185.1827,215.0914,-99
5526699068,185.4586,213.6974,-99
5526732401,184.3855,212.5362,-99
5526765734,185.1976,210.922,-99
5526799067,185.4132,208.5041,-99
5526832400,187.1069,206.5642,-99
5526865733,187.5594,203.1134,-99
5526899066,189.4084,200.9662,-99
5526925663,190.7425,198.3175,-99
5526958996,192.6516,197.1516,-99
5526992329,194.2139,194.1741,-99
5527025662,195.6349,193.5714,-99
5527058995,197.051,190.3495,-99
5527092328,198.0614,189.1611,-99
5527125661,198.2667,185.7548,-99
5527158994,200.4293,185.3512,-99
5527192327,201.0381,181.5286,-99
5527225660,203.0829,181.5878,-99
5527258993,203.6098,178.4212,-99
5527292326,205.4248,177.4733,-99
5527325659,206.8947,176.9073,-99
5527358992,208.6684,176.8316,-99
5527392325,209.1745,176.7175,-99
5527425658,209.8656,175.7688,-99
5527458991,210.734,173.7021,-99
5527492324,212.32,172.4565,-99
5527525657,212.9948,169.0569,-99
5527558990,212.4973,165.5726,-99
5527592323,211.6903,164.5457,-99
5527625656,209.9043,163.2348,-99
5527658989,207.9803,162.4242,-99
5527692322,206.1688,161.8619,-99
5527725655,205.4189,162.0367,-99
5527758988,205.0959,161.9855,-99
5527792321,205.1253,161.7956,-99
5527825654,205.6437,161.4799,-99
5527858987,206.6979,161.738,-99
5527892320,208.1731,161.801,-99
5527925653,210.5327,161.5352,-99
5527958986,211.1646,161.3721,-99
5527992319,212.9814,161.0345,-99
5528025652,214.6395,161.0868,-99
5528058985,216.4473,161.0309,-99
5528092318,218.5206,160.8943,-99
5528125651,219.9698,160.6902,-99
5528158984,222.7803,160.4193,-99
5528192317,223.285,158.8264,-99
5528225650,225.1417,157.6745,-99
5528258983,227.0882,156.3931,-99
5528292316,229.1969,155.658,-99
5528325649,230.7674,154.9279,-99
5528358982,231.7741,154.1271,-99
5528392315,232.7859,153.4871,-99
5528425648,233.1849,152.5669,-99
5528458981,233.4908,153.0369,-99
5528492314,234.958,152.2045,-99
5528525647,236.2437,150.4623,-99
5528558980,237.0797,149.9126,-99
5528594642,238.5643,149.5672,-99
5528627975,240.6193,148.496,-99
5528661308,242.8943,145.7139,-99
5528694641,245.8435,145.2944,-99
5528727974,248.2082,145.1123,-99
5528761307,249.9757,145.2135,-99
5528794640,252.4646,144.7848,-99
5528827973,254.9532,142.8473,-99
5528861306,256.7065,141.4229,-99
5528894639,258.4167,139.9661,-99
5528927972,259.4314,137.9461,-99
5528961305,259.7945,136.8271,-99
5528994638,260.3895,136.3011,-99
5529027971,262.0558,134.0266,-99
5529061304,261.9241,133.5838,-99
5529094637,263.179,131.4105,-99
5529127970,265.4744,130.9419,-99
5529161303,267.1773,130.4887,-99
5529194636,270.217,129.7151,-99
5529227969,272.7288,128.8969,-99
5529261302,274.4361,128.3212,-99
5529294635,276.2072,128.045,-99
5529327968,277.5815,125.0677,-99
5529361301,280.2402,124.1984,-99
5529394634,283.0367,122.6977,-99
5529427967,284.8403,121.4476,-99
5529461300,286.6404,121.2094,-99
5529494633,289.028,120.888,-99
5529527966,290.8671,119.6329,-99
5529561299,293.3125,117.3975,-99
5529594632,295.7054,116.7726,-99
5529627965,297.8363,116.3274,-99
5529661298,301.2766,115.3404,-99
5529694631,304.6124,114.9225,-99
5529727964,307.4871,114.7448,-99
5529761297,310.8049,114.8269,-99
5529794630,313.4719,114.8472,-99
5529827963,315.0056,114.9352,-99
5529861296,316.2816,115.0237,-99
5529894629,317.0859,115.0521,-99
5529927962,317.9894,114.5358,-99
5529961295,319.2737,114.6,-99
5529994628,321.0778,114.3021,-99
5530027961,322.1712,114.8995,-99
5530061294,323.4204,115.6955,-99
5530094627,325.4041,116.1391,-99
5530127960,327.1617,116.9704,-99
5530161293,328.3156,116.6785,-99
5530194626,328.4391,116.6188,-99
5530227959,331.6378,115.7495,-99
5530267762,335.2469,114.9647,-99
5530301095,337.7679,114.6308,-99
5530334428,339.8866,114.8971,-99
5530367761,339.4135,113.5514,-99
5530401094,341.5233,112.2721,-99
5530434427,345.6829,111.7175,-99
5530467760,350.551,111.2594,-99
5530501093,352.1481,111.1079,-99
5530534426,352.6858,110.9778,-99
5530567759,353.4401,111.2322,-99
5530601092,354.7574,111.9742,-99
5530634425,356.0948,112.8309,-99
5530667758,357.0125,113.736,-99
5530701091,357.282,115.5815,-99
5530734424,358.0677,115.7331,-99
5530767757,358.0244,115.8137,-99
5530801090,358.1326,115.486,-99
5530834423,358.8285,115.5092,-99
5530867756,360.381,114.5159,-99
5530901089,362.4772,113.3765,-99
5530934422,363.2854,111.5058,-99
5530967755,364.5578,110.9698,-99
5531001088,366.6561,110.2707,-99
5531034421,369.8104,111.425,-99
5531067754,371.459,111.5635,-99
5531101087,373.3165,111.0139,-99
5531134420,374.9914,111.5208,-99
5531167753,375.608,112.3155,-99
5531201086,377.0396,113.3375,-99
5531234419,379.3134,114.3237,-99
5531267752,380.6476,115.896,-99
5531301085,381.3227,116.6594,-99
5531334418,384.4315,118.2843,-99
5531367751,386.7339,118.6431,-99
5531401084,389.8065,119.7157,-99
5531434417,394.3333,120.8839,-99
5531467750,396.6238,122.6532,-99
5531501083,398.286,124.3951,-99
5531534416,399.9666,126.7599,-99
5531567749,400.1148,127.2009,-99
5531601082,402.294,129.4521,-99
5531634415,404.6813,133.0935,-99
5531667748,405.5647,135.701,-99
5531701081,405.8877,136.9719,-99
5531734414,405.8724,137.5962,-99
5531767747,407.39,138.32,-99
5531801080,407.9283,139.1978,-99
5531834413,408.5693,137.0831,-99
5531867746,410.1241,136.4481,-99
5531901079,411.0247,136.3728,-99
5531936740,410.7167,136.3768,-99
5531970073,411.5782,135.756,-99
5532003406,411.1873,135.5873,-99
5532036739,411.5668,135.448,-99
5532070072,412.0252,135.8508,-99
5532103405,411.1716,134.9925,-99
5532136738,410.9763,135.3211,-99
5532170071,410.485,135.8369,-99
5532203404,412.2655,136.9936,-99
5532236737,412.3204,137.471,-99
5532270070,412.9894,137.2474,-99
5532303403,414.6573,137.9659,-99
5532336736,416.6097,139.061,-99
5532370069,418.0873,140.2143,-99
5532403402,420.2368,141.083,-99
5532436735,420.2296,140.7445,-99
5532470068,422.1903,140.7165,-99
5532503401,423.3093,140.8482,-99
5532536734,423.5865,140.6353,-99
5532570067,423.5641,140.4398,-99
5532603400,421.456,139.593,-99
5532636733,421.1696,139.0473,-99
5532670066,422.94,139.7148,-99
5532703399,425.5149,141.416,-99
5532736732,427.9561,144.0679,-99
5532770065,430.6252,146.4053,-99
5532803398,431.9095,149.2062,-99
5532836731,433.3115,151.0754,-99
5532870064,433.1516,151.9213,-99
5532903397,433.2276,152.6159,-99
5532936730,434.2466,154.1468,-99
5532970063,435.8811,154.8747,-99
5533003396,437.4184,155.0251,-99
5533036729,439.6464,155.7243,-99
5533070062,439.6057,156.2533,-99
5533103395,439.6719,158.1002,-99
5533136728,441.0842,158.7192,-99
5533170061,441.6349,160.0934,-99
5533203394,443.0633,161.7969,-99
5533236727,443.4901,163.1912,-99
5533270060,444.2282,164.0917,-99
5533303393,443.9278,164.9548,-99
5533336726,441.22,165.66,-99
5533370059,440.7124,166.6828,-99
5533403392,442.2557,168.2443,-99
5533436725,441.8428,168.8064,-99
5533470058,441.6125,168.4153,-99
5533503391,441.9104,169.1772,-99
5533536724,442.3579,170.3027,-99
5533570057,442.2781,171.5188,-99
5533603390,442.2072,171.2716,-99
5533636723,442.2566,171.5841,-99
5533670056,443.158,172.3161,-99
5533703389,444.2025,173.7366,-99
5533736722,445.3584,176.1308,-99
5533770055,443.9742,176.6382,-99
5533803388,445.1398,177.0806,-99
5533836721,445.2823,175.5294,-99
5533870054,447.2163,175.1975,-99
5533903387,449.266,174.3737,-99
5533936720,449.2523,175.8438,-99
5533970053,450.2108,177.6272,-99
5534003386,451.1343,178.3607,-99
5534036719,450.653,179.1028,-99
5534070052,451.0045,180.1093,-99
5534103385,451.202,180.4225,-99
5534136718,450.6074,179.0444,-99
5534170051,451.3548,179.0484,-99
5534203384,451.6416,179.006,-99
5534236717,451.4747,178.8539,-99
5534270050,449.2409,179.6503,-99
5534303383,448.1573,180.2213,-99
5534336716,447.7448,180.9921,-99
5534370049,446.4974,182.3932,-99
5534403382,445.8495,184.1613,-99
5534436715,445.2237,185.9447,-99
5534470048,443.6346,188.6659,-99
5534503381,441.4772,190.7289,-99
5534536714,440.7808,190.126,-99
5534570047,440.5349,190.9088,-99
5534603380,439.6667,192.1111,-99
5534636713,440.626,193.0039,-99
5534670046,438.5287,193.7816,-99
5534703379,437.7471,194.5364,-99
5534736712,436.1269,194.4888,-99
5534770045,432.738,195.369,-99
5534803378,431.9771,195.3165,-99
5534836711,436.8354,198.7131,-99
5534870044,440.9385,201.1788,-99
5534903377,434.2755,201.7964,-99
5534936710,434.7763,201.5614,-99
5534970043,439.3541,202.9922,-99
5535003376,444.58,205.2,-99
5535036709,448.0098,206.4346,-99
5535070042,451.9688,208.3656,-99
5535103375,456.0192,210.0192,-99
5535136708,458.9917,213.2161,-99
5535170041,460.9792,215.4844,-99
5535203374,462,217.2807,-99
5535236707,462.5129,219.9685,-99
5535271447,463.5865,222.7742,-99
5535304780,467.3662,223.8772,-99
5535338113,468.1629,223.2709,-99
5535371446,469.1582,224.3555,-99
5535404779,469.7901,225.4832,-99
5535438112,471.6133,226.4333,-99
5535471445,473.45,228.0095,-99
5535504778,474.1247,229.5379,-99
5535538111,473.7059,230.8309,-99
5535571444,473.6073,231.7024,-99
5535604777,472.9699,231.388,-99
5535638110,470.5714,233.5357,-99
5535671443,469.7309,235.7457,-99
5535704776,467.8635,236.276,-99
5535738109,467.2903,237.4433,-99
5535771442,470.1295,239.725,-99
5535804775,470.7964,243.9582,-99
5535838108,472.212,246.2419,-99
5535871441,473.501,247.0975,-99
5535904774,474.1624,249.3797,-99
5535938107,474.9379,250.006,-99
5535971440,474.9371,251.5828,-99
5536004773,473.6014,253.2903,-99
5536038106,471.2723,253.901,-99
5536071439,469.2,257.0338,-99
5536104772,468.3441,259.0059,-99
5536138105,466.7532,261.4601,-99
5536171438,465.1753,264.2874,-99
5536204771,463.7671,266.9659,-99
5536238104,462.5564,268.6535,-99
5536271437,461.2507,271.467,-99
5536304770,460.8913,274.9196,-99
5536338103,460.118,276.619,-99
5536371436,458.2614,278.3682,-99
5536404769,457.9163,281.3216,-99
5536438102,457.0755,283.5736,-99
5536471435,457.8451,286.6239,-99
5536504768,457.8333,288.5167,-99
5536538101,459.3061,289.8857,-99
5536571434,461.5682,291.7765,-99
5536604767,461.2238,293.6773,-99
5536638100,461.037,294.9218,-99
5536671433,460.6272,296.0754,-99
5536704766,460.131,297.1815,-99
5536738099,458.3911,299.4556,-99
5536771432,456.6354,301.3799,-99
5536804765,457.3176,303.0246,-99
5536838098,455.9019,306.5615,-99
5536871431,455.5099,309.2202,-99
5536904764,455.613,312.8563,-99
5536944566,456.4342,315.7289,-99
5536977899,456.1885,319.0893,-99
5537011232,455.5848,322.5789,-99
5537044565,455.5508,325.5352,-99
5537077898,454.7909,327.6075,-99
5537111231,452.9882,330.685,-99
5537144564,450.8015,334.0486,-99
5537177897,448.3099,336.6806,-99
5537211230,445.8358,339.0923,-99
5537244563,442.6793,341.4582,-99
5537277896,441.283,342.9864,-99
5537311229,439.5198,344.2619,-99
5537344562,438.2444,345.9395,-99
5537377895,436.9301,346.2383,-99
5537411228,436.9273,343.5769,-99
5537444561,439.1699,349.1122,-99
5537477894,436.9557,346.6749,-99
5537511227,435.4159,345.4921,-99
5537544560,431.5555,351.4253,-99
5537577893,432.1543,359.7886,-99
5537611226,429.739,352.2868,-99
5537644559,425.5172,353.202,-99
5537677892,422.8169,351.507,-99
5537711225,421.1014,349.779,-99
5537744558,416.636,359.1724,-99
5537777891,416.5886,359.7538,-99
5537811224,415.0587,359.6315,-99
5537844557,413.3479,360.6253,-99
5537877890,413.0282,361.8263,-99
5537911223,411.0598,363.9354,-99
5537944556,409.6302,364.286,-99
5537977889,408.7592,365.787,-99
5538011222,407.6357,366.8329,-99
5538044555,407.1747,368.5359,-99
5538077888,406.3033,370.6829,-99
5538111221,405.4088,372.1046,-99
5538144554,404.2841,374.8693,-99
6632349601,287.1954,173.2185,-99
6632382934,286.7597,172.0801,-99
6632416267,286.4598,171.6688,-99
6632449600,286.2249,170.1488,-99
6632482933,285.4683,170.1584,-99
6632516266,285.1796,169.9369,-99
6632549599,283.1071,170.8857,-99
6632582932,284.0538,170.5923,-99
6632616265,283.8713,170.8119,-99
6632649598,284.1474,170.2842,-99
6632682931,283.4868,170.7237,-99
6632716264,283.25,171.5972,-99
6632749597,283.1613,169.2903,-99
6632782930,283.3846,164.4615,-99
6632816263,283.1667,165.7778,-99
6632849596,283.9333,167.3333,-99
6632882929,283.7,169.5333,-99
6632916262,281.48,171,-99
6632958393,280.8235,171.8235,-99
6632991726,278.4167,174.375,-99
6633025059,278.3871,175.5806,-99
6633058392,279.28,172.36,-99
6633091725,281.6364,166.5455,-99
6633125058,281.6154,166.4615,-99
6633158391,281.1818,166.4545,-99
6633191724,281.6667,170.6667,-99
6633225057,280.3721,174.4651,-99
6633258390,279.1606,174.9562,-99
6633291723,279.8114,174.4971,-99
6633325056,281.2827,174.0419,-99
6633358389,281.343,174.9639,-99
6633391722,282.2441,174.8118,-99
6633425055,283.2117,174.773,-99
6633458388,283.9012,174.7129,-99
6633491721,284.6339,174.1966,-99
6633525054,286.1324,173.5211,-99
6633558387,286.7138,173.5548,-99
6633591720,285.7083,173.4542,-99
6633625053,285.8231,174.1523,-99
6633658386,285.082,175.3566,-99
6633691719,284.9633,177.5878,-99
6633725052,285.6716,179.806,-99
6633758385,284.9943,183.0513,-99
6633791718,284.1117,187.0645,-99
6633825051,283.2099,191.9104,-99
6633858384,281.9956,196.5636,-99
6633891717,279.1907,200.767,-99
6633925050,276.5511,205.1533,-99
6633958383,272.059,209.7052,-99
6633991716,268.0441,214.3676,-99
6634025049,262.4695,219.4035,-99
6634058382,254.39,224.5865,-99
6634091715,244.5737,230.6693,-99
6634125048,234.2813,236.9937,-99
6634158381,228.6456,241.7595,-99
6634191714,221.8737,248.5789,-99
6634225047,214.7826,255.1848,-99
6634258380,206.5443,262.519,-99
6634291713,197.5286,269.9572,-99
6634325046,186.8839,278.1518,-99
6634358379,180.6385,286.4699,-99
6634391712,174.545,293.6208,-99
6634425045,169.004,300.1235,-99
6634458378,162.9745,305.634,-99
6634491711,159.2103,309.7659,-99
6634525044,154.1385,315.2078,-99
6634558377,152.2956,319.1384,-99
6634591710,150.7027,323.6216,-99
6634625043,151.5455,326.3636,-99
6634658376,154.4286,327.7143,-99
6634691709,156.25,324.25,-99
6634725042,156.5714,327.1429,-99
6634758375,161.8548,317.8226,-99
6634791708,161.3214,318.5714,-99
6634825041,161.3869,320,-99
6634858374,163.5054,320.1721,-99
6634891707,163.2353,323.1604,-99
6634925040,165.3828,322.4102,-99
6634958373,168.3333,320.4039,-99
6634991706,172.0861,318.4008,-99
6635025039,178.7597,315.155,-99
6635058372,185.5556,312.5407,-99
6635091705,192.7558,310.8482,-99
6635125038,199.9043,310.029,-99
6635158371,204.3501,310.8571,-99
6635191704,204.2994,311.6048,-99
6635225037,200.3244,311.1046,-99
6635258370,194.9949,310.4647,-99
6635291703,191.1124,310.6376,-99
6635325036,189.1883,312.4719,-99
6635358369,188.4711,313.0667,-99
6635391702,188.117,311.2532,-99
6635425035,186.8707,311.4697,-99
6635458368,186.2341,311.1532,-99
6635491701,185.0508,310.639,-99
6635525034,183.4854,308.8619,-99
6635558367,181.3291,310.5053,-99
6635591700,179.2751,310.4137,-99
6635625033,178.2759,311.1667,-99
6635658366,176.5747,313.3133,-99
6635691699,177.8041,312.9588,-99
6635725032,179.4019,311.5132,-99
6635758365,179.4831,311.8292,-99
6635791698,181.2825,310.5011,-99
6635825031,183.7845,305.5359,-99
6635858364,185.3419,301.4881,-99
6635891697,185.2152,298.7603,-99
6635925030,185.0191,294.1928,-99
6635958363,186.2016,289.0198,-99
6635991696,187.098,283.028,-99
6636025029,188.967,278.7237,-99
6636058362,188.6455,273.2495,-99
6636091695,187.3573,268.9695,-99
6636125028,185.828,263.9613,-99
6636158361,183.4432,258.5066,-99
6636191694,181.7264,254.3149,-99
6636225027,179.6706,248.7559,-99
6636258360,177.59,243.4313,-99
6636290771,230.1539,283.7503,-99
6636324104,228.0597,287.0351,-99
6636357437,177.8993,229.4693,-99
6636390770,173.4348,218.3672,-99
6636424103,174.2398,213.1312,-99
6636457436,173.7892,210.8244,-99
6636490769,174.4149,205.1135,-99
6636524102,174.613,200.6987,-99
6636557435,175.5095,196.4292,-99
6636590768,177.4294,191.7975,-99
6636624101,180.3432,187.3492,-99
6636657434,184.1031,183.4008,-99
6636690767,187.7881,179.4693,-99
6636724100,191.438,175.364,-99
6636757433,194.948,171.7941,-99
6636790766,198.3558,168.0204,-99
6636824099,201.4005,164.9396,-99
6636857432,203.8287,162.9537,-99
6636890765,205.2716,159.5101,-99
6636924098,209.1474,158.7053,-99
6636957431,211.5515,155.8505,-99
6636990764,215.2163,154.3954,-99
6637024097,219.115,153.7762,-99
6637057430,222.7692,151.3576,-99
6637090763,226.0458,150.0313,-99
6637124096,230.4032,146.6561,-99
6637157429,235.0587,144.9028,-99
6637190762,239.6036,141.6881,-99
6637224095,243.3502,138.5072,-99
6637257428,248.1753,134.679,-99
6637290761,255.4357,132.2671,-99
6637324094,261.7729,129.751,-99
6637357427,266.8225,126.2121,-99
6637390760,271.076,125.1029,-99
6637424093,274.7907,121.7558,-99
6637457426,277.5679,120.9827,-99
6637490759,278.3667,118.1487,-99
6637524092,279.6857,114.0071,-99
6637557425,282.2489,109.6872,-99
6637590758,286.007,106.2024,-99
6637624091,291.2151,103.3327,-99
6637657424,296.1277,101.9096,-99
6637690757,300.5645,99.80972,-99
6637724090,304.2746,98.96875,-99
6637757423,308.0185,97.99178,-99
6637790756,311.1667,97.69879,-99
6637824089,313.5991,97.27887,-99
6637857422,316.5979,96.17895,-99
6637890755,320.4525,94.42272,-99
6637924088,322.4935,95.34823,-99
6637966219,324.935,96.413,-99
6637999552,326.6898,97.62624,-99
6638032885,328.0339,99.80677,-99
6638066218,330.4908,103.1904,-99
6638099551,333.757,106.0162,-99
6638132884,337.4299,107.3186,-99
6638166217,339.4322,109.7733,-99
6638199550,342.0498,112.444,-99
6638232883,343.947,114.4894,-99
6638266216,346.6447,114.594,-99
6638299549,347.636,114.6642,-99
6638332882,350.5429,114.1922,-99
6638366215,353.559,113.2486,-99
6638399548,357.0557,112.4661,-99
6638432881,360.8625,112.8918,-99
6638466214,364.4852,114.4083,-99
6638499547,368.5527,116.2852,-99
6638532880,371.9424,118.2763,-99
6638566213,374.2198,118.7512,-99
6638599546,377.0593,119.8737,-99
6638632879,380.1882,120.3319,-99
6638666212,383.5067,119.3423,-99
6638699545,387.6649,119.9792,-99
6638732878,389.6943,120.4372,-99
6638766211,392.1992,120.7476,-99
6638799544,394.5142,121.6057,-99
6638832877,397.4297,123.6435,-99
6638866210,399.0435,125.4121,-99
6638899543,400.5734,127.7222,-99
6638932876,403.2675,130.1734,-99
6638966209,405.1375,132.4422,-99
6638999542,408.5587,134.2024,-99
6639032875,414.011,136.0201,-99
6639066208,419.221,138.7366,-99
6639099541,424.5365,142.408,-99
6639132874,429.0105,146.6462,-99
6639166207,433.3114,151.0313,-99
6639199540,435.154,154.2787,-99
6639232873,436.9918,157.1794,-99
6639266206,440.0412,159.0569,-99
6639299539,442.6945,159.7724,-99
6639332872,445.4917,160.7449,-99
6639366205,448.7993,161.4099,-99
6639399538,449.9083,161.9468,-99
6639432871,450.7221,162.3671,-99
6639466204,449.8501,165.094,-99
6639499537,451.477,169.116,-99
6639532870,452.2373,172.6843,-99
6639566203,452.2171,174.3463,-99
6639599536,451.8844,179.1452,-99
6639632869,452.4843,183.849,-99
6639666202,451.6359,187.5978,-99
6639699535,451.4944,189.7944,-99
6639732868,453.3523,195.0747,-99
6639766201,455.5327,193.2533,-99
6639799534,460.2522,196.0531,-99
6639832867,465.3092,194.7826,-99
6639866200,469.7362,196.8221,-99
6639899533,468.6684,203.9694,-99
6639932866,468.7484,211.5323,-99
6639966199,469.8148,214.7006,-99
6639999532,470.7647,219.6099,-99
6640032865,470.4377,220.2371,-99
6640066198,472.7235,222.8636,-99
6640099531,474.8026,225.8412,-99
6640132864,475.4386,227.9956,-99
6640166197,479.5273,230.9766,-99
6640199530,484.0314,232,-99
6640232863,485.2222,232.8556,-99
6640266196,484.2799,236.2391,-99
6640299529,483.8263,239.2887,-99
6640332862,483.453,240.9229,-99
6640366195,484.5928,241.8263,-99
6640399528,482.1288,245.9731,-99
6640432861,481.2176,250.8368,-99
6640466194,480.1232,255.0688,-99
6640499527,475.9718,260.6655,-99
6640532860,478.0327,259.4278,-99
6640566193,480.2455,255.9241,-99
6640599526,480.1735,257.0204,-99
6640632859,479.7792,265.7489,-99
6640666192,482.7227,266.084,-99
6640699525,470.9216,275.2353,-99
6640732858,472.6667,285.1234,-99
6640766191,468.3513,295.4324,-99
6640799524,473.5425,289.0784,-99
6640832857,473.7515,291.0515,-99
6640866190,470.845,297.1938,-99
6640899523,468.7006,299.4506,-99
6640932856,466.0861,301.0083,-99
6640966189,466.7408,301.1463,-99
6640999522,467.7262,300.7024,-99
6641032855,467.6923,302.1812,-99
6641066188,467.1822,303.7834,-99
6641099521,468.2878,304.5245,-99
6641132854,469.2111,306.0422,-99
6641166187,468.1413,306.4456,-99
6641199520,466.6858,309.153,-99
6641232853,462.7337,311.2141,-99
6641266186,461.8805,311.0069,-99
6641293737,459.9977,311.2014,-99
6641327070,459.1066,311.154,-99
6641360403,460.1363,314.5493,-99
6641393736,460.4917,318.2563,-99
6641427069,459.7357,319.7082,-99
6641460402,459.7475,322.235,-99
6641493735,459.3877,323.2621,-99
6641527068,458.7441,323.1925,-99
6641560401,456.3983,322.6831,-99
6641593734,454.725,323.9125,-99
6641627067,456.8792,322.6011,-99
6641660400,455.7146,324.7494,-99
6641693733,455.3087,326.3115,-99
6641727066,455.3844,326.1086,-99
6641760399,454.256,328.8795,-99
6641793732,455.2416,328.9633,-99
6641827065,456.4415,326.0167,-99
6641860398,455.7291,325.6974,-99
6641893731,455.9731,325.8473,-99
6641927064,456.3319,327.9055,-99
6641960397,456.5918,329.8275,-99
6641993730,457.6161,331.0691,-99
6642027063,457.8682,333.0162,-99
6642060396,457.5527,333.5246,-99
6642093729,455.9768,334.6232,-99
6642127062,454.2125,338.1035,-99
6642160395,448.0265,343.5847,-99
6642193728,446.6143,345.1721,-99
6642227061,449.2336,345.0499,-99
6642260394,449.2016,347.4907,-99
6642293727,449.9231,351.5926,-99
6642327060,449.6144,354.874,-99
6642360393,449.0362,357.2488,-99
6642393726,448.2188,358.4965,-99
6642427059,447.0285,359.6497,-99
6642460392,445.2083,361.725,-99
6642493725,442.8084,364.4674,-99
6642527058,439.4555,367.9024,-99
6642560391,435.5036,369.3535,-99
6642593724,430.4299,371.1333,-99
6642627057,425.4797,373.6403,-99
6642660390,419.8875,374.1688,-99
6642693723,418.3639,372.2525,-99
6642727056,417.0523,369.2369,-99
6642760389,419.1798,373.4877,-99
6642793722,418.4551,376.904,-99
6642827055,419.1397,378.1248,-99
6642860388,420.0331,378.1774,-99
6642893721,419.2883,376.3571,-99
6642927054,417.151,378.9061,-99
6642956215,413.9112,380.0096,-99
6642989548,411.0221,380.6378,-99
6643022881,406.7931,381.0603,-99
6643056214,404.9258,379.8876,-99
6643089547,403.271,379.6005,-99
6643122880,401.473,382.0484,-99
6643156213,400.4723,382.9656,-99
6643189546,398.2103,384.0021,-99
6643222879,395.9979,386.4283,-99
6643256212,394.425,390.5257,-99
6643289545,394.8432,391.9513,-99
6643322878,389.5865,394.9154,-99
6643356211,385.7304,396.1416,-99
6643389544,381.7546,396.4721,-99
6643422877,377.9689,396.7889,-99
6643456210,376.1927,395.6927,-99
6643489543,374.0723,396.2731,-99
6643522876,371.9024,397.3514,-99
6643556209,367.8727,399.1509,-99
6643589542,365.8261,400.249,-99
6643622875,364.2034,402.4907,-99
6643656208,365.235,404.3929,-99
6643689541,364.7711,406.6678,-99
6643722874,365.1265,408.2704,-99
6643756207,364.9005,410.1492,-99
6643789540,365.8339,411.5179,-99
6643822873,366.0053,412.5528,-99
6643856206,366.8665,413.0728,-99
6643889539,367.4722,412.7198,-99
6643922872,368.3188,412.897,-99
6643956205,369.7631,413.249,-99
6643989538,371.529,413.3326,-99
6644022871,373.821,412.4342,-99
6644056204,373.562,412.1983,-99
6644089537,372.6241,411.5735,-99
6644122870,368.949,412.1176,-99
6644156203,368.7903,412.1418,-99
6644189536,368.1891,411.5177,-99
6644222869,367.0862,411.3776,-99
6644256202,367.7454,411.0569,-99
6644289535,367.3716,410.5068,-99
6644322868,366.8596,409.7428,-99
6644356201,366.2986,409.3576,-99
6644389534,365.5522,408.5072,-99
6644422867,365.4715,407.5886,-99
6644456200,365.6752,406.9983,-99
6644489533,366.5478,406.5827,-99
6644522866,366.2985,406.4182,-99
6644556199,366.431,405.8687,-99
6644589532,366.8672,404.3328,-99
6644628444,366.2286,403.153,-99
6644661777,364.8193,401.9213,-99
6644695110,361.9482,399.5446,-99
6644728443,359.5968,396.5524,-99
6644761776,357.4588,392.5107,-99
6644795109,354.4586,389.7069,-99
6644828442,352.5121,389.2353,-99
6644861775,351.6119,388.5162,-99
6644895108,350.3115,389.625,-99
6644928441,349.8816,390.7807,-99
6644961774,347.41,392.2408,-99
6644995107,344.5,394.1383,-99
6645028440,341.1255,395.8009,-99
6645061773,338.2706,397.2597,-99
6645095106,334.0856,398.739,-99
6645128439,329.6064,400.372,-99
6645161772,324.817,401.4132,-99
6645195105,321.767,403.6404,-99
6645228438,318.4644,406.301,-99
6645261771,316.0508,407.9559,-99
6645295104,312.6146,410.3294,-99
6645328437,310.1004,410.5323,-99
6645361770,305.4948,410.8004,-99
6645395103,300.9245,410.3741,-99
6645428436,296.049,409.3719,-99
6645461769,292.5939,409.5796,-99
6645495102,290.3379,409.666,-99
6645528435,289.2725,410.6835,-99
6645561768,285.6688,411.1991,-99
6645595101,281.7621,410.2683,-99
6645628434,277.8089,409.9106,-99
6645661767,276.3154,409.8388,-99
6645695100,272.5342,407.3442,-99
6645728433,268.5909,405.7646,-99
6645761766,263.19,402.5267,-99
6645795099,258.7741,398.2528,-99
6645828432,255.0667,395.4,-99
6645861765,250.2387,392.176,-99
6645895098,246.9949,389.4055,-99
6645928431,243.7446,387.4339,-99
6645961764,240.5582,384.512,-99
6645995097,237.0156,380.9045,-99
6646028430,232.6168,377.2813,-99
6646061763,229.7684,373.4955,-99
6646095096,227.1298,371.5923,-99
6646128429,222.7194,368.3717,-99
6646161762,219.4784,365.0729,-99
6646195095,217.0755,362.6499,-99
6646228428,213.3544,361.068,-99
6646261761,210.7115,358.7577,-99
6646300642,207.235,358.1486,-99
6646333975,203.9093,354.4,-99
6646367308,202.2285,351.984,-99
6646400641,200.7349,349.9858,-99
6646433974,198.575,349.4167,-99
6646467307,197.334,348.3633,-99
6646500640,194.0795,348.4554,-99
6646533973,191.2687,346.5023,-99
6646567306,187.777,345.1634,-99
6646600639,184.8862,342.3174,-99
6646633972,181.4322,338.3883,-99
6646667305,177.5425,335.0543,-99
6646700638,175.5213,330.2198,-99
6646733971,174.2542,325.1392,-99
6646767304,173.9931,318.8929,-99
6646800637,174.6248,312.7981,-99
6646833970,174.5484,305.9817,-99
6646867303,175.3121,300.0093,-99
6646900636,176.2741,294.5732,-99
6646933969,176.8253,290.0919,-99
6646967302,176.7359,288.938,-99
6647000635,176.7725,286.61,-99
6647033968,175.8222,284.7062,-99
6647067301,174.3513,283.5135,-99
6647100634,172.9402,282.6359,-99
6647133967,171.7985,282.2289,-99
6647167300,169.2157,280.1544,-99
6647200633,169.1568,276.178,-99
6647233966,168.0485,272.8951,-99
6647267299,169.364,269.6754,-99
6647300632,170.5984,266.3528,-99
6647333965,172.9044,262.3327,-99
6647367298,175.0925,257.2736,-99
6647400631,177.2343,253.4364,-99
6647433964,177.4548,249.8237,-99
6647467297,178.619,244.9474,-99
6647500630,180.3512,239.8575,-99
6647533963,181.8179,235.2636,-99
6647567296,182.983,230.4407,-99
6647600629,183.761,227.0247,-99
6647633962,184.8874,224.89,-99
6647667295,184.0362,221.0956,-99
6647700628,182.3075,217.7258,-99
6647733961,182.419,214.5394,-99
6647767294,183.166,210.5753,-99
6647800627,183.2448,206.4137,-99
6647833960,182.3285,202.0971,-99
6647867293,183.28,196.7516,-99
6647900626,185.5548,191.7193,-99
6647933959,187.8222,187.7427,-99
6647967292,190.2958,182.7324,-99
6648000625,194.019,177.5874,-99
6648033958,197.3652,173.724,-99
6648067291,201.2981,169.2899,-99
6648100624,206.2699,164.5686,-99
6648133957,209.9584,160.6324,-99
6648167290,213.0365,157.9871,-99
6648200623,215.5981,156.2593,-99
6648233956,216.6722,154.3299,-99
6648267289,218.9004,152.7359,-99
6648300622,221.8805,149.0737,-99
6648333955,225.1309,145.2845,-99
6648367288,228.4925,141.4041,-99
6648400621,231.6886,137.1886,-99
6648433954,236.5907,132.465,-99
6648467287,241.1226,128.3528,-99
6648500620,245.1871,125.4024,-99
6648533953,249.8363,125.1062,-99
6648567286,254.7164,122.6439,-99
6648600619,259.2105,121.9095,-99
6648633952,264.0949,119.9558,-99
6648667285,268.2996,117.5106,-99
6648700618,272.1565,116.85,-99
6648733951,275.0267,115.5733,-99
6648767284,277.72,114.661,-99
6648800617,280.4601,113.6134,-99
6648833950,283.8493,112.3646,-99
6648867283,288.1815,111.1397,-99
6648900616,291.6846,110.1788,-99
6648933949,297.403,108.3414,-99
6648967282,303.0288,107.1038,-99
6649000615,308.0944,106.5823,-99
6649033948,313.6333,104.7788,-99
6649067281,318.8022,104.1183,-99
6649100614,323.9197,103.8394,-99
6649133947,329.5402,103.5664,-99
6649167280,334.8091,104.1611,-99
6649200613,338.8706,105.0388,-99
6649233946,344.6086,105.0752,-99
6649267279,347.0476,105.6686,-99
6649300612,349.1062,106.097,-99
6649333945,350.6186,106.9534,-99
6649367278,352.142,106.058,-99
6649400611,354.2155,106.6571,-99
6649433944,356.064,107.4222,-99
6649467277,358.8512,109.6012,-99
6649500610,362.1786,111.8649,-99
6649533943,364.8398,114.9428,-99
6649567276,367.5151,117.7262,-99
6649600609,370.9699,120.1355,-99
6649642740,374.3084,122.3635,-99
6649676073,376.9982,123.4084,-99
6649709406,377.9207,123.9295,-99
6649742739,379.9193,123.9565,-99
6649776072,384.0357,124.5038,-99
6649809405,386.3315,124.5189,-99
6649842738,390.4991,124.8027,-99
6649876071,395.4053,125.938,-99
6649909404,400.7529,128.3288,-99
6649942737,407.388,130.8397,-99
6649976070,413.9787,135.147,-99
6650009403,420.0483,138.4004,-99
6650042736,426.2883,141.1661,-99
6650076069,431.5284,144.3865,-99
6650109402,435.5,147.6523,-99
6650142735,440.0056,150.4534,-99
6650176068,443.3694,153.1327,-99
6650209401,446.451,155.3163,-99
6650242734,449.4767,157.854,-99
6650276067,451.1513,161.0126,-99
6650309400,453.469,163.6095,-99
6650342733,456.1298,168.4706,-99
6650376066,458.4082,173.0691,-99
6650409399,460.4796,177.8705,-99
6650442732,463.267,182.6063,-99
6650476065,464.5721,186.607,-99
6650509398,465.4491,190.1593,-99
6650542731,468.0364,193.6384,-99
6650576064,469.2358,196.8719,-99
6650609397,470.8192,200.8462,-99
6650642730,473.187,205.0591,-99
6650676063,474.8723,209.2908,-99
6650709396,475.3649,214.164,-99
6650742729,476.6304,218.2826,-99
6650776062,475.9106,220.4348,-99
6650809395,477.1719,221.9056,-99
6650842728,478.8495,225.9398,-99
6650876061,479.6635,229.1848,-99
6650909394,479.7305,231.6226,-99
6650942727,478.7199,236.1042,-99
6650976060,477.2315,241.2037,-99
6651009393,476.3351,246.4639,-99
6651042726,476.6699,249.4303,-99
6651076059,477.0406,252.5279,-99
6651109392,477.2115,256.1841,-99
6651142725,477.7408,262.2714,-99
6651176058,478.3398,267.1602,-99
6651209391,483.8526,273.8606,-99
6651242724,483.4793,271.438,-99
6651276057,481.9675,273.1568,-99
6651309390,483.0393,275.0716,-99
6651342723,480.957,274.1756,-99
6651376056,480.1707,278.5222,-99
6651409389,477.8914,284.144,-99
6651442722,475.1569,286.5735,-99
6651476055,471.941,288.6953,-99
6651509388,468.886,289.6953,-99
6651542721,468.1939,287.0748,-99
6651576054,465.1871,288.9898,-99
6651609387,459.9038,293.0785,-99
6651642720,456.9367,295.038,-99
6651676053,454.9517,298.2896,-99
6651709386,453.8324,303.6471,-99
6651742719,451.3708,307.5875,-99
6651776052,453.0659,310.4945,-99
6651809385,454.2121,309.9344,-99
6651842718,453.4413,309.1127,-99
6651876051,454.1327,312.8469,-99
6651909384,453.2653,312.4286,-99
6651976050,441.3542,334.375,-99
6652009383,445.5403,331.1855,-99
6652042716,446.7232,331.6433,-99
6652076049,446.3965,333.834,-99
6652109382,446.6779,335.3578,-99
6652142715,446.702,336.3469,-99
6652176048,446.3386,337.9149,-99
6652209381,446.0782,337.2109,-99
6652242714,444.8683,336.6129,-99
6652276047,447.0175,336.9649,-99
6652309380,443.7818,342.0026,-99
6652342713,440.9404,342.3089,-99
6652376046,437.418,343.5929,-99
6652409379,439.9061,343.1227,-99
6652442712,440.9594,343.7528,-99
6652476045,443.049,347.2902,-99
6652509378,442.3591,351.207,-99
6652542711,442.7995,356.8549,-99
6652576044,443.788,358.9402,-99
6652609377,442.4798,361.4364,-99
6652642710,441.1264,363.2931,-99
6652676043,439.8731,363.4403,-99
6652709376,437.4842,364.9707,-99
6652742709,434.4176,367.0128,-99
6652776042,431.4478,368.0576,-99
6652809375,427.8702,369.4178,-99
6652842708,424.7792,370.9788,-99
6652876041,422.3295,370.4594,-99
6652909374,418.9915,372.8979,-99
6652942707,416.211,372.7242,-99
6652975805,415.0469,376.8265,-99
6653009138,415.5341,378.4068,-99
6653042471,412.4126,379.9442,-99
6653075804,410.4309,381.6545,-99
6653109137,408.5315,382.7762,-99
6653142470,406.3724,384.4121,-99
6653175803,402.5846,386.5993,-99
6653209136,398.7545,387.9229,-99
6653242469,394.2895,389.8881,-99
6653275802,389.8554,391.5435,-99
6653309135,386.1248,392.6536,-99
6653342468,383.959,394.528,-99
6653375801,381.5732,395.8122,-99
6653409134,381.4043,395.0168,-99
6653442467,381.3492,394.2953,-99
6653475800,380.9306,392.3102,-99
6653509133,379.6838,391.9467,-99
6653542466,378.2602,391.9963,-99
6653575799,376.1115,391.8519,-99
6653609132,373.2864,393.0637,-99
6653642465,371.6446,394.0697,-99
6653675798,371.6673,395.1857,-99
6653709131,370.5669,396.5555,-99
6653742464,369.3673,399.4886,-99
6653775797,367.4212,402.1472,-99
6653809130,367.058,404.5677,-99
6653842463,369.6485,406.9274,-99
6653875796,368.4538,408.6495,-99
6653909129,363.1636,408.4303,-99
6653942462,359.6943,409.121,-99
6653975795,355.3104,410.5942,-99
6654009128,351.6494,409.9481,-99
6654042461,347.895,410.4874,-99
6654075794,344.0847,411.1331,-99
6654109127,339.1102,412.2531,-99
6654142460,335.8658,412.9589,-99
6654175793,331.9128,413.0097,-99
6654209126,329.5396,413.4661,-99
6654242459,324.3649,416.046,-99
6654275792,320.8114,416.4864,-99
6654309125,317.8886,415.9182,-99
6654342458,318.2255,412.4149,-99
6654375791,317.5657,410.6781,-99
6654409124,316.4347,410.6667,-99
6654442457,314.379,409.7729,-99
6654475790,313.4281,409.481,-99
6654509123,311.6808,409.2179,-99
6654542456,309,409.3978,-99
6654575789,303.5117,410.8614,-99
6654609122,302.696,415.336,-99
6654642455,301.0141,416.338,-99
6654675788,298.9567,416.9567,-99
6654709121,298.5279,415.0492,-99
6654742454,299.4433,414.2577,-99
6654775787,299.7143,415.3244,-99
6654809120,300.1291,420.5015,-99
6654842453,301.5755,424.2374,-99
6654875786,304.0168,424.8936,-99
6654909119,305.5717,425.3472,-99
6654942452,305.8937,427.8281,-99
6654975785,305.2156,430.8578,-99
6655009118,303.0056,432.9121,-99
6655042451,302.3734,435.9677,-99
6655075784,300.1328,437.8069,-99
6655109117,298.9297,438.4305,-99
6655142450,299.2973,438.7235,-99
6655175783,295.6923,436.7885,-99
6655209116,294.251,436.5223,-99
6655242449,291.8122,434.5903,-99
6655275782,290.2557,430.8124,-99
6655309115,286.4179,429.1813,-99
6655342448,284.4042,427.7116,-99
6655375781,278.3589,423.2125,-99
6655409114,274.8371,418.2617,-99
6655442447,271.2726,413.9948,-99
6655475780,268.801,410.7396,-99
6655509113,268.9132,407.3978,-99
6655542446,267.7559,406.0156,-99
6655575779,265.9962,405.3093,-99
6655609112,267.2345,404.1091,-99
6655642445,264.5204,400.7185,-99
6655675778,263.4486,398.1866,-99
6655709111,261.7575,394.3646,-99
6655742444,260.8012,392.6897,-99
6655775777,259.1614,391.0897,-99
6655809110,255.7146,389.5684,-99
6655842443,252.023,388.1443,-99
6655875776,250.6042,388.6136,-99
6655909109,246.6442,389.1395,-99
6655942442,242.7476,387.5107,-99
6655975775,238.4315,386.1438,-99
6656009108,237.2382,384.7939,-99
6656042441,235.2191,384.1584,-99
6656075774,232.9261,381.287,-99
6656109107,230.8362,379.3911,-99
6656142440,226.6843,376.8771,-99
6656175773,223.998,375.3859,-99
6656209106,219.8998,372.7563,-99
6656242439,218.3528,371.8298,-99
6656275772,218.1776,370.7832,-99
6656311434,219.0975,369.5399,-99
6656344767,220.5473,366.2696,-99
6656378100,222.7252,364.1241,-99
6656411433,225.5868,365.0632,-99
6656444766,225.362,363.075,-99
6656478099,225.1543,362.142,-99
6656511432,223.3527,362.3591,-99
6656544765,221.0769,363.3547,-99
6656578098,220.0617,364.5226,-99
6656611431,218.96,365.3516,-99
6656644764,219.7764,366.1875,-99
6656678097,218.9674,365.3776,-99
6656711430,217.2494,364.5461,-99
6656744763,214.2652,363.8443,-99
6656778096,212.4795,362.7795,-99
6656811429,211.375,361.0737,-99
6656844762,209.3196,358.4765,-99
6656878095,207.4132,355.9132,-99
6656911428,207.4685,353.4759,-99
6656944761,206.6743,352.1211,-99
6656978094,207.4177,351.8902,-99
6657011427,206.1188,349.7991,-99
6657044760,204.3341,349.9583,-99
6657078093,203.8103,350.0647,-99
6657111426,201.9384,351.1932,-99
6657144759,200.2237,352.3806,-99
6657178092,199.702,354.4089,-99
6657211425,197.8681,354.0408,-99
6657244758,196.6118,352.1929,-99
6657278091,195.2096,349.0502,-99
6657311424,194.9222,345.9883,-99
6657344757,194.556,344.5517,-99
6657378090,194.8957,342.2311,-99
6657411423,194.2556,340.7289,-99
6657444756,194,338.489,-99
6657478089,193.3684,335.9708,-99
6657511422,192.5817,332.4844,-99
6657544755,191.9746,330.4746,-99
6657578088,192.7007,328.5618,-99
6657611421,191.8911,326.6911,-99
6657644754,191.2552,324.1443,-99
6657678087,191.0648,322.3541,-99
6657711420,190.0911,319.562,-99
6657744753,189.9697,318.851,-99
6657778086,189.5944,318.5229,-99
6657811419,188.3401,318.9874,-99
6657844752,189.3831,320.394,-99
6657878085,189.5012,318.768,-99
6657911418,190.3656,317.7523,-99
6657944751,190.9175,315.9336,-99
6657978084,190.3555,313.6819,-99
6658011417,191.0082,312.4057,-99
6658044750,190.5889,312.4636,-99
6658078083,188.4948,309.776,-99
6658111416,188.0578,307.7576,-99
6658144749,185.5753,304.9731,-99
6658178082,184.7673,302.6522,-99
6658211415,182.8819,300.3438,-99
6658244748,182.9023,298.3625,-99
6658278081,181.8166,294.8342,-99
6658311414,180.5185,293.1825,-99
6658344747,179.5123,290.6185,-99
6658378080,178.1603,289.9873,-99
6658411413,176.4664,289.4942,-99
6658444746,173.7871,288.9851,-99
6658478079,171.25,289.8874,-99
6658511412,170.1732,291.4525,-99
6658544745,169.4381,290.4332,-99
6658578078,168.7038,288.2437,-99
6658611411,167.9032,288.659,-99
6658644744,167.411,285.1552,-99
6658678077,168.1893,284.4193,-99
6658711410,168.3909,284.3823,-99
6658744743,168.15,283.9109,-99
6658778076,168.4465,283.204,-99
6658811409,167.8025,283.3077,-99
6658844742,168.8698,283.6292,-99
6658878075,169.8009,283.9606,-99
6658911408,169.8707,282.8458,-99
6658944741,171.105,283.1105,-99
6658978074,173.1227,282.6,-99
6659011407,175.0183,281.4099,-99
6659044740,175.274,280.6657,-99
6659078073,176.1846,280.4408,-99
6659111406,177.1847,280.0199,-99
6659144739,177.1151,279.2219,-99
6659178072,179.3992,276.1744,-99
6659211405,180.9711,274.0602,-99
6659244738,181.845,273.635,-99
6659278071,181.6676,270.6733,-99
6659311404,183.1893,269.0347,-99
6659344737,184.2082,265.3342,-99
6659378070,183.2332,260.8886,-99
6659411403,182.9975,257.3629,-99
6659444736,181.9846,254.3342,-99
6659478069,182.9538,252.0436,-99
6659511402,182.09,249.4404,-99
6659544735,181.9469,248.7263,-99
6659578068,181.0281,245.7247,-99
6659611401,180.5111,244.9417,-99
6659652610,179.5125,241.7131,-99
6659685943,179.928,241.2382,-99
6659719276,179.3523,239.1932,-99
6659752609,178.0435,237.229,-99
6659785942,179.2158,236.5564,-99
6659819275,180.2854,236.2468,-99
6659852608,179.987,231.7948,-99
6659885941,181.7344,231.5195,-99
6659919274,182.4273,228.6107,-99
6659952607,185.0338,227.4578,-99
6659985940,186.3716,226.4866,-99
6660019273,186.5577,224.1852,-99
6660052606,186.9829,222.5293,-99
6660085939,186.1578,221.3868,-99
6660119272,184.2053,217.4751,-99
6660152605,185.6684,217.3622,-99
6660185938,184.3652,212.9362,-99
6660219271,186.6005,212.3943,-99
6660252604,188.4916,208.412,-99
6660285937,192.0733,206.4203,-99
6660319270,194.2676,204.5235,-99
6660352603,196.6598,204.3379,-99
6660385936,197.1296,201.8582,-99
6660419269,199.7726,200.5013,-99
6660452602,202.2146,197.3075,-99
6660485935,203.375,196.5833,-99
6660519268,204.1638,196.0169,-99
6660552601,203.1659,194.5364,-99
6660585934,203.9819,194.4289,-99
6660619267,204.2718,193.3166,-99
6660652600,204.0396,190.6361,-99
6660685933,204.508,190.1622,-99
6660719266,204.5607,187.0097,-99
6660752599,204.7816,186.0211,-99
6660785932,203.7073,182.7643,-99
6660819265,203.3125,178.6947,-99
6660852598,203.0846,176.8051,-99
6660885931,202.4491,174.7363,-99
6660919264,204.3785,170.6534,-99
6660952597,206.6128,168.8495,-99
6660985930,208.9,167.154,-99
6661019263,212.6592,165.6288,-99
6661052596,215.5338,164.7234,-99
6661085929,218.9982,164.1516,-99
6661119262,220.4567,163.8355,-99
6661152595,222.4034,162.5143,-99
6661185928,224.4366,162,-99
6661219261,226.0514,162.3148,-99
6661252594,226.9791,163.3096,-99
6661285927,229.1113,164.1753,-99
6661319260,231.6418,165.2857,-99
6661352593,232.6032,167.1316,-99
6661385926,233.7472,168.0887,-99
6661419259,232.9363,168.9692,-99
6661452592,232.6505,167.3121,-99
6661485925,231.7371,165.5366,-99
6661519258,231.5979,162.0926,-99
6661552591,231.9489,159.3661,-99
6661585924,232.8317,157.5949,-99
6661619257,233.7267,154.002,-99
6661652590,235.8887,152.4612,-99
6661685923,238.2959,150.0434,-99
6661719256,241.3098,148.3077,-99
6661752589,243.6297,145.9268,-99
6661785922,246.8054,142.4701,-99
6661819255,249.477,140.709,-99
6661852588,251.2402,137.4191,-99
6661885921,256.8551,133.8857,-99
6661919254,261.1607,130.3023,-99
6661952587,264.7282,129.606,-99
6661985920,269.1143,126.509,-99
6662019253,272.9807,125.3253,-99
6662052586,278.9702,123.0526,-99
6662085919,285.3127,121.5394,-99
6662119252,292.1107,120.7683,-99
6662152585,296.7574,120.3311,-99
6662185918,299.1324,118.7486,-99
6662219251,300.9019,117.8529,-99
6662252584,302.3914,116.5255,-99
6662285917,303.8232,116.9976,-99
6662319250,305.7924,116.2441,-99
6662352583,307.3733,115.675,-99
6662385916,310.0327,115.3115,-99
6662419249,312.773,114.7752,-99
6662452582,316.4945,114.2144,-99
6662485915,322.0115,112.7361,-99
6662519248,326.3719,111.9021,-99
6662552581,328.6149,111.8319,-99
6662585914,332.8978,111.0261,-99
6662619247,336.7654,109.9264,-99
6662652580,339.7904,108.2729,-99
6662685913,342.9082,107.7525,-99
6662719246,347.3963,108.5503,-99
6662752579,350.7437,108.1979,-99
6662785912,354.1045,108.9659,-99
6662819245,356.2075,110.1494,-99
6662852578,359.0752,111.0699,-99
6662885911,361.0461,112.4273,-99
6662919244,362.5048,113.8549,-99
6662952577,362.124,115.2955,-99
6662984957,362.6718,116.7812,-99
6663018290,363.8216,118.9251,-99
6663051623,365.8061,120.8929,-99
6663084956,367.2179,121.6741,-99
6663118289,370.237,124.2678,-99
6663151622,373.4942,126.1926,-99
6663184955,377.6984,128.3126,-99
6663218288,383.0332,131.0752,-99
6663251621,387.7227,133.3882,-99
6663284954,391.25,135.5179,-99
6663318287,394.8115,136.5394,-99
6663351620,398.4569,138.8947,-99
6663384953,401.6826,140.6301,-99
6663418286,405.2411,142.1749,-99
6663451619,408.5619,143.2624,-99
6663484952,411.8348,144.7087,-99
6663518285,415.0499,145.0499,-99
6663551618,417.2191,144.4402,-99
6663584951,419.7269,143.5945,-99
6663618284,422.6769,143.6214,-99
6663651617,425.946,143.1117,-99
6663684950,427.6648,142.8204,-99
6663718283,428.4712,143.1663,-99
6663751616,430.183,143.9231,-99
6663784949,432.304,144.6897,-99
6663818282,433.0107,145.5256,-99
6663851615,433.2646,147.1101,-99
6663884948,432.5281,148.5561,-99
6663918281,431.0879,150.4341,-99
6663951614,430.5514,151.073,-99
6663984947,429.8934,151.9625,-99
6664018280,429.8164,151.6158,-99
6664051613,429.4679,152.3059,-99
6664084946,428.9309,151.6381,-99
6664118279,429.6,155.8684,-99
6664151612,430.1411,158.8809,-99
6664184945,429.3773,163.2516,-99
6664218278,429.1234,166.2955,-99
6664251611,431.9503,170.3717,-99
6664284944,430.2897,172.9346,-99
6664318277,430.6233,173.0977,-99
6664351610,437.0969,176.2875,-99
6664384943,442.8505,182.8224,-99
6664418276,439.95,195.7,-99
6664451609,441.6,179.82,-99
6664484942,439.9764,189.0945,-99
6664518275,448.4419,189.7442,-99
6664584941,445.5,202,-99
6664618274,448.2857,193.1429,-99
6664652326,453.4255,182.9043,-99
6664685659,455.0067,184.3624,-99
6664718992,457.6423,186.1168,-99
6664752325,460.4286,189.3469,-99
6664785658,462.9683,194.6508,-99
6664818991,465.65,197.88,-99
6664852324,464.0747,198.2874,-99
6664885657,464.6294,200.3882,-99
6664918990,468.7174,197.7609,-99
6664952323,471.1986,202.1348,-99
6664985656,478.058,201.3913,-99
6665018989,470.8846,200.3077,-99
6665052322,468.1111,198.1699,-99
6665085655,467.8182,199.8503,-99
6665118988,467.2925,200.8027,-99
6665152321,467.9539,199.6083,-99
6665185654,465.7514,201.0116,-99
6665218987,466.9824,210.0493,-99
6665252320,467.8612,210.302,-99
6665285653,465.5441,210.4485,-99
6665318986,466.9464,226.1339,-99
6665352319,466.7778,226,-99
6665385652,466.5906,222.8188,-99
6665418985,467.243,220.9549,-99
6665452318,466.0341,220.8819,-99
6665485651,465.449,218.4733,-99
6665518984,462.7351,219.878,-99
6665552317,463.8384,219.9969,-99
6665585650,467.0246,220.9426,-99
6665618983,469.0543,219.7602,-99
6665652316,471.4359,220.4509,-99
6665685649,472.943,220.5359,-99
6665718982,475.9611,221.4691,-99
6665752315,474.6043,223.036,-99
6665785648,473.1454,223.2965,-99
6665818981,470.5675,229.4325,-99
6665852314,467.752,232.2399,-99
6665885647,465.6495,238.0343,-99
6665918980,463.2691,243.2198,-99
6665952313,460.2936,246.9651,-99
6665985646,461.0336,253.1809,-99
6666018979,462.0031,257.4,-99
6666052312,463.7637,262.0461,-99
6666085645,466.2341,266.7861,-99
6666118978,465.833,268.8352,-99
6666152311,466.1367,272.06,-99
6666185644,464.4488,274.0638,-99
6666218977,465.1208,275.82,-99
6666252310,464.6066,279.1265,-99
6666285643,462.9777,282.7751,-99
6666321273,462.1898,285.1692,-99
6666354606,464.946,289.894,-99
6666387939,465.5576,293.358,-99
6666421272,466.8502,296.8097,-99
6666454605,468.4799,298.3911,-99
6666487938,469.1774,300.6763,-99
6666521271,469.3916,302.4757,-99
6666554604,469.3654,304.9951,-99
6666587937,469.789,308.5252,-99
6666621270,469.3777,312.4489,-99
6666654603,469.8118,315.5737,-99
6666687936,471.0127,318.0592,-99
6666721269,472.1275,320.7696,-99
6666754602,472.1643,322.8768,-99
6666787935,472.213,325.9676,-99
6666821268,471.5415,326.8406,-99
6666854601,469.2951,327.7447,-99
6666887934,467.5323,328.5555,-99
6666921267,465.6543,330.9884,-99
6666954600,462.9617,333.4212,-99
6666987933,459.2998,335.5372,-99
6667021266,455.277,336.0449,-99
6667054599,451.3577,337.0227,-99
6667087932,448.5098,340.8698,-99
6667121265,444.7251,342.2749,-99
6667154598,440.0598,345.7169,-99
6667187931,437.3055,348.906,-99
6667221264,439.4335,351.9229,-99
6667254597,439.0396,353.8298,-99
6667287930,439.0436,355.3123,-99
6667321263,435.7589,359.1748,-99
6667354596,433.6378,360.1927,-99
6667387929,430.998,361.5901,-99
6667421262,430.2076,362.7191,-99
6667454595,426.8225,366.0315,-99
6667487928,422.9011,369.3182,-99
6667521261,423.0162,369.4188,-99
6667554594,416.4603,371.3095,-99
6667587927,413.8191,375.4181,-99
6667621260,408.7701,377.3122,-99
6667654593,405.1545,379.6055,-99
6667687926,402.6781,381.7068,-99
6667721259,399.5986,384.6584,-99
6667754592,396.6804,385.7648,-99
6667787925,392.7894,387.6248,-99
6667821258,390.6697,388.7599,-99
6667854591,387.5597,391.3477,-99
6667887924,384.0853,394.3917,-99
6667921257,381.5314,396.2415,-99
6667954590,380.3139,397.5639,-99
6667987923,379.8389,396.5857,-99
6668021256,378.9933,397.4452,-99
6668054589,372.6907,398.067,-99
6668087922,367.3485,398.756,-99
6668121255,363.5156,399.2254,-99
6668154588,360.7233,401.2061,-99
6668187921,357.8737,403.7203,-99
6668221254,353.3449,406.0816,-99
6668254587,350.3132,406.1121,-99
6668287920,348.6633,406.619,-99
6668321253,346.4182,406.6867,-99
6668354586,345.8818,405.7509,-99
6668387919,344.015,404.8077,-99
6668421252,343.7962,403.7151,-99
6668454585,340.3437,402.1036,-99
6668487918,336.6879,402.0981,-99
6668521251,335.6533,401.7969,-99
6668554584,333.4416,402.9604,-99
6668587917,333.1384,404,-99
6668621250,331.5423,406.0499,-99
6668654583,330.4773,407.3659,-99
6668687916,329.7356,409.3127,-99
6668721249,327.3929,409.9385,-99
6668754582,325.1483,410.7853,-99
6668787915,323.8075,411.6013,-99
6668821248,321.9019,412.2203,-99
6668854581,319.4372,411.7805,-99
6668887914,316.888,410.9298,-99
6668921247,313.7385,409.6004,-99
6668954580,311.1107,408.6485,-99
6668987913,308.2277,407.9831,-99
6669021246,308.7916,408.3193,-99
6669054579,307.0635,408.9388,-99
6669087912,304.8756,409.6403,-99
6669121245,302.9506,410.4225,-99
6669154578,301.3594,410.6629,-99
6669187911,297.8913,410.421,-99
6669221244,294.7276,409.0824,-99
6669254577,292.1195,408.3051,-99
6669287910,289.7175,406.6135,-99
6669321243,288.1172,405.7402,-99
6669354576,287.1248,405.2745,-99
6669387909,284.9244,405.3244,-99
6669421242,282.893,405.3209,-99
6669454575,281.8081,405.713,-99
6669487908,280.7474,407.4306,-99
6669521241,279.5411,407.6173,-99
6669554574,278.501,407.5886,-99
6669587907,276.9565,407.1656,-99
6669621240,275.0454,406.1815,-99
6669660152,271.8885,405.0372,-99
6669693485,267.6414,403.456,-99
6669726818,266.5194,401.8222,-99
6669760151,263.7638,399.7673,-99
6669793484,262.4464,397.0324,-99
6669826817,260.0266,395.0745,-99
6669860150,256.0945,391.823,-99
6669893483,254.9075,389.21,-99
6669926816,254.006,388.0341,-99
6669960149,250.66,386.9822,-99
6669993482,249.2956,384.6733,-99
6670026815,245.9819,382.9274,-99
6670060148,242.6706,382.3808,-99
6670093481,240.1288,381.9625,-99
6670126814,237.5058,381.1369,-99
6670160147,235.4379,380.726,-99
6670193480,232.5914,381.1425,-99
6670226813,230.4899,381.2337,-99
6670260146,227.2409,380.1356,-99
6670293479,224.3062,378.7221,-99
6670326812,223.1501,377.7696,-99
6670360145,220.4572,375.4258,-99
6670393478,219.2084,373.5978,-99
6670426811,216.565,369.3501,-99
6670460144,215.4453,366.8489,-99
6670493477,214.2176,366.419,-99
6670526810,210.5833,363.9952,-99
6670560143,209.2723,362.5194,-99
6670593476,206.6274,361.1659,-99
6670626809,205.7976,359.1683,-99
6670660142,204.693,357.3026,-99
6670693475,203.554,354.6139,-99
6670726808,202.7554,349.9589,-99
6670760141,201.3259,347.501,-99
6670793474,200.5811,344.5991,-99
6670826807,200.0665,345.6461,-99
6670860140,198.2302,344.9281,-99
6670893473,196.5594,343.7946,-99
6670926806,194.4264,343.2208,-99
6670960139,192.8875,342.37,-99
6670993472,191.7519,341.263,-99
6671026805,191.6692,339.1374,-99
6671060138,191.0635,337.1243,-99
6671093471,190.8494,333.4377,-99
6671126804,189.0636,329.0932,-99
6671160137,188.4272,325.6019,-99
6671193470,187.3959,321.5781,-99
6671226803,186.1149,316.9861,-99
6671260136,186.2009,312.5076,-99
6671293469,185.0108,310.5081,-99
6671329099,185.3053,306.7863,-99
6671362432,183.7078,302.9759,-99
6671395765,183.0184,299.8184,-99
6671429098,182.0904,297.5239,-99
6671462431,180.7179,294.5113,-99
6671495764,179.4196,290.3291,-99
6671529097,177.9797,286.2513,-99
6671562430,176.1705,282.4351,-99
6671595763,174.9854,280.2799,-99
6671629096,173.5,278.6725,-99
6671662429,172.8947,277.3989,-99
6671695762,172.2718,274.9102,-99
6671729095,172.7579,274.0632,-99
6671762428,171.6494,272.6437,-99
6671795761,171.5544,270.374,-99
6671829094,170.3991,269.4624,-99
6671862427,168.296,268.1026,-99
6671895760,168.2633,268.7308,-99
6671929093,170.0226,265.2172,-99
6671962426,172.05,262.8058,-99
6671995759,174.8233,259.0846,-99
6672029092,176.6483,256.3008,-99
6672062425,178.5656,252.9032,-99
6672095758,180.8272,249.6976,-99
6672129091,180.7104,247.2568,-99
6672162424,182.1304,242.9266,-99
6672195757,183.6596,238.1915,-99
6672229090,184.9775,233.5352,-99
6672262423,188.0681,233.0409,-99
6672295756,188.9065,229.0085,-99
6672329089,190.6813,227.5791,-99
6672362422,189.1176,224.3912,-99
6672395755,188.7788,222.6106,-99
6672429088,187.1727,220.2345,-99
6672462421,185.7642,218.0027,-99
6672495754,185.2981,215.6995,-99
6672529087,185.4103,212.3753,-99
6672562420,186.0575,210.4821,-99
6672595753,186.4967,207.6358,-99
6672629086,186.4083,207.0175,-99
6672662419,186.5676,206.2848,-99
6672695752,186.4835,206.3477,-99
6672729085,187.8356,204.2338,-99
6672762418,187.7748,203.8596,-99
6672795751,188.0747,204.6187,-99
6672829084,189.1541,204.0261,-99
6672862417,190.0891,202.5371,-99
6672895750,189.2892,201.3132,-99
6672929083,187.9235,199.7625,-99
6672962416,187.2714,198.6929,-99
6672995749,186.4541,196.5748,-99
6673029082,186.0845,195.0169,-99
6673062415,186.3065,192.1263,-99
6673095748,189.2355,189.4197,-99
6673129081,191.9073,187.7241,-99
6673162414,195.0876,185.2381,-99
6673195747,196.764,184.1449,-99
6673229080,199.9297,182.562,-99
6673262413,202.4916,180.0791,-99
6673295746,205.4004,178.0383,-99
6673329079,207.5605,176,-99
6673362412,210.1002,172.4877,-99
6673395745,210.6768,170.0985,-99
6673429078,210.4833,169.5583,-99
6673462411,210.8509,166.868,-99
6673495744,211.5955,166.0169,-99
6673529077,211.1208,162.8599,-99
6673562410,212.5573,161.672,-99
6673595743,214.3205,158.6603,-99
6673629076,217.4885,156.4759,-99
6673662409,219.0375,153.7947,-99
6673695742,222.261,150.2088,-99
6673729075,223.3243,148.1007,-99
6673762408,226.5194,146.3,-99
6673795741,230.1492,144.0075,-99
6673829074,233.0135,142.2412,-99
6673862407,235.8209,139.4093,-99
6673895740,238.5447,137.4579,-99
6673929073,241.3634,134.4836,-99
6673962406,243.9525,130.4776,-99
6673995739,245.7507,127.5389,-99
6674029072,246.925,125.3875,-99
6674062405,246.683,121.7125,-99
6674095738,246.3671,119.5462,-99
6674129071,244.8547,117.8325,-99
6674162404,243.0382,116.8824,-99
6674195737,242.635,113.9049,-99
6674229070,245.4308,112.1964,-99
6674262403,246.9942,110.474,-99
6674295736,249.1785,109.0345,-99
6674329069,251.2723,108.8322,-99
6674362402,253.9633,108.8877,-99
6674395735,257.4027,108.5414,-99
6674429068,260.3579,108.7696,-99
6674462401,263.7093,107.9546,-99
6674495734,267.4066,107.0292,-99
6674529067,269.7343,105.203,-99
6674562400,272.1485,104.4664,-99
6674595733,274.8923,103.6885,-99
6674629066,277.0664,103.0354,-99
6674661477,279.7837,102.3298,-99
6674694810,282.6795,103.0833,-99
6674728143,285.6578,103.8504,-99
6674761476,288.8062,104.8619,-99
6674794809,291.2599,106.3071,-99
6674828142,294.2088,107.453,-99
6674861475,297.7872,107.7408,-99
6674894808,301.1851,108.6601,-99
6674928141,304.0577,109.2735,-99
6674961474,306.7354,110.4989,-99
6674994807,309.7614,110.7656,-99
6675028140,312.4929,110.9308,-99
6675061473,313.1418,110.393,-99
6675094806,314.7115,109.4179,-99
6675128139,316.5569,108.8081,-99
6675161472,317.1895,107.9496,-99
6675194805,318.9259,107.8472,-99
6675228138,321.7448,106.9752,-99
6675261471,324.3934,106.7031,-99
6675294804,326.8352,106.8544,-99
6675328137,329.4648,107.6777,-99
6675361470,331.4088,108.4316,-99
6675394803,334.8716,108.3055,-99
6675428136,337.5251,108.5252,-99
6675461469,339.9462,108.8495,-99
6675494802,342.5324,109.1366,-99
6675528135,345.2168,109.314,-99
6675561468,345.9207,108.7015,-99
6675594801,347.4733,107.5916,-99
6675628134,349.2208,104.6345,-99
6675661467,351.2657,104.0171,-99
6675694800,352.6593,101.1446,-99
6675728133,353.0599,100.3161,-99
6675761466,355.6,99.18948,-99
6675794799,359.1469,98.92831,-99
6675828132,361.7828,99.70255,-99
6675861465,365.3091,99.90945,-99
6675894798,368.1326,101.4391,-99
6675928131,372.0485,102.3002,-99
6675961464,374.6262,102.881,-99
6675994797,376.0959,103.919,-99
6676028130,378.831,104.0954,-99
6676061463,380.3446,104.8626,-99
6676094796,381.751,105.4897,-99
6676128129,384.7315,106.1148,-99
6676161462,386.6767,108.9375,-99
6676194795,390.4491,111.6407,-99
6676228128,393.5324,115.2573,-99
6676261461,397.0167,117.1294,-99
6676294794,398.99,119.1145,-99
6676323955,403.0948,120.9652,-99
6676357288,406.1382,122.9635,-99
6676390621,410.0429,124.1789,-99
6676423954,413.5571,126.0865,-99
6676457287,415.2811,128.6695,-99
6676490620,417.4804,131.0477,-99
6676523953,419.1635,133.9684,-99
6676557286,420.0748,137.1642,-99
6676590619,422.4606,140.5,-99
6676623952,425.9737,143.2045,-99
6676657285,427.9162,144.6213,-99
6676690618,429.991,144.7756,-99
6676723951,431.2776,145.2121,-99
6676757284,432.5857,145.3089,-99
6676790617,434.1538,146.4241,-99
6676823950,433.8204,147.969,-99
6676857283,433.9755,150.392,-99
6676890616,433.1459,153.6172,-99
6676923949,432.088,157.0905,-99
6676957282,431.0204,160.05,-99
6676990615,429.9978,162.0131,-99
6677023948,429.4658,164.0839,-99
6677057281,430.9859,165.5647,-99
6677090614,434.4758,169.0154,-99
6677123947,437.7478,171.4456,-99
6677157280,441.8028,173.7072,-99
6677190613,444.6641,174.9551,-99
6677223946,447.3617,174.7722,-99
6677257279,450.7358,174.9326,-99
6677290612,452.1914,175.5117,-99
6677323945,453.5567,176.2515,-99
6677357278,456.0414,178.4286,-99
6677390611,456.7414,180.4242,-99
6677423944,459.4833,182.2456,-99
6677457277,462.8893,185.645,-99
6677490610,465.1379,189.1704,-99
6677523943,466.8413,192.6435,-99
6677557276,467.5763,195.1332,-99
6677590609,467.4494,197.8729,-99
6677623942,467.7097,199.7732,-99
6677657275,468.4333,204.4595,-99
6677690608,468.6087,209.0652,-99
6677723941,469.4909,213.5913,-99
6677757274,469.9095,218.7677,-99
6677790607,469.2197,222.9773,-99
6677823940,469.4987,225.1499,-99
6677857273,470.0711,228.2355,-99
6677890606,469.0923,230.3288,-99
6677923939,468.3983,232.1663,-99
6677957272,467.6407,233.1113,-99
6677997794,466.7754,233.9852,-99
6678031127,466.0281,235.9277,-99
6678064460,465.8515,238.9069,-99
6678097793,466.1782,241.3465,-99
6678131126,465.9745,244.8132,-99
6678164459,465.5694,248.0563,-99
6678197792,466.6854,249.7258,-99
6678231125,467.5975,249.9778,-99
6678264458,469.3607,249.959,-99
6678297791,469.6259,252.9238,-99
6678331124,471.2429,253.2429,-99
6678364457,472.0575,253.6284,-99
6678397790,472.6729,253.3854,-99
6678431123,473.2921,253.0426,-99
6678464456,474.6041,253.1018,-99
6678497789,475.3121,254.0144,-99
6678531122,476.4476,255.7762,-99
6678564455,475.9958,258.1529,-99
6678597788,475.7495,260.0642,-99
6678631121,474.1346,261.0932,-99
6678664454,473.3671,261.4949,-99
6678697787,474.1528,261.4301,-99
6678731120,475.2567,260.7216,-99
6678764453,471.1667,256.1482,-99
6678797786,469.8239,255.2746,-99
6678831119,461.6,261.2,-99
6678897785,468.6082,263.2577,-99
6678931118,472.7782,265.9533,-99
6678964451,472.4238,258.1238,-99
6678997784,465.9449,266.8583,-99
6679031117,464.7547,265.3707,-99
6679064450,461.7816,266.279,-99
6679097783,460.3309,266.4759,-99
6679131116,458.1812,266.2481,-99
6679164449,455.856,266.5836,-99
6679197782,455.3867,269.188,-99
6679231115,454.7079,270.0789,-99
6679264448,454.4219,271.3903,-99
6679297781,454.6235,273.4333,-99
6679331114,455.4689,273.9593,-99
6679364447,455.245,278.7616,-99
6679397780,454.5729,282.5769,-99
6679431113,452.7126,283.2776,-99
6679464446,450.8654,286.241,-99
6679497779,448.6172,288.0541,-99
6679531112,450.2818,290.3978,-99
6679564445,451.642,293.9222,-99
6679597778,450.6873,294.7267,-99
6679631111,452.5754,298.1692,-99
6679669992,458.2448,305.9655,-99
6679703325,459.9685,311.3238,-99
6679736658,461.7553,316.6303,-99
6679769991,461.4084,318.6473,-99
6679803324,460.9554,319.7649,-99
6679836657,462.1206,321.8051,-99
6679869990,462.209,324.834,-99
6679903323,461.3063,326.9279,-99
6679936656,459.6106,327.1175,-99
6679969989,458.0192,327.8389,-99
6680003322,456.5896,330.6727,-99
6680036655,454.7811,332.8532,-99
6680069988,453.1035,335.5404,-99
6680103321,451.2617,338.743,-99
6680136654,448.8143,341.8939,-99
6680169987,445.628,346.068,-99
6680203320,441.7484,350.833,-99
6680236653,438.7604,353.8832,-99
6680269986,435.3063,356.181,-99
6680303319,431.3791,362.7131,-99
6680336652,424.6134,364.3333,-99
6680369985,423.2277,370.4277,-99
6680403318,419.8712,372.7811,-99
6680436651,416.7884,374.7665,-99
6680469984,412.7957,375.6425,-99
6680503317,410.995,377.1053,-99
6680536650,405.774,376.2675,-99
6680569983,405.4235,377.6549,-99
6680603316,399.5604,381.4359,-99
6680636649,394.8848,385.1208,-99
6680669982,389.3094,389.3069,-99
6680703315,386.1053,391.75,-99
6680736648,382.0247,392.7917,-99
6680769981,379.1039,394.3406,-99
6680803314,376.1955,394.83,-99
6680836647,374.0848,395.6287,-99
6680869980,372.5836,396.4504,-99
6680903313,370.5153,398,-99
6680936646,369.8591,398.7818,-99
6680969979,366.9439,400.9082,-99
6681003312,365.7573,399.525,-99
6681036645,362.3087,401.7701,-99
6681069978,359.3034,403.488,-99
6681103311,356.8409,405.201,-99
6681136644,354.1622,408.4775,-99
6681169977,349.9333,408.8173,-99
6681203310,350.3421,408.3589,-99
6681236643,353.1526,408.3947,-99
6681269976,350.8277,406.4733,-99
6681303309,348.9443,407.4849,-99
6681336642,345.8371,407,-99
6681369975,344.5468,406.2505,-99
6681403308,340.7929,405.4209,-99
6681436641,338.2652,404.0337,-99
6681469974,334.9544,405.9225,-99
6681503307,329.7764,406.6443,-99
6681536640,324.9034,408.9885,-99
6681569973,323.8436,406.3181,-99
6681603306,322.6566,404.5416,-99
6681636639,320.5204,402.3357,-99
6681669972,317.648,399.3345,-99
6681703305,315.8479,395.6273,-99
6681736638,313.8352,391.3554,-99
6681769971,314.5093,388.9496,-99
6681803304,312.5029,390.5526,-99
6681836637,311.6913,390.4052,-99
6681869970,313.5173,387.6188,-99
6681903303,312.6828,387.0609,-99
6681936636,312.6774,388.1443,-99
6681969969,309.8912,390.6255,-99
6682003302,307.4922,391.8078,-99
6682036635,304.6607,393.7534,-99
6682069968,301.8796,395.5,-99
6682103301,298.8257,397.5089,-99
6682136634,296.3442,399.7058,-99
6682169967,294.2081,402.5737,-99
6682203300,292.6302,405.081,-99
6682236633,289.7016,406.6014,-99
6682269966,284.0349,406.5853,-99
6682303299,279.1161,407.0757,-99
6682336632,276.5146,407.1463,-99
6682369965,272.8356,406.3391,-99
6682403298,270.1475,404.0475,-99
6682436631,268.3388,402.0366,-99
6682469964,264.3759,399.3367,-99
6682503297,260.1942,395.9915,-99
6682536630,256.0135,393.621,-99
6682569963,253.3304,391.4763,-99
6682603296,249.7788,388.7523,-99
6682636629,247.3357,385.1599,-99
6682669962,244.536,381.5522,-99
6682703295,240.9758,377.2593,-99
6682736628,237.8972,373.8568,-99
6682769961,235.1239,370.3739,-99
6682803294,232.1696,366.3196,-99
6682836627,228.1964,362.7443,-99
6682869960,226.0822,359.2933,-99
6682903293,223.7962,358.8033,-99
6682936626,222.4421,358.5177,-99
6682969959,218.9731,357.7531,-99
6683005620,216.9745,357.2831,-99
6683038953,212.6753,356.1169,-99
6683072286,210.1559,353.9424,-99
6683105619,205.7562,352.867,-99
6683138952,204.1646,351.1769,-99
6683172285,201.5874,350.6626,-99
6683205618,198.7882,350.5493,-99
6683238951,196.2537,351.8483,-99
6683272284,195.0398,352.699,-99
6683305617,193,352.6953,-99
6683338950,190.7068,350.3985,-99
6683372283,190.8028,350.3984,-99
6683405616,189.8642,345.7165,-99
6683438949,191.4416,341.5866,-99
6683472282,193.0067,335.5565,-99
6683505615,192.2951,329.6107,-99
6683538948,194.9106,323.4736,-99
6683572281,198.794,319.832,-99
6683605614,201.2046,319.8345,-99
6683638947,200.7744,318.805,-99
6683672280,200.2663,317.2325,-99
6683705613,199.9215,313.4665,-99
6683738946,198.237,308.0956,-99
6683772279,197.4024,304.3294,-99
6683805612,197.0112,301.2152,-99
6683838945,196.8811,298.9417,-99
6683872278,195.3846,295.8765,-99
6683905611,193.3787,292.7426,-99
6683938944,191.6683,291.0467,-99
6683972277,187.7262,288.406,-99
6684005610,184.4541,286.8358,-99
6684038943,180.6163,285.5282,-99
6684072276,177.5973,285.9562,-99
6684105609,174.4401,283.0781,-99
6684138942,172.7164,279.5736,-99
6684172275,171.3442,275.0183,-99
6684205608,171.2172,274.0107,-99
6684238941,171.3956,271.2107,-99
6684272274,171.7469,268.6862,-99
6684305607,170.0723,266.8072,-99
6684338940,170.0892,265.8622,-99
6684372273,169.3887,262.0154,-99
6684405606,169.2341,260.5607,-99
6684438939,169.0203,259.4029,-99
6684472272,169.8868,258.8194,-99
6684505605,170.096,259.0587,-99
6684538938,171.3377,258.3905,-99
6684572271,169.9373,256.6752,-99
6684605604,170.832,257.0367,-99
6684638937,171.9302,257.1621,-99
6684677818,171.7514,256.0801,-99
6684711151,172.5672,255.1463,-99
6684744484,173.0353,252.4967,-99
6684777817,173.8153,251.4248,-99
6684811150,173.7321,251.061,-99
6684844483,173.4465,251.8564,-99
6684877816,171.5455,252.8156,-99
6684911149,170.005,253.8346,-99
6684944482,167.901,254.3438,-99
6684977815,166.4963,254.8924,-99
6685011148,165.4461,254.674,-99
6685044481,164.4489,254.7957,-99
6685077814,165.4269,255.2264,-99
6685111147,166.1049,253.5431,-99
6685144480,167.0268,251.8445,-99
6685177813,168.7461,249.8482,-99
6685211146,170.0633,248.0897,-99
6685244479,173.2125,246.1117,-99
6685277812,175.241,245.1769,-99
6685311145,176.7062,244.8616,-99
6685344478,176.9786,242.4545,-99
6685377811,179.1586,241.6909,-99
6685411144,180.3963,240.8431,-99
6685444477,180.4062,237.423,-99
6685477810,183.6511,235.3366,-99
6685511143,184.754,232.2513,-99
6685544476,186.1024,227.8005,-99
6685577809,188.3002,223.4864,-99
6685611142,189.9633,218.9878,-99
6685644475,190.8354,215.0648,-99
6685677808,191.2995,210.9703,-99
6685711141,190.7883,207.4872,-99
6685744474,190.4113,204.8145,-99
6685777807,189.4176,200.5824,-99
6685811140,189.2006,197.7768,-99
6685844473,190.1425,196.6732,-99
6685877806,190.7578,193.3698,-99
6685911139,191.1649,189.3324,-99
6685944472,193.1553,185.267,-99
6685977805,194.8428,181.9485,-99
6686011138,195.8167,181.221,-99
6686044471,195.726,176.6864,-99
6686077804,197.153,175.571,-99
6686111137,196.8571,173.48,-99
6686144470,197.5073,172.7493,-99
6686177803,200.3333,169.9312,-99
6686211136,202.8113,168.5943,-99
6686244469,205.2919,166.0248,-99
6686277802,208.3978,164.3326,-99
6686311135,210.5534,161.9338,-99
6686344468,214.0622,160.36,-99
6686377801,214.6399,158.3653,-99
6686411134,216.9031,154.5995,-99
6686444467,219.992,151.7048,-99
6686477800,222.8459,150.2376,-99
6686511133,225.2867,145.9301,-99
6686544466,228.1485,145.5491,-99
6686577799,231.2028,142.8656,-99
6686611132,234.6586,142.3145,-99
6686644465,237.6731,138.3535,-99
6686677798,240.4164,137.2356,-99
6686711131,243.1253,135.953,-99
6686744464,243.9143,133.7766,-99
6686777797,245.4239,132.7157,-99
6686811130,246.487,129.8588,-99
6686844463,247.2561,129.1537,-99
6686877796,249.3619,126.8714,-99
6686911129,252.9899,126.1822,-99
6686944462,255.5048,126.2849,-99
6686977795,259.1721,125.4971,-99
6687011128,262.9727,124.8752,-99
6687044461,265.8434,124.1749,-99
6687077794,269.9392,123.7495,-99
6687111127,273.4415,123.3072,-99
6687144460,276.4726,121.9829,-99
6687177793,279.1127,120.9417,-99
6687211126,282.0741,120.5207,-99
6687244459,284.9212,119.1743,-99
6687277792,290.2201,118.2027,-99
6687311125,292.3415,117.3614,-99
6687344458,296.2257,116.4466,-99
6687377791,302.7627,115.6126,-99
6687411124,308.2708,115.9765,-99
6687444457,311.0595,115.5793,-99
6687477790,312.5158,114.5868,-99
6687511123,314.3112,112.0285,-99
6687544456,316.4353,111.4764,-99
6687577789,318.1532,108.5907,-99
6687611122,320.1374,108.1248,-99
6687644455,322.14,107.6273,-99
6687677788,324.1087,108.4664,-99
6687711121,325.6807,110.4289,-99
6687744454,330.5042,110.592,-99
6687777787,332.7545,112.4682,-99
6687811120,335.119,112.9264,-99
6687844453,338.0192,113.4146,-99
6687877786,341.1159,112.8617,-99
6687911119,344.7364,112.4181,-99
6687944452,349.0341,112.6736,-99
6687977785,353.0131,113.6835,-99
6688013447,354.2122,113.9143,-99
6688046780,358.2156,114.7862,-99
6688080113,360.4675,117.2437,-99
6688113446,364.2092,119.7394,-99
6688146779,366.8602,122.2471,-99
6688180112,369.8018,124.6159,-99
6688213445,371.3527,124.9381,-99
6688246778,373.396,126.0219,-99
6688280111,374.9936,125.6023,-99
6688313444,376.9753,125.9576,-99
6688346777,378.7459,126.4296,-99
6688380110,380.3979,127.8063,-99
6688413443,383.0064,130.1285,-99
6688446776,385.8285,131.1674,-99
6688480109,387.6922,132.395,-99
6688513442,391.5392,133.2404,-99
6688546775,394.8136,134.6039,-99
6688580108,397.7152,135.8502,-99
6688613441,400.7626,136.1415,-99
6688646774,402.0417,136.5319,-99
6688680107,404.9002,136.8304,-99
6688713440,407.8152,138.2004,-99
6688746773,410.2437,140.3167,-99
6688780106,412.4447,141.3173,-99
6688813439,414.2733,143.3267,-99
6688846772,417.4162,144.14,-99
6688880105,419.1272,145.6027,-99
6688913438,420.3691,147.1738,-99
6688946771,422.0183,147.5732,-99
6688980104,424.2075,148.9344,-99
6689013437,424.008,149.2395,-99
6689046770,424.7129,148.8208,-99
6689080103,425.4689,148.5198,-99
6689113436,426.5217,148.2482,-99
6689146769,427.8496,148.5525,-99
6689180102,429.3548,148.4007,-99
6689213435,430.7124,148.6523,-99
6689246768,431.9534,148.6093,-99
6689280101,433.3009,149.3468,-99
6689313434,435.6335,151.4431,-99
6689346767,435.6357,152.0601,-99
6689380100,435.477,152.9759,-99
6689413433,435.2148,152.9189,-99
6689446766,435.1579,154.1453,-99
6689480099,437.024,153.2123,-99
6689513432,438.2481,153.062,-99
6689546765,439.4,153.006,-99
6689580098,441.222,154.305,-99
6689613431,443.2618,155.734,-99
6689646764,444.169,157.8289,-99
6689680097,444.7406,158.7095,-99
6689713430,445.5103,160.2197,-99
6689746763,447.1342,162.1122,-99
6689780096,449.8223,164.9469,-99
6689813429,451.8662,167.0096,-99
6689846762,454.9222,173.4294,-99
6689880095,454.4493,177.4538,-99
6689913428,455.8786,181.7,-99
6689946761,457.1376,186.7737,-99
6689980094,455.0613,191.7239,-99
6690013427,454.7972,184.533,-99
6690046760,454.6408,187.9029,-99
6690080093,456.0723,197.6265,-99
6690113426,457.237,202.2482,-99
6690146759,462.2039,201.3553,-99
6690180092,472.2941,212.0294,-99
6690213425,459.419,212.6095,-99
6690246758,467.1829,218.7439,-99
6690280091,471.8674,223.779,-99
6690313424,467.241,232.277,-99
6690346757,467.1006,233.6201,-99
6690380090,467.4205,236.3392,-99
6690413423,467.4917,238.9502,-99
6690446756,468.486,241.3868,-99
6690480089,470.2578,243.1615,-99
6690513422,468.8235,245.4613,-99
6690546755,468.8935,248.4399,-99
6690580088,470.5,252.3642,-99
6690613421,470.7455,254.724,-99
6690646754,473.2299,257.1952,-99
6690680087,474.6215,259.1752,-99
6690713420,475.0892,260.1602,-99
6690746753,472.517,262.0731,-99
6690780086,472.8155,266.6311,-99
6690813419,473.0569,270.6696,-99
6690846752,472.6175,274.9017,-99
6690880085,471.9571,277.851,-99
6690913418,470.6357,284.1622,-99
6690946751,470.6188,288.9217,-99
6690980084,470.6366,293.0667,-99
6691013417,468.571,296.2922,-99
6691046750,466.454,298.6006,-99
6691080083,466.155,300.9782,-99
6691113416,466.0573,303.616,-99
6691146749,466.3977,305.4092,-99
6691180082,465.5747,308.366,-99
6691213415,465.7774,308.6364,-99
6691246748,463.0912,313.35,-99
6691280081,458.4801,316.8621,-99
6691313414,457.202,320.4335,-99
6691346513,456.389,323.3824,-99
6691379846,455.1565,325.136,-99
6691413179,454.2932,327.5288,-99
6691446512,455.6676,328.4566,-99
6691479845,454.5129,332.5874,-99
6691513178,453.2617,336.7734,-99
6691546511,450.0194,341.3023,-99
6691579844,444.0968,347.3097,-99
6691613177,441.8298,351.6885,-99
6691646510,440.9195,354.9792,-99
6691679843,438.7191,357.6031,-99
6691713176,435.9801,360.3778,-99
6691746509,434.3095,362.9206,-99
6691779842,434.5903,362.8109,-99
6691813175,431.2167,366.0031,-99
6691846508,427.3385,365.8416,-99
6691879841,419.8825,368.3016,-99
6691913174,418.798,369.1895,-99
6691946507,415.6992,370.5244,-99
6691979840,414.7062,372,-99
6692013173,412.5361,374.5077,-99
6692046506,412.4028,376.575,-99
6692079839,412.034,380.0476,-99
6692113172,411.0139,384.7583,-99
6692146505,406.6688,384.6752,-99
6692179838,408.1275,385.3797,-99
6692213171,404.4764,389.6288,-99
6692246504,397.8386,392.6031,-99
6692279837,392.955,395.002,-99
6692313170,389.3219,395.1498,-99
6692346503,385.1133,394.6425,-99
6692379836,381.7187,395.6021,-99
6692413169,378.5017,395.744,-99
6692446502,375.4377,396.4432,-99
6692479835,370.7337,396.7513,-99
6692513168,367.2188,396.8403,-99
6692546501,363.731,396.6879,-99
6692579834,361.247,396.8518,-99
6692613167,360.1468,398.1292,-99
6692646500,358.619,399.1524,-99
6692679833,359.1014,401.2429,-99
6692713166,356.9644,402.9743,-99
6692746499,354.1864,405.0305,-99
6692779832,352.8373,405.3476,-99
6692813165,351.4892,405.0306,-99
6692846498,349.063,405.5701,-99
6692879831,346.6555,405.6741,-99
6692913164,343.6799,405.4503,-99
6692946497,340.6844,405.8765,-99
6692979830,337.1651,407.3978,-99
6693015491,335.5381,408.0177,-99
6693048824,333.4207,408.8298,-99
6693082157,330.8626,410.1641,-99
6693115490,328.0799,411.0874,-99
6693148823,324.4135,411.6046,-99
6693182156,320.2006,412.0482,-99
6693215489,316.7633,411.8696,-99
6693248822,313.5516,411.3232,-99
6693282155,310.5263,410.8701,-99
6693315488,309.161,411.1848,-99
6693348821,308.419,411.2862,-99
6693382154,307.5296,411.7474,-99
6693415487,306.1389,413.0823,-99
6693448820,304.5921,413.5508,-99
6693482153,302.0658,414.2056,-99
6693515486,301.4587,414.745,-99
6693548819,299.6133,415.0971,-99
6693582152,296.8503,415.2619,-99
6693615485,294.773,414.6497,-99
6693648818,292.5572,413.4428,-99
6693682151,288.7157,413.2673,-99
6693715484,285.6976,411.189,-99
6693748817,282.8593,407.6729,-99
6693782150,279.7496,405.5867,-99
6693815483,277.3023,403.0065,-99
6693848816,274.8082,401.3202,-99
6693882149,274.0367,401.3002,-99
6693915482,271.1461,400.7236,-99
6693948815,268.817,400.0741,-99
6693982148,265.7373,399.4989,-99
6694015481,263.7077,397.9209,-99
6694048814,260.8556,396.9955,-99
6694082147,257.5261,394.4932,-99
6694115480,254.9706,392.8679,-99
6694148813,253.8926,392.1758,-99
6694182146,252.4477,391.5368,-99
6694215479,250.0664,390.277,-99
6694248812,247.6881,389.0713,-99
6694282145,246.104,387.9185,-99
6694315478,243.7243,385.248,-99
6694348811,241.2367,382.24,-99
6694382144,238.5493,378.6431,-99
6694415477,237.5883,376.8893,-99
6694448810,236.4037,375.1904,-99
6694482143,233.58,373.9523,-99
6694515476,230.5855,372.0468,-99
6694548809,228.3477,371.2854,-99
6694582142,225.8299,371.0431,-99
6694615475,223.5354,371.401,-99
6694648808,222.2609,369.8456,-99
6694682141,221.0923,368.8841,-99
6694715474,221.4207,367.9614,-99
6694748807,222.0969,367.6046,-99
6694782140,220.6443,367.3162,-99
6694815473,220.1306,366.8993,-99
6694848806,220.9909,368.2636,-99
6694882139,220.5,369.0753,-99
6694915472,221.78,367.8386,-99
6694948805,220.3049,367.6293,-99
6694982138,219.867,367.0879,-99
6695015471,218.6087,366.7025,-99
6695048804,216.662,366.0723,-99
6695082137,215.5076,364.1035,-99
6695115470,214.0525,362.6301,-99
6695148803,213.2401,361.0303,-99
6695182136,210.3675,358.8,-99
6695215469,208.6667,358.1749,-99
6695248802,206.9905,355.1111,-99
6695282135,204.6122,352.2944,-99
6695315468,201.2944,349.8995,-99
6695348801,199.9022,346.2665,-99
6695382134,197.2054,342.3276,-99
6695415467,195.054,338.8526,-99
6695448800,192.7096,336.1844,-99
6695482133,190.198,334.0476,-99
6695515466,188.376,332.5806,-99
6695548799,186.3366,329.7322,-99
6695582132,185.3475,325.6794,-99
6695615465,184.8777,321.9487,-99
6695648798,184.7282,319.4295,-99
6695682131,184.5075,316.0731,-99
6695715464,183.9108,313.0637,-99
6695748797,183.154,311.4695,-99
6695782130,181.3077,310.1935,-99
6695815463,179.6727,306.6753,-99
6695848796,178.6882,305.4919,-99
6695882129,178.6338,302.5403,-99
6695915462,177.3029,300.0104,-99
6695948795,177.7409,298.2664,-99
6695982128,177.3151,294.4896,-99
6696015461,177.4194,289.9156,-99
6696048794,176.9076,284.808,-99
6696082127,176.0161,280.9563,-99
6696115460,174.8909,277.9822,-99
6696148793,173.9767,275.4569,-99
6696182126,172.6524,274.3583,-99
6696215459,171.8016,274.3727,-99
6696248792,169.853,271.1614,-99
6696282125,170.0245,270.2398,-99
6696315458,170.7388,265.2682,-99
6696354339,171.205,261.3787,-99
6696387672,172.2961,257.8262,-99
6696421005,173.811,254.0681,-99
6696454338,175.3901,252.4004,-99
6696487671,176.2029,250.3765,-99
6696521004,174.8956,248.6031,-99
6696554337,174.9542,245.3127,-99
6696587670,175.6577,242.1617,-99
6696621003,175.4506,239.6204,-99
6696654336,177.7244,238.0199,-99
6696687669,178.9185,236.0568,-99
6696721002,179.0532,235.081,-99
6696754335,179.9338,235.0611,-99
6696787668,179.3683,233.8159,-99
6696821001,180.9505,233.8672,-99
6696854334,181.7912,229.3268,-99
6696887667,184.0567,227.1744,-99
6696921000,185.3961,224.1049,-99
6696954333,183.8156,221.4496,-99
6696987666,184.244,218.3687,-99
6697020999,184.7949,216.1308,-99
6697054332,184.2134,211.6555,-99
6697087665,183.7376,208.8119,-99
6697120998,184.6617,206.8607,-99
6697154331,185.2348,205.4669,-99
6697187664,184.546,201.8719,-99
6697220997,185.7527,201.0771,-99
6697254330,185.3588,196.9633,-99
6697287663,187.1409,193.9862,-99
6697320996,189.5512,191.6168,-99
6697354329,191.7112,189.624,-99
6697387662,192.8822,185.3041,-99
6697420995,194.4032,181.7124,-99
6697454328,196.034,179.449,-99
6697487661,196.1474,176.874,-99
6697520994,195.7772,173.2368,-99
6697554327,195.9975,170.4113,-99
6697587660,195.1763,168.0529,-99
6697620993,193.7574,165.531,-99
6697654326,195.2435,162.6918,-99
6697687659,197.0536,159.2704,-99
6697720992,199.1255,155.3866,-99
6697754325,201.4416,152.5564,-99
6697787658,205.3796,150.949,-99
6697820991,208.7565,148.3872,-99
6697854324,211.894,146.7688,-99
6697887657,215.0043,143.8225,-99
6697920990,217.8539,143.1735,-99
6697954323,221.0379,140.5403,-99
6697987656,223.2913,138.2729,-99
6698023286,225.4624,136.7168,-99
6698056619,228.8786,134.0775,-99
6698089952,231.0623,132.9351,-99
6698123285,234.2969,129.8571,-99
6698156618,236.5662,129.547,-99
6698189951,238.4855,128.3163,-99
6698223284,240.6708,126.1056,-99
6698256617,242.7275,125.721,-99
6698289950,245.5828,123.6687,-99
6698323283,249.1796,122.6333,-99
6698356616,253.3611,121.2222,-99
6698389949,256.2959,120.7245,-99
6698423282,257.2025,118.121,-99
6698456615,261.0524,117.9162,-99
6698489948,264.1188,114.6342,-99
6698523281,265.5161,113.9753,-99
6698556614,266.1517,113.072,-99
6698589947,265.4693,112.728,-99
6698623280,265.4052,110.5012,-99
6698656613,266.4554,109.302,-99
6698689946,269.2038,108.051,-99
6698723279,271.5641,106.5598,-99
6698756612,274.4662,105.589,-99
6698789945,277.3729,105.3183,-99
6698823278,280.6206,105.4082,-99
6698856611,284.458,104.8931,-99
6698889944,288.3204,104.2204,-99
6698923277,291.3541,103.3777,-99
6698956610,296.2419,102.6398,-99
6698989943,299.3524,102.9352,-99
6699023276,302.4359,102.6575,-99
6699056609,304.2263,103.6925,-99
6699089942,306.4155,104.8961,-99
6699123275,309.7572,106.7037,-99
6699156608,312.9443,108.3658,-99
6699189941,315.9753,110.3299,-99
6699223274,320.9508,110.7894,-99
6699256607,325.1907,111.0178,-99
6699289940,326.5655,111.4033,-99
6699323273,327.7424,111.103,-99
6699356606,327.9179,111.2338,-99
6699389939,328.5739,111.4064,-99
6699423272,329.4393,109.4369,-99
6699456605,330.4401,108.4034,-99
6699489938,331.7185,107.3753,-99
6699523271,332.7773,104.8281,-99
6699556604,334.0327,104.4484,-99
6699589937,337.114,103.7741,-99
6699623270,339.3784,102.9366,-99
6699656603,341.1006,101.731,-99
6699689936,344.3333,101.2344,-99
6699723269,346.6974,101.4022,-99
6699756602,348.1069,103.271,-99
6699789935,348.8998,103.7976,-99
6699823268,351.5814,104.2683,-99
6699856601,353.9583,105.3461,-99
6699889934,355.6938,105.7301,-99
6699923267,357.2011,105.9886,-99
6699956600,357.9653,105.6367,-99
6699989933,358.444,106.518,-99
6700023266,359.0851,107.0062,-99
6700056599,359.2455,108.5669,-99
6700089932,357.7742,108.4086,-99
6700123265,357.0548,108.346,-99
6700156598,356.7089,107.9842,-99
6700189931,356.3573,106.2987,-99
6700223264,356.1567,105.9175,-99
6700256597,358.211,104.5304,-99
6700289930,359.3513,103.3856,-99
6700323263,359.0022,103.2339,-99
6700356596,359.3904,101.8048,-99
6700389929,360.8637,100.3795,-99
6700423262,362.0063,99.98956,-99
6700456595,362.1451,98.94785,-99
6700489928,363.4165,97.611,-99
6700523261,364.9158,96.731,-99
6700556594,364.666,96.47971,-99
6700589927,364.2423,96.29774,-99
6700623260,363.8619,94.64286,-99
6700656593,365.1036,93.26988,-99
6700689926,364.9227,92.48309,-99
6700723259,364.1167,92.05836,-99
6700756592,362.6733,92.39773,-99
6700789925,362.0649,89.26234,-99
6700823258,360.5153,88.09439,-99
6700856591,357.5203,81.71599,-99
6700889924,359.0274,84.50497,-99
6700923257,356.0072,78.77053,-99
6700956590,355.1867,76.6266,-99
6700989923,353.9027,73.4973,-99
6701023256,352.107,69.18984,-99
6701056589,350.7742,67.44575,-99
6701089922,351.6275,64.69978,-99
6701123255,350.7543,63.94404,-99
6701156588,349.5537,62.58878,-99
6701189921,348.3341,60.307,-99
6701223254,347.7385,59.72881,-99
6701256587,347.1071,59.918,-99
6701289920,346.5201,59.86432,-99
6701323253,346.1142,59.53147,-99
6701355664,345.4697,58.93258,-99
6701388997,345.3632,58.42453,-99
6701422330,344.9189,57.625,-99
6701455663,342.9224,57.82824,-99
6701488996,341.7979,57.52756,-99
6701522329,342.5829,57.02133,-99
6701555662,341.9761,57.38277,-99
6701588995,341.5464,57.56186,-99
6701622328,340.9638,58.50139,-99
6701655661,341.8623,58.80441,-99
6701688994,342.5378,59.88379,-99
6701722327,342.848,60.504,-99
6701755660,343.3658,61.28184,-99
6701788993,343.9588,61.2967,-99
6701822326,344.555,61.93456,-99
6701855659,344.4445,62.28042,-99
6701888992,344.25,61.58081,-99
6701922325,345.1035,61.49412,-99
6701955658,344.4333,60.89487,-99
6701988991,344.0641,61.55344,-99
6702022324,344.745,61.12121,-99
6702055657,344.0594,61.41089,-99
6702088990,344.204,61.27363,-99
6702122323,343.7574,61.51471,-99
6702155656,344.1253,61.86445,-99
6702188989,344.6897,61.87586,-99
6702222322,344.5943,62.31368,-99
6702255655,345.4085,62.66917,-99
6702288988,344.9633,63.70171,-99
6702322321,345.0612,64.36968,-99
6702355654,345.2927,64.93767,-99
6702388987,345.8483,66.37532,-99
6702422320,347.5049,67.38971,-99
6702455653,350.2292,70.26201,-99
6702488986,352.2297,72.48842,-99
6702522319,354.1715,76.61247,-99
6702555652,356.0146,80.60976,-99
6702588985,358.4674,85.14186,-99
6702622318,360.9956,89.98891,-99
6702655651,363.8272,95.62419,-99
6702688984,365.3445,100.2756,-99
6702722317,367.4005,105.7143,-99
6702755650,368.5309,110.1802,-99
6702788983,369.2622,113.6041,-99
6702822316,371.5116,116.2361,-99
6702855649,371.7187,118.6901,-99
6702888982,372.1219,120.2844,-99
6702922315,372.8239,121.1217,-99
6702955648,373.1743,123.1327,-99
6702988981,373.0059,125.1365,-99
6703016532,373.2134,127.1206,-99
6703049865,373.4869,128.9382,-99
6703083198,375.606,131.2589,-99
6703116531,378.0865,133.6896,-99
6703149864,380.0643,135.846,-99
6703183197,382.5409,138.7955,-99
6703216530,384.8724,141.1206,-99
6703249863,386.7797,142.2988,-99
6703283196,389.9389,143.8391,-99
6703316529,393.5553,145.3217,-99
6703349862,396.7914,146.4409,-99
6703383195,400.1104,147.8792,-99
6703416528,403.4022,149.0222,-99
6703449861,407.5963,149.7607,-99
6703483194,412.3585,151.2892,-99
6703516527,417.1581,152.4551,-99
6703549860,421.3773,153.6023,-99
6703583193,424.5986,155.0451,-99
6703616526,427.0385,155.2454,-99
6703649859,429.0198,155.6667,-99
6703683192,430.5436,155.4726,-99
6703716525,430.6122,155.3791,-99
6703749858,432.7216,155.7175,-99
6703783191,434.36,157.72,-99
6703816524,437.2692,159.6645,-99
6703849857,440.1956,162.18,-99
6703883190,441.1385,164.3829,-99
6703916523,443.914,164.0774,-99
6703949856,447.0225,166.2209,-99
6703983189,449.4265,167.3481,-99
6704016522,452.131,169.9335,-99
6704049855,455.8758,173.4684,-99
6704083188,456.9566,176.5103,-99
6704116521,458.8141,179.9786,-99
6704149854,460.2879,183.5469,-99
6704183187,461.3692,187.8107,-99
6704216520,463.3464,192.7199,-99
6704249853,464.4842,196.545,-99
6704283186,464.1924,200.5436,-99
6704316519,464.3575,205.2705,-99
6704349852,464.3471,208.9757,-99
6704383185,463.6491,212.2844,-99
6704416518,464.2982,216.8838,-99
6704449851,465.1729,220.7757,-99
6704483184,468.5902,224.7149,-99
6704516517,470.8399,228.8815,-99
6704549850,471.9517,232.1324,-99
6704583183,472.6067,236.1561,-99
6704616516,473.2599,238.9246,-99
6704649849,473.4991,241.153,-99
6704688762,473.9306,243.3623,-99
6704722095,473.5313,246.846,-99
6704755428,474.1291,250.1906,-99
6704788761,474.7678,252.8661,-99
6704822094,474.9795,255.6332,-99
6704855427,474.6808,256.8085,-99
6704888760,475.2776,259.2551,-99
6704922093,474.9855,260.2361,-99
6704955426,476.2219,257.6688,-99
6704988759,475.8993,263.281,-99
6705022092,476.5923,265.5515,-99
6705055425,476.5132,266.0851,-99
6705088758,479.2787,270.0906,-99
6705122091,480.6328,271.4407,-99
6705155424,479.0573,275.9271,-99
6705188757,475.4795,281.9716,-99
6705222090,477.1114,281.618,-99
6705255423,477.2869,283.0236,-99
6705288756,476.5486,285.7451,-99
6705322089,477.228,288.9955,-99
6705355422,477.9315,292.2227,-99
6705388755,477.7026,295.6517,-99
6705422088,477.0837,297.468,-99
6705455421,474.6667,295.6855,-99
6705488754,475.5596,301.7156,-99
6705522087,464.9455,314.4727,-99
6705555420,464.2349,318.302,-99
6705588753,461.2781,318.1006,-99
6705622086,460.0372,318.5372,-99
6705655419,462.4178,312.9867,-99
6705688752,458.4783,318.3913,-99
6705722085,458.168,328.918,-99
6705755418,455.1129,324.7762,-99
6705788751,454.2317,325.1646,-99
6705822084,453.5596,325.7758,-99
6705855417,453.0443,327.3199,-99
6705888750,451.5056,328.7528,-99
6705922083,451.3479,329.6255,-99
6705955416,449.648,331.2291,-99
6705988749,448.2084,333.1759,-99
6706022082,446.4337,335.1064,-99
6706055415,445.016,338.824,-99
6706088748,443.3958,342.5125,-99
6706122081,441.9789,344.2404,-99
6706155414,440.847,347.1059,-99
6706188747,440.1992,349.8293,-99
6706222080,438.785,352.2649,-99
6706255413,437.0862,356.3745,-99
6706288746,435.4307,358.3863,-99
6706322079,432.5577,360.4867,-99
6706357709,429.3993,363.3297,-99
6706391042,426.8961,364.6819,-99
6706424375,427.2897,365.2312,-99
6706457708,422.4618,368.7147,-99
6706491041,418.6583,369.8291,-99
6706524374,416.4279,371.8228,-99
6706557707,413.7609,373.6956,-99
6706591040,411.8467,375.1133,-99
6706624373,410.7754,378.5362,-99
6706657706,409.6601,383.864,-99
6706691039,409.4719,386.2602,-99
6706724372,406.1259,388.114,-99
6706757705,402.1241,388.5728,-99
6706791038,398.807,391.3889,-99
6706824371,394.215,390.4334,-99
6706857704,391.3128,391.5114,-99
6706891037,389.7129,393.5589,-99
6706924370,387.7032,394.5881,-99
6706957703,384.2629,397.0558,-99
6706991036,383.73,399.3391,-99
6707024369,385.6605,401.8462,-99
6707057702,382.3015,404.4447,-99
6707091035,380.1297,404.9352,-99
6707124368,378.1507,405.364,-99
6707157701,378.0993,405.0804,-99
6707191034,374.995,405.0126,-99
6707224367,370.2488,404.9302,-99
6707257700,367.2549,403.8144,-99
6707291033,362.7835,401.9623,-99
6707324366,358.7814,399.1613,-99
6707357699,357.6956,398.6281,-99
6707391032,358.2827,399.7816,-99
6707424365,356.7574,401.2311,-99
6707457698,355.1432,402.5983,-99
6707491031,351.0212,403.3507,-99
6707524364,348.6129,403.8292,-99
6707557697,344.0843,404.3541,-99
6707591030,341.1182,404.7517,-99
6707624363,337.2993,404.7401,-99
6707657696,335.9538,405.1329,-99
6707691029,333.0367,407.2915,-99
6707724362,331.7112,409.9978,-99
6707757695,330.3668,412.7523,-99
6707791028,326.5453,415.0494,-99
6707824361,322.0981,418.2921,-99
6707857694,314.2437,424.2545,-99
6707891027,318.0208,421.9112,-99
6707924360,322.5149,418.9892,-99
6707957693,320.1287,422.963,-99
6707991026,319.2672,423.4743,-99
6708024359,318.1463,424.7544,-99
6708057692,317.9769,425.5676,-99
6708091025,318.0953,425.3482,-99
6708124358,319.2567,423.9358,-99
6708157691,321.0545,422.2393,-99
6708191024,321.267,421.4836,-99
6708224357,320.9337,420.3899,-99
6708257690,321.6412,418.0745,-99
6708291023,321.0453,415.9267,-99
6708324356,318.1047,414.4468,-99
6708357689,320.0754,410.25,-99
6708391022,320.9978,405.9523,-99
6708424355,318.9002,403.0511,-99
6708457688,320.5833,402.227,-99
6708491021,320.44,399.8047,-99
6708524354,320.5782,396.644,-99
6708557687,319.5041,395.0661,-99
6708591020,317.434,394.9224,-99
6708624353,315.6816,395.8355,-99
6708657686,314.9458,397.6486,-99
6708691019,313.3638,399.7638,-99
6708724352,312.9915,402.3723,-99
6708757685,311.8798,405.7695,-99
6708791018,311.4515,409.396,-99
6708824351,311.364,412.6712,-99
6708857684,311.9639,415.6225,-99
6708891017,313.2337,418.0427,-99
6708924350,311.8268,420.1447,-99
6708957683,308.0664,419.8975,-99
6708991016,305.5463,419.9256,-99
6709024349,302.6136,419.7815,-99
6709057682,299.0326,418.7924,-99
6709091015,296.315,417.515,-99
6709124348,293.7857,416.5375,-99
6709157681,292.0253,415.2473,-99
6709191014,290.0603,413.2163,-99
6709224347,287.5081,411.737,-99
6709257680,285.5102,409.2517,-99
6709291013,281.7598,407.3646,-99
6709324346,280.3773,405.3448,-99
6709357679,278.8706,403.498,-99
6709391012,279.2065,402.3217,-99
6709424345,276.9274,400.9274,-99
6709457678,276.2611,399.5198,-99
6709491011,273.7873,398.1118,-99
6709524344,271.2057,397.6039,-99
6709557677,270.9089,397,-99
6709591010,268.6581,396.4192,-99
6709624343,266.8678,396.2188,-99
6709657676,262.6837,392.6764,-99
6709699807,259.6608,391.8655,-99
6709733140,257.9955,391.6027,-99
6709766473,254.4716,390.0095,-99
6709799806,251.8506,387.7792,-99
6709833139,247.9408,386.8224,-99
6709866472,245.3526,386.5526,-99
6709899805,243.5339,386.9234,-99
6709933138,242.2398,387.7851,-99
6709966471,239.7066,388.23,-99
6709999804,236.7833,387.8871,-99
6710033137,233.2203,384.4776,-99
6710066470,230.6035,381.2245,-99
6710099803,229.1025,378.3947,-99
6710133136,227.0587,376.6591,-99
6710166469,225.3015,374.4706,-99
6710199802,223.798,371.445,-99
6710233135,222.4608,371.1348,-99
6710266468,221.6432,370.6966,-99
6710299801,220.4842,370.1314,-99
6710333134,218.7672,370.7524,-99
6710366467,217.0968,370.8911,-99
6710399800,215.9108,370.8554,-99
6710433133,213.8019,370.9493,-99
6710466466,211.673,370.6588,-99
6710499799,209.7234,369.3265,-99
6710533132,207.6303,365.8736,-99
6710566465,204.7536,364.536,-99
6710599798,203.321,361.9912,-99
6710633131,201.5211,358.6111,-99
6710666464,201.0286,355.5581,-99
6710699797,200.2052,353.1399,-99
6710733130,198.4501,348.9365,-99
6710766463,197.4573,345.497,-99
6710799796,196.1077,344.1991,-99
6710833129,195.1007,341.3621,-99
6710866462,193.7406,338.2943,-99
6710899795,192.8291,334.6122,-99
6710933128,192.0932,332.6301,-99
6710966461,192.7619,331.3915,-99
6710999794,192.5372,329.6064,-99
6711033127,193.9139,328.6937,-99
6711066460,193.681,327.1418,-99
6711099793,192.948,327.1277,-99
6711133126,192.4882,327.6375,-99
6711166459,191.2542,328.4561,-99
6711199792,190.4929,330.0332,-99
6711233125,189.542,330.9389,-99
6711266458,189.4656,332.0952,-99
6711299791,188.1587,333.3598,-99
6711333124,186.4025,333.3625,-99
6711372005,185.6288,331.6594,-99
6711405338,184.4912,329.9214,-99
6711438671,184.4388,326.2466,-99
6711472004,183.8409,324.6667,-99
6711505337,183.7545,322.1941,-99
6711538670,183.5412,320.2361,-99
6711572003,184.0183,319.9347,-99
6711605336,183.768,317.9149,-99
6711638669,182.9671,316.2055,-99
6711672002,181.6382,314.5116,-99
6711705335,181.8425,312.9344,-99
6711738668,181.0413,310.9532,-99
6711772001,180.5,309.6357,-99
6711805334,179.9227,306.6469,-99
6711838667,178.8837,304.0526,-99
6711872000,177.6659,301.9177,-99
6711905333,175.9181,299.1711,-99
6711938666,173.6531,298.2703,-99
6711971999,171.4134,298.0965,-99
6712005332,169.984,298.508,-99
6712038665,168.2634,296.6801,-99
6712071998,168.3485,293.2027,-99
6712105331,168.3266,292.0946,-99
6712138664,169.222,291.1987,-99
6712171997,170.7018,287.9529,-99
6712205330,172.637,285.9218,-99
6712238663,174.901,283.4629,-99
6712271996,176.9574,281.9851,-99
6712305329,179.0213,279.9915,-99
6712338662,179.5287,277.2368,-99
6712371995,179.1511,276.6758,-99
6712405328,179.5259,274.8474,-99
6712438661,180.7668,271.7158,-99
6712471994,180.2482,268.6604,-99
6712505327,180.9544,266.3003,-99
6712538660,180.6755,264.3462,-99
6712571993,178.8992,262.335,-99
6712605326,178.9301,260.3683,-99
6712638659,178.2348,259.3536,-99
6712671992,177.1671,256.5504,-99
6712705325,176.4742,253.1082,-99
6712738658,176.5738,250.4672,-99
6712771991,175.2285,248.0059,-99
6712805324,175.8456,245.4791,-99
6712838657,176.9949,241.9291,-99
6712871990,177.9937,239.8763,-99
6712905323,176.1725,238.8246,-99
6712938656,177.0628,237.4724,-99
6712971989,176.1373,236.2866,-99
6713005322,176.3696,232.2343,-99
6713038655,175.2975,229.1968,-99
6713071988,175.1059,227.7906,-99
6713105321,175.6659,224.2712,-99
6713138654,175.8575,222.631,-99
6713171987,176.1468,220.7418,-99
6713205320,176.3757,219.7784,-99
6713238653,175.6594,218.3161,-99
6713271986,174.2338,217.5091,-99
6713305319,172.178,217.0864,-99
6713338652,170.9919,216.5761,-99
6713371985,170.2078,216.3906,-99
6713405318,169.3559,216.1324,-99
6713438651,169.0029,216.1676,-99
6713471984,169.0056,215.6089,-99
6713505317,168.5816,215.6291,-99
6713538650,170.2823,212.0366,-99
6713571983,172.502,210.2531,-99
6713605316,174.3416,208.0412,-99
6713638649,176.7043,207.2766,-99
6713671982,179.4657,204.0561,-99
6713705315,182.3048,203.4267,-99
6713738648,185.0782,201.9074,-99
6713771981,186.2039,199.6095,-99
6713805314,188.6788,197.6552,-99
6713838647,189.977,196.0368,-99
6713871980,191.9629,192.8863,-99
6713905313,192.4925,190.902,-99
6713938646,194.63,187.4129,-99
6713971979,197.598,186.0819,-99
6714005312,199.6427,181.9616,-99
6714038645,201.4796,181.3693,-99
6714071978,201.8571,177.7658,-99
6714105311,202.266,175.0051,-99
6714138644,202.7057,172.5777,-99
6714171977,203.7989,170.1102,-99
6714205310,204.8976,166.5976,-99
6714238643,206.7456,164.6272,-99
6714271976,209.9638,162.5659,-99
6714305309,211.5395,159.6158,-99
6714338642,214.84,158.1573,-99
6714371975,216.6084,155.6136,-99
6714405308,216.9409,154.0714,-99
6714438641,216.6083,153.2725,-99
6714471974,216.1063,153.4608,-99
6714505307,215.0412,152.5206,-99
6714538640,213.0799,149.6901,-99
6714571973,212.0132,150.5026,-99
6714605306,211.5932,149.1365,-99
6714638639,214.5,146.1235,-99
6714671972,216.8609,145.2648,-99
6714696304,219.371,144.1448,-99
6714729637,221.6016,143.9376,-99
6714762970,223.631,143.504,-99
6714796303,225.4187,143.6443,-99
6714829636,226.2747,142.6067,-99
6714862969,229.0716,140.3539,-99
6714896302,230.5661,138.0651,-99
6714929635,231.6346,137.4786,-99
6714962968,231.886,136.1036,-99
6714996301,234.0858,135.5931,-99
6715029634,236.4811,134.9673,-99
6715062967,238.6451,135.215,-99
6715096300,240.6581,134.0925,-99
6715129633,242.776,133.7307,-99
6715162966,245.1623,132.4725,-99
6715196299,246.4828,130.1527,-99
6715229632,246.0492,129.0383,-99
6715262965,246.0967,129.4733,-99
6715296298,247.2835,129.0446,-99
6715329631,248.7945,128.1404,-99
6715362964,251.3007,127.461,-99
6715396297,251.7102,126.8758,-99
6715429630,252.7569,126.3867,-99
6715462963,253.3912,126.2084,-99
6715496296,254.518,125.6331,-99
6715529629,255.6049,125.3304,-99
6715562962,256.0337,125.8358,-99
6715596295,256.8444,125.9362,-99
6715629628,259.4862,125.9098,-99
6715662961,261.2467,125.3024,-99
6715696294,260.4393,125.1936,-99
6715729627,258.9889,122.4266,-99
6715762960,256.4033,120.8747,-99
6715796293,253.9491,117.5242,-99
6715829626,251.4917,114.227,-99
6715862959,249.1421,114.05,-99
6715896292,248.1582,110.6328,-99
6715929625,249.769,108.4914,-99
6715962958,251.219,107.3628,-99
6715996291,252.3894,106.8041,-99
6716029624,253.8071,106.3776,-99
6716062957,255.8349,107.0214,-99
6716096290,257.0485,108.4444,-99
6716129623,258.6681,109.3319,-99
6716162956,260.9854,111.3808,-99
6716196289,264.2468,114.6213,-99
6716229622,269.2086,116.5601,-99
6716262955,273.714,118.1036,-99
6716296288,278.3453,119.5318,-99
6716329621,282.578,120.5468,-99
6716365251,287.1968,120.9508,-99
6716398584,289.0472,122.0272,-99
6716431917,291.4587,121.9779,-99
6716465250,293.9489,121.3596,-99
6716498583,297.1261,121.009,-99
6716531916,300.9759,121.9106,-99
6716565249,304.5605,122.7457,-99
6716598582,306.8483,122.7352,-99
6716631915,310.1637,122.864,-99
6716665248,312.9975,122.8366,-99
6716698581,317.2078,120.0929,-99
6716731914,320.6528,118.8729,-99
6716765247,323.482,118.3325,-99
6716798580,326.244,116.0726,-99
6716831913,328.6542,114.8688,-99
6716865246,331.3983,112.9509,-99
6716898579,332.8191,111.8438,-99
6716931912,333.9013,111.7628,-99
6716965245,335.8115,113.0218,-99
6716998578,338.1374,115.4437,-99
6717031911,343.8446,114.8998,-99
6717065244,347.1339,115.9435,-99
6717098577,351.6775,116.7805,-99
6717131910,354.3374,116.9899,-99
6717165243,356.213,117.7435,-99
6717198576,359.9777,117.1451,-99
6717231909,362.3638,117.5833,-99
6717265242,363.9374,117.8294,-99
6717298575,366.5587,118.2304,-99
6717331908,367.821,117.7964,-99
6717365241,369.6345,117.4873,-99
6717398574,372.5833,117.2429,-99
6717431907,375.1237,117.2879,-99
6717465240,377.4665,117.1689,-99
6717498573,379.7086,117.2059,-99
6717531906,381.5459,117.587,-99
6717565239,384.7869,118.5802,-99
6717598572,387.1131,118.2101,-99
6717631905,388.7784,118.4583,-99
6717665238,390.196,118.514,-99
6717698571,390.4809,118.4237,-99
6717731904,391.1727,119.7169,-99
6717765237,392.7971,121.5673,-99
6717798570,394.3929,124.8742,-99
6717831903,395.2709,128.5246,-99
6717865236,397.0805,132.1701,-99
6717898569,398.4795,134.8207,-99
6717931902,399.4095,137.0934,-99
6717965235,401.9944,138.0885,-99
6717998568,405.4905,140.2149,-99
6718040700,409.0471,142.1781,-99
6718074033,411.3941,144.2119,-99
6718107366,413.4067,145.4156,-99
6718140699,415.5415,145.6122,-99
6718174032,417.3842,146.9711,-99
6718207365,419.5621,149.7342,-99
6718240698,421.0411,152.4753,-99
6718274031,423.885,153.9957,-99
6718307364,425.6452,154.9914,-99
6718340697,427.9445,156.1386,-99
6718374030,429.2552,156.3195,-99
6718407363,431.2571,156.8866,-99
6718440696,434.1661,158.3893,-99
6718474029,435.5262,159.7823,-99
6718507362,436.4759,162.6225,-99
6718540695,437.278,165.6332,-99
6718574028,438.4426,166.7119,-99
6718607361,440.2496,167.6177,-99
6718640694,442.9323,168.4848,-99
6718674027,443.8235,168.8842,-99
6718707360,445.3946,169.6364,-99
6718740693,447.3037,171.2833,-99
6718774026,448.7487,171.6383,-99
6718807359,450.3757,172.6497,-99
6718840692,452.1615,174.1167,-99
6718874025,452.4374,176.4025,-99
6718907358,454.2227,179.7308,-99
6718940691,453.3272,179.9083,-99
6718974024,450.9769,183.0192,-99
6719007357,454.1166,186.5689,-99
6719040690,462.2965,195.5034,-99
6719074023,460.6468,194.5234,-99
6719107356,457.7166,193.3743,-99
6719140689,457.1795,195.5385,-99
6719174022,459.5891,194.1781,-99
6719207355,468.287,208.8241,-99
6719240688,472.3441,208.9462,-99
6719274021,472.2284,209.5494,-99
6719307354,471.1111,209.6,-99
6719340687,458.7097,215.9274,-99
6719374020,461.9774,216.7014,-99
6719407353,464.636,217.8965,-99
6719440686,466.9487,222.2205,-99
6719474019,468.1746,223.8571,-99
6719507352,468.5969,225.1518,-99
6719540685,469.9907,227.1674,-99
6719574018,471.914,229.4389,-99
6719607351,472.0787,229.6063,-99
6719640684,473.0727,227.5515,-99
6719674017,472.7919,230.8188,-99
6719707350,471.9395,234.2598,-99
6719740683,474.8926,237.1963,-99
6719774016,475.8405,241.5249,-99
6719807349,476.2552,244.1138,-99
6719840682,478.0318,247.424,-99
6719874015,478.9197,253.1788,-99
6719907348,477.6485,256.3849,-99
6719940681,476.2141,257.4421,-99
6719974014,474.0472,258.1352,-99
6720007347,471.6277,256.3234,-99
6720040680,468.946,260.3649,-99
6720074013,471.9123,262.1137,-99
6720107346,472.0747,263.4703,-99
6720140679,471.3169,266.2634,-99
6720174012,472.4979,269.0063,-99
6720207345,472.0971,271.521,-99
6720240678,473.5523,274.8159,-99
6720274011,475.0984,274.9221,-99
6720307344,476.4966,276.4877,-99
6720340677,476.9262,277.1833,-99
6720374010,474.983,278.8272,-99
6720407343,473.575,281.9375,-99
6720440676,470.4769,283.2861,-99
6720474009,468.3298,284.5657,-99
6720507342,466.0845,285.8845,-99
6720540675,463.3459,287.5818,-99
6720574008,463.6394,288.1091,-99
6720607341,464.8685,292.4932,-99
6720640674,469.4163,295.2423,-99
6720674007,472.058,300.4034,-99
6720707340,470.6552,302.2953,-99
6720740673,469.0576,305.1574,-99
6720774006,468.6502,307.4531,-99
6720807339,466.9073,307.8317,-99
6720840672,465.0873,308.9252,-99
6720874005,461.5446,312.0566,-99
6720907338,458.9877,314.5271,-99
6720940671,457.1115,316.173,-99
6720974004,456.6703,316.9363,-99
6721007337,458.0499,317.5486,-99
6721040670,457.3898,320.385,-99
6721074003,459.6699,321.1635,-99
6721107336,457.1742,322.6657,-99
6721140669,455.1261,325.3176,-99
6721174002,454.1583,327.7775,-99
6721207335,453.2517,329.5538,-99
6721240668,453.9957,330.527,-99
6721274001,454.9154,331.5796,-99
6721307334,458.0097,332.2421,-99
6721340667,460.6532,332.3353,-99
6721373078,461.4911,332.8757,-99
6721406411,462.4502,333.6785,-99
6721439744,459.1772,337.1508,-99
6721473077,456.5322,337.8801,-99
6721506410,454.87,339.3767,-99
6721539743,449.1629,343.1182,-99
6721573076,448.3161,343.267,-99
6721606409,447.8221,343.5337,-99
6721639742,446.9954,343.9489,-99
6721673075,445.2998,344.6811,-99
6721706408,444.6739,349.2289,-99
6721739741,443.3798,352.5316,-99
6721773074,442.0856,356.2494,-99
6721806407,440.351,359.6793,-99
6721839740,439.8688,361.3416,-99
6721873073,437.4987,364.2339,-99
6721906406,435.3279,364.8552,-99
6721939739,431.7408,366.0503,-99
6721973072,430.8766,366.9445,-99
6722006405,429.1798,366.0725,-99
6722039738,428.3143,365.5662,-99
6722073071,426.8707,366.8443,-99
6722106404,425.3287,367.6482,-99
6722139737,426.3348,369.0284,-99
6722173070,427.3193,368.1587,-99
6722206403,428.0127,369.0964,-99
6722239736,429.1307,370.0701,-99
6722273069,429.9179,371.1699,-99
6722306402,429.9132,371.6963,-99
6722339735,429.3741,370.9616,-99
6722373068,430.5807,370.9059,-99
6722406401,428.769,373.2866,-99
6722439734,424.5142,378.4052,-99
6722473067,421.9513,380.8114,-99
6722506400,420.2454,380.9897,-99
6722539733,419.236,381.6025,-99
6722573066,418.9376,381.8989,-99
6722606399,419.0504,381.5923,-99
6722639732,419.0947,379.6456,-99
6722673065,428.192,380.536,-99
6722706398,423.3678,378.5287,-99
6722739731,420.3202,379.9956,-99
6722773064,417.7215,384.1107,-99
6722806397,413.9019,385.6709,-99
6722839730,409.3218,386.2353,-99
6722873063,406.1914,386.04,-99
6722906396,404.7682,384.7574,-99
6722939729,404.1301,385.1199,-99
6722973062,406.0627,386.3577,-99
6723006395,405.886,388.626,-99
6723048526,406.4595,386.8684,-99
6723081859,405.8369,388.114,-99
6723115192,405.5598,388.8977,-99
6723148525,404.8636,390.519,-99
6723181858,403.7087,391.405,-99
6723215191,402.6473,391.2328,-99
6723248524,401.7289,391.2148,-99
6723281857,400.7148,391.6162,-99
6723315190,400.1764,392.127,-99
6723348523,399.1158,392.8569,-99
6723381856,398.9604,393.8623,-99
6723415189,398.0769,395.2256,-99
6723448522,397.5175,395.9913,-99
6723481855,397.2967,396.3773,-99
6723515188,396.5405,397.5622,-99
6723548521,394.7005,399.247,-99
6723581854,392.4398,400.7127,-99
6723615187,390.9238,401.3321,-99
6723648520,388.9123,402.1214,-99
6723681853,387.3889,402.8871,-99
6723715186,385.7986,403.4813,-99
6723748519,385.5654,403.5231,-99
6723781852,387.4836,404.6784,-99
6723815185,387.4038,405.0962,-99
6723848518,387.7021,406.2055,-99
6723881851,387.3147,406.2672,-99
6723915184,385.973,408.2317,-99
6723948517,386.2633,409.6566,-99
6723981850,385.3152,411.4991,-99
6724015183,385.0034,412.1903,-99
6724048516,384.7165,412.9183,-99
6724081849,385.2887,413.9794,-99
6724115182,384.9019,413.8747,-99
6724148515,381.4799,415.994,-99
6724181848,379.4182,416.2681,-99
6724215181,376.594,417.302,-99
6724248514,375.6398,417.4487,-99
6724281847,374.8225,418.5616,-99
6724315180,373.2458,417.4131,-99
6724348513,371.9138,417.9651,-99
6724381846,372.8473,417.716,-99
6724415179,372.382,417.2809,-99
6724448512,364.3571,419,-99
6724481845,363.7579,418.4299,-99
6724515178,365.248,418.2857,-99
6724548511,363.6777,416.5735,-99
6724581844,363.7209,417.323,-99
6724615177,363.6643,416.5208,-99
6724648510,364.2075,416.7219,-99
6724681843,364.9067,416.974,-99
6724715176,363.0779,416.9796,-99
6724748509,363.7135,416.9832,-99
6724781842,364.3462,417.2381,-99
6724815175,364.4223,417.6699,-99
6724848508,365.0128,417.8718,-99
6724881841,366.1642,417.9384,-99
6724915174,366.9269,418.0927,-99
6724948507,366.9469,418.1227,-99
6724981840,368.7808,416.5769,-99
6725015173,370.7982,414.2158,-99
6725048506,364.6151,412.9332,-99
6725081839,362.0979,409.9685,-99
6725115172,362.2672,407.336,-99
6725148505,356.8401,403.1918,-99
6725181838,352.4775,398.7288,-99
6725215171,350.279,395.2708,-99
6725248504,350.3719,392.7981,-99
6725281837,350.5401,391.3187,-99
6725315170,350.1904,391.663,-99
6725348503,348.8853,391.4849,-99
6725381836,347.6438,392.8009,-99
6725415169,345.9843,394.1595,-99
6725448502,344.9633,395.0862,-99
6725481835,342.758,397.6306,-99
6725515168,340.3931,399.1577,-99
6725548501,336.8067,399.9663,-99
6725581834,333.8464,401.9281,-99
6725615167,331.9202,403.1121,-99
6725648500,329.7475,404.5528,-99
6725681833,333.0314,407.2053,-99
6725715166,328.5217,407.5673,-99
6725748499,323.7304,407.0421,-99
6725781832,319.0461,405.9769,-99
6725815165,315.4197,405.2859,-99
6725848498,314.2379,403.9807,-99
6725881831,312.343,401.9856,-99
6725915164,311.4812,401.6579,-99
6725948497,310.4226,400.8814,-99
6725981830,308.3635,400.2787,-99
6726015163,306.4522,398.5586,-99
6726048496,305.5996,398.5489,-99
6726081829,304.9438,399.0238,-99
6726115162,302.8174,398.9022,-99
6726148495,301.1969,398.7478,-99
6726181828,299.0172,399.4946,-99
6726215161,296.1727,401.2196,-99
6726248494,294.2175,402.9372,-99
6726281827,291.8586,402.9941,-99
6726315160,290.1225,402.66,-99
6726348493,287.2822,402.335,-99
6726377654,286.2415,400.3078,-99
6726410987,284.4,398.6224,-99
6726444320,282.6465,395.8431,-99
6726477653,281.8524,394.3386,-99
6726510986,281.1106,393.3766,-99
6726544319,278.7059,391.8259,-99
6726577652,276.6378,391.2911,-99
6726610985,273.0661,390.5695,-99
6726644318,270.4677,390.0846,-99
6726677651,267.26,390.1422,-99
6726710984,263.5277,389.9778,-99
6726744317,260.2851,390.2138,-99
6726777650,256.1209,390.3909,-99
6726810983,252.9281,390.1978,-99
6726844316,249.1712,388.1461,-99
6726877649,246.1195,387.515,-99
6726910982,243.2568,386.3591,-99
6726944315,239.6741,384.3166,-99
6726977648,237.6609,381.7849,-99
6727010981,236.4,380.0772,-99
6727044314,235.307,377.3088,-99
6727077647,234.3168,376.701,-99
6727110980,233.7136,377.2019,-99
6727144313,232.4909,376.8242,-99
6727177646,231.0822,376.5117,-99
6727210979,229.8619,375.4076,-99
6727244312,228.5056,374.9706,-99
6727277645,226.9931,375.0092,-99
6727310978,225.4988,375.2399,-99
6727344311,223.6715,372.5359,-99
6727377644,223.1061,370.8845,-99
6727410977,220.1213,369.6478,-99
6727444310,218.4765,368.5725,-99
6727477643,217.8325,366.3175,-99
6727510976,215.8209,366.7029,-99
6727544309,215.7225,365.1606,-99
6727577642,212.9721,362.967,-99
6727610975,212.6166,361.0254,-99
6727644308,209.3659,358.609,-99
6727677641,209.2608,356.7943,-99
6727710974,208.0122,354.2676,-99
6727744307,206.197,350.9701,-99
6727777640,205.3972,347.357,-99
6727810973,203.6893,344.5584,-99
6727844306,203.3409,342.8384,-99
6727877639,202.0204,338.7837,-99
6727910972,200.1382,338.005,-99
6727944305,198.7125,335.12,-99
6727977638,196.568,334.4175,-99
6728010971,194.662,333.4382,-99
6728041772,193.4088,332.6952,-99
6728075105,192.3055,332.0716,-99
6728108438,191.618,331.1667,-99
6728141771,190.7946,331.3297,-99
6728175104,190.3103,328.9594,-99
6728208437,189.9775,325.1248,-99
6728241770,189.0171,323.8351,-99
6728275103,188.9737,320.4452,-99
6728308436,189.414,316.38,-99
6728341769,187.961,317.2228,-99
6728375102,187.74,314.69,-99
6728408435,187.1459,311.1008,-99
6728441768,184.6751,309.0254,-99
6728475101,183.1593,306.188,-99
6728508434,181.9034,302.1149,-99
6728541767,180.9948,298.2388,-99
6728575100,180.3919,294.6082,-99
6728608433,180.3968,291.6327,-99
6728641766,179.8804,290.3696,-99
6728675099,179.3913,286.6522,-99
6728708432,178.3607,285.5226,-99
6728741765,176.9843,284.0814,-99
6728775098,176.6164,282.9671,-99
6728808431,175.9012,282.2173,-99
6728841764,174.9207,280.9254,-99
6728875097,173.2148,280.8882,-99
6728908430,173.115,281.6444,-99
6728941763,171.6951,279.5247,-99
6728975096,171.5313,277.2413,-99
6729008429,171.4936,272.6936,-99
6729041762,172.8357,270.6552,-99
6729075095,173.4074,267.7448,-99
6729108428,174.6115,265.532,-99
6729141761,176.8476,263.5345,-99
6729175094,177.4707,261.4543,-99
6729208427,175.9803,260.2022,-99
6729241760,177.5289,257.7579,-99
6729275093,178.4956,255.2434,-99
6729308426,178.197,251.899,-99
6729341759,177.6561,248.9391,-99
6729375092,177.6259,248.5492,-99
6729408425,176.4609,247.7514,-99
6729441758,176.2796,245.5516,-99
6729475091,176.8437,242.6154,-99
6729508424,178.045,240.1247,-99
6729541757,178.8649,237.2162,-99
6729575090,177.8662,237.0505,-99
6729608423,177.4648,236.0225,-99
6729641756,179.1809,233.4749,-99
6729675089,179.9539,229.9566,-99
6729710751,179.9522,227.8687,-99
6729744084,181.5137,224.6896,-99
6729777417,184.5599,220.7258,-99
6729810750,186.3468,216.2658,-99
6729844083,188.7668,215.6452,-99
6729877416,186.4928,213.3228,-99
6729910749,187.6373,213.024,-99
6729944082,187.7614,210.571,-99
6729977415,187.2162,208.9405,-99
6730010748,186.4742,206.2764,-99
6730044081,185.3125,205.267,-99
6730077414,184.7323,204.9134,-99
6730110747,186.7036,203.1833,-99
6730144080,188.7379,200.6918,-99
6730177413,189.9376,197.5835,-99
6730210746,192.1269,193.8806,-99
6730244079,193.8933,192.2413,-99
6730277412,194.2676,190.573,-99
6730310745,196.2626,186.8258,-99
6730344078,197.9444,183.1135,-99
6730377411,199.0376,178.7519,-99
6730410744,201.0627,175.7154,-99
6730444077,202.8866,173.4826,-99
6730477410,203.5511,171.1596,-99
6730510743,205.0939,167.2208,-99
6730544076,207.2445,165.6566,-99
6730577409,210.9267,161.834,-99
6730610742,212.9206,160.1986,-99
6730644075,213.679,157.8106,-99
6730677408,212.1124,156.9107,-99
6730710741,211.8924,154.8556,-99
6730744074,211.9205,154.6769,-99
6730777407,209.8589,152.6902,-99
6730810740,209.4205,151.4555,-99
6730844073,209.2103,151.1513,-99
6730877406,208.2742,150.2823,-99
6730910739,207.1776,149.5,-99
6730944072,208.51,147.8975,-99
6730977405,210.071,146.8479,-99
6731010738,210.7274,146.9392,-99
6731044071,212.4519,146.6955,-99
6731077404,214.8816,146.5,-99
6731110737,216.8174,146.7099,-99
6731144070,219.8863,147.4,-99
6731177403,222.7533,147.9264,-99
6731210736,225.5558,149.0455,-99
6731244069,228.9614,149.7992,-99
6731277402,232.2752,150.9181,-99
6731310735,234.7444,150.8487,-99
6731344068,236.2787,151.0889,-99
6731382948,238.2956,149.781,-99
6731416281,239.0469,150.0939,-99
6731449614,238.9782,146.5054,-99
6731482947,241.0589,144.9127,-99
6731516280,241.3657,141.6393,-99
6731549613,243.0403,140.4282,-99
6731582946,245.6917,138.1432,-99
6731616279,247.2506,136.5703,-99
6731649612,248.6961,134.9403,-99
6731682945,251.1017,133.5811,-99
6731716278,252.8583,129.9816,-99
6731749611,256.0869,129.1191,-99
6731782944,259.4282,126.1234,-99
6731816277,262.4562,125.2062,-99
6731849610,264.6684,125.0289,-99
6731882943,265.1505,123.5,-99
6731916276,266.6073,121.4549,-99
6731949609,267.4265,121.3109,-99
6731982942,268.6435,118.173,-99
6732016275,271.2114,116.2476,-99
6732049608,271.7913,115.8867,-99
6732082941,274.5297,115.2474,-99
6732116274,276.0679,114.7226,-99
6732149607,278.9654,114.5499,-99
6732182940,283.3504,114.9765,-99
6732216273,288.0113,113.3038,-99
6732249606,292.151,111.8843,-99
6732282939,297.1657,111.4221,-99
6732316272,300.6165,110.4404,-99
6732349605,304.6946,110.0393,-99
6732382938,307.0393,110.4493,-99
6732416271,309.9379,109.743,-99
6732449604,312.8689,109.4037,-99
6732482937,316.9556,109.1273,-99
6732516270,320.1024,109.008,-99
6732549603,323.7213,109.0738,-99
6732582936,327.1638,108.5234,-99
6732616269,330.477,108.3745,-99
6732649602,332.9273,107.9316,-99
6732682935,335.2924,106.9085,-99
6732716268,336.6774,104.5333,-99
6732749601,336.9314,102.6969,-99
6732782934,337.9649,100.5316,-99
6732816267,336.9471,97.48736,-99
6732849600,336.3529,96.5615,-99
6732882933,335.2366,93.17558,-99
6732916266,333.6404,89.82367,-99
6732949599,330.6328,86.97229,-99
6732982932,327.2937,85.07767,-99
6733016265,323.8377,81.48926,-99
6733051896,320.8267,79.37471,-99
6733085229,317.877,77.81438,-99
6733118562,314.0165,74.03294,-99
6733151895,311.5638,73.36626,-99
6733185228,308.1475,71.27882,-99
6733218561,305.6805,68.89512,-99
6733251894,303.5859,68.02817,-99
6733285227,302.2965,68.14286,-99
6733318560,300.257,66.40125,-99
6733351893,299.7778,65.67268,-99
6733385226,300.0634,65.64553,-99
6733418559,299.239,65.28846,-99
6733451892,298.9156,65.38363,-99
6733485225,298.8022,65.16156,-99
6733518558,298.6199,65.04082,-99
6733551891,298.8451,65.14648,-99
6733585224,298.478,65.03876,-99
6733618557,298.6299,65.06497,-99
6733651890,299.3922,65.36134,-99
6733685223,299.6261,65.33144,-99
6733718556,300.7957,67.22581,-99
6733751889,302.1648,67.63921,-99
6733785222,303.4644,67.8153,-99
6733818555,305.4173,68.01439,-99
6733851888,307.0698,68.65836,-99
6733885221,308.3798,69.65144,-99
6733918554,309.5315,71.24937,-99
6733951887,311.2109,72.64455,-99
6733985220,312.4442,73.39806,-99
6734018553,312.8596,74.05085,-99
6734051886,313.4755,74.78088,-99
6734085219,313.4812,75.07512,-99
6734118552,313.5637,76.00735,-99
6734151885,313.0805,76.20488,-99
6734185218,312.5629,76.61556,-99
6734218551,312.4646,76.33018,-99
6734251884,311.4359,75.25641,-99
6734285217,310.925,75.76821,-99
6734318550,310.6104,74.95012,-99
6734351883,310.1551,74.31713,-99
6734385216,309.8094,74.16,-99
6734418549,309.864,73.45844,-99
6734451882,309.6583,73.64449,-99
6734485215,309.9951,73.33252,-99
6734518548,309.9137,74.1319,-99
6734551881,309.8623,73.36715,-99
6734585214,310.0529,73.23317,-99
6734618547,309.2688,72.51005,-99
6734651880,308.5283,71.33491,-99
6734685213,307.672,69.94533,-99
6734725047,307.6568,69.72099,-99
6734758380,307.7366,69.70244,-99
6734791713,307.2679,69.32398,-99
6734825046,306.2507,68.61995,-99
6734858379,305.1468,67.37064,-99
6734891712,304.4703,67.29456,-99
6734925045,304.1139,67.15696,-99
6734958378,303.9137,66.96193,-99
6734991711,303.1303,66.92891,-99
6735025044,302.3941,66.68227,-99
6735058377,302.3486,66.38422,-99
6735091710,301.9881,66.89286,-99
6735125043,301.9181,66.98512,-99
6735158376,301.3735,67.00241,-99
6735191709,301.656,67.30133,-99
6735225042,301.046,67.49395,-99
6735258375,301.4829,67.45407,-99
6735291708,301.4841,67.80685,-99
6735325041,301.6761,67.34447,-99
6735358374,302.1883,68.229,-99
6735391707,302.643,67.97638,-99
6735425040,303.3471,68.75485,-99
6735458373,304.5976,69.86747,-99
6735491706,305.1148,69.7512,-99
6735525039,305.6627,69.72009,-99
6735558372,306.472,70.18978,-99
6735591705,306.9233,70.0594,-99
6735625038,307.5197,70.69212,-99
6735658371,308.299,71.09068,-99
6735691704,308.2577,70.99742,-99
6735725037,308.5047,71.60094,-99
6735758370,308.2781,71.04337,-99
6735791703,308.2892,70.99755,-99
6735825036,307.4767,70.23489,-99
6735858369,307.5656,69.78149,-99
6735891702,306.9332,70.22673,-99
6735925035,306.8548,69.62904,-99
6735958368,306.7766,69.95686,-99
6735991701,307.2995,69.91879,-99
6736025034,307.1014,71.58356,-99
6736058367,309.0482,72.76396,-99
6736091700,312.8232,74.16666,-99
6736125033,315.5181,77.68017,-99
6736158366,320.0341,83.05227,-99
6736191699,324.5829,86.32719,-99
6736225032,329.5129,90.52706,-99
6736258365,333.3432,95.47901,-99
6736291698,337.2642,100.4913,-99
6736325031,340.2419,105.2744,-99
6736358364,341.6329,109.8506,-99
6736391697,342.3077,113.2357,-99
6736425030,344.1099,115.7392,-99
6736458363,343.4442,118.9549,-99
6736491696,344.5308,121.3462,-99
6736525029,346.4734,123.8586,-99
6736558362,347.9243,125.8252,-99
6736591695,349.2024,127.3045,-99
6736625028,349.8321,127.927,-99
6736658361,351.9575,127.3191,-99
6736691694,355.355,126.31,-99
6736725027,357.9742,125.1499,-99
6736758360,361.1838,121.9485,-99
6736791693,363.0347,120.7995,-99
6736825026,366.9409,120.3903,-99
6736858359,368.9788,120.4926,-99
6736891692,371.0554,121.5012,-99
6736925025,372.9407,122.1516,-99
6736958358,375.4269,123.7557,-99
6736991691,379.1464,125.5833,-99
6737025024,382.4751,126.6009,-99
6737058357,386.3045,127.4671,-99
6737091690,389.5183,127.9427,-99
6737125023,391.5372,128.1919,-99
6737158356,394.109,127.3004,-99
6737191689,396.5385,126.8555,-99
6737225022,398.3721,126.3953,-99
6737258355,399.6528,125.8294,-99
6737291688,399.6057,125.7669,-99
6737325021,401.2725,125.7862,-99
6737358354,404.2542,126.0375,-99
6737391687,406.6497,126.8102,-99
6737425020,409.3856,126.9343,-99
6737458353,413.4825,127.3278,-99
6737491686,416.2375,127.6815,-99
6737525019,419.3967,128.9876,-99
6737558352,421.3917,131.6544,-99
6737591685,423.4333,134.06,-99
6737625018,424.2072,137.0241,-99
6737658351,424.2341,138.1909,-99
6737691684,423.4196,139.2234,-99
6737725017,422.7166,140.6961,-99
6737758350,422.4899,141.7802,-99
6737791683,422.8172,141.8043,-99
6737825016,421.1818,140.4077,-99
6737858349,421.2512,145.1148,-99
6737891682,423.2024,145.6188,-99
6737925015,425.5569,145.5163,-99
6737958348,427.0501,146.6576,-99
6737991681,428.1414,147.3692,-99
6738025014,428.8677,148.3856,-99
6738058112,427.9474,149.4211,-99
6738091445,426.845,148.9214,-99
6738124778,426.375,150.7866,-99
6738158111,425.3216,153.1573,-99
6738191444,423.3724,155.6837,-99
6738224777,423.1163,158.0302,-99
6738258110,422.9467,159.3843,-99
6738291443,422.8206,161.1608,-99
6738324776,422.7592,162.4902,-99
6738358109,423.1899,162.5105,-99
6738391442,423.4152,162.4304,-99
6738424775,423.8756,163.8077,-99
6738458108,424.403,165.5214,-99
6738491441,423.6466,167.5726,-99
6738524774,422.4697,167.585,-99
6738558107,421.7008,167.1551,-99
6738591440,421.1588,167.526,-99
6738624773,422.1181,165.7084,-99
6738658106,424.2847,163.5718,-99
6738691439,425.5777,164.0825,-99
6738724772,427.6557,162.3268,-99
6738758105,430.0641,160.6793,-99
6738791438,432.0377,160.0588,-99
6738824771,433.4668,159.7185,-99
6738858104,436.1262,159.6005,-99
6738891437,438.2739,159.8261,-99
6738924770,439,159.7472,-99
6738958103,440.8513,159.9865,-99
6738991436,441.7969,161.0112,-99
6739024769,443.3705,162.3116,-99
6739058102,444.5843,163.1924,-99
6739091435,445.5631,162.5569,-99
6739124768,448.4724,167.1482,-99
6739158101,448.8182,170.6167,-99
6739191434,449.7633,178.5061,-99
6739224767,449.0419,176.2734,-99
6739258100,448.6415,178.4269,-99
6739291433,447.8873,180.7098,-99
6739324766,447.8157,182.3833,-99
6739358099,447.0271,184.0099,-99
6739391432,447.63,186.5518,-99
6739424765,447.2009,189.5864,-99
6739458098,446.4807,193.1908,-99
6739491431,444.6497,197.0652,-99
6739524764,442.1175,199.2376,-99
6739558097,439.029,200.2816,-99
6739591430,434.9398,203.2293,-99
6739624763,436.4863,198.6374,-99
6739658096,435.2412,200.1281,-99
6739691429,437.9931,200.3844,-99
6739724762,439.7184,200.7664,-99
6739758095,442.7354,198.3519,-99
6739791428,446.7086,198.8392,-99
6739824761,450.9834,201.0538,-99
6739858094,455.0198,203.4506,-99
6739891427,458.3466,204.3549,-99
6739924760,460.4109,204.9435,-99
6739958093,462.5643,205.1219,-99
6739991426,464.4785,205.8707,-99
6740024759,466.1544,207.6037,-99
6740058092,468,209.7218,-99
6740091425,469.2408,212.0393,-99
6740124758,469.2081,214.8985,-99
6740158091,469.3747,217.9425,-99
6740191424,470.7424,224.6364,-99
6740224757,470.0807,224.2646,-99
6740258090,470.6049,226.5902,-99
6740291423,470.2081,230.1358,-99
6740324756,468.9729,234.7344,-99
6740358089,467.1298,238.0974,-99
6740391422,468.5564,240.5026,-99
6740424755,470.758,243.2141,-99
6740458088,470.7299,246.3072,-99
6740491421,470.7244,248.0128,-99
6740524754,472.4958,250.1004,-99
6740558087,474.2531,251.6061,-99
6740591420,475.7698,252.9663,-99
6740624753,476.0941,254.2762,-99
6740658086,476.5275,255.5253,-99
6740691419,475.8326,257.5826,-99
6740724752,474.9951,259.3774,-99
6740758085,474.0023,262.8701,-99
6740791418,472.6081,269.1297,-99
6740824751,469.7252,275.9955,-99
6740858084,468.4801,273.4513,-99
6740891417,471.3575,276.0803,-99
6740924750,472.5947,277.0223,-99
6740958083,472.0482,278.3899,-99
6740991416,471.6389,280.3468,-99
6741024749,469.2515,280.227,-99
6741058082,469.7745,282.3263,-99
6741091415,472.4643,283.1369,-99
6741124748,469.9813,283.575,-99
6741158081,466.8765,286.9128,-99
6741191414,464.4293,289.1762,-99
6741224747,463.4428,289.9732,-99
6741258080,462.2209,290.3083,-99
6741291413,460.7637,291.1119,-99
6741324746,461.6726,294.0022,-99
6741358079,460.698,295.9606,-99
6741387240,462.158,296.4508,-99
6741420573,461.3747,302.6594,-99
6741453906,459.6721,303.6651,-99
6741487239,459.1686,305.4596,-99
6741520572,458.3906,306.7455,-99
6741553905,457.4911,309.1111,-99
6741587238,456.5311,309.5333,-99
6741620571,454.4499,312.2545,-99
6741653904,455.2227,313.1559,-99
6741687237,454.5399,315.1912,-99
6741720570,453.1395,317.6638,-99
6741753903,452.8157,319.8453,-99
6741787236,452.4148,323.3265,-99
6741820569,451.3438,326.1614,-99
6741853902,450.9206,328.8503,-99
6741887235,451.4555,331.7773,-99
6741920568,450.7029,332.8937,-99
6741953901,451.501,336.8137,-99
6741987234,451.4465,338.4753,-99
6742020567,450.7043,340.4063,-99
6742053900,448.5533,343.0139,-99
6742087233,447.1476,345.2014,-99
6742120566,446.0025,347.5714,-99
6742153899,444.8005,349.1226,-99
6742187232,444.1737,350.8579,-99
6742220565,443.7185,356.0383,-99
6742253898,442.8959,359.0759,-99
6742287231,442.8238,361.1123,-99
6742320564,442.4594,362.4658,-99
6742353897,441.5439,362.7245,-99
6742387230,440.2061,365.2259,-99
6742420563,437.7773,367.1992,-99
6742453896,434.3087,369.5092,-99
6742487229,431.8512,371.0853,-99
6742520562,429.1194,372.7122,-99
6742553895,428.2126,373.5187,-99
6742587228,425.8061,377.6646,-99
6742620561,423.621,379.9254,-99
6742653894,421.9295,383.0743,-99
6742687227,420.0361,385.8764,-99
6742720560,418.4942,386.4615,-99
6742753893,416.7151,387.2669,-99
6742787226,414.5088,388.2671,-99
6742820559,409.6634,389.0884,-99
6742853892,407.3883,389.0798,-99
6742887225,406.1433,386.2399,-99
6742920558,403.3158,387.4354,-99
6742953891,404.3799,389.3284,-99
6742987224,402.3052,390.2597,-99
6743020557,398.0445,391.1584,-99
6743059438,396.1461,391.4084,-99
6743092771,393.8567,391.6097,-99
6743126104,390.9045,391.0275,-99
6743159437,388.0744,391.2578,-99
6743192770,387.244,389.7897,-99
6743226103,385.7289,389.1911,-99
6743259436,384.1109,388.5475,-99
6743292769,383.4812,389.0423,-99
6743326102,383.0065,389.3132,-99
6743359435,382.1915,391.0267,-99
6743392768,379.7115,391.6519,-99
6743426101,376.4897,393.1914,-99
6743459434,374.5374,394.1173,-99
6743492767,371.7969,394.2611,-99
6743526100,369.2281,393.8175,-99
6743559433,366.8454,392.9931,-99
6743592766,363.8347,392.8514,-99
6743626099,362.7992,393.1243,-99
6743659432,361.7833,394.7339,-99
6743692765,359.2031,395.5306,-99
6743726098,356.5623,395.7759,-99
6743759431,351.4983,394.9913,-99
6743792764,349.1129,395.0932,-99
6743826097,346.5266,395.7523,-99
6743859430,345.0909,396.7756,-99
6743892763,344.8957,398.9804,-99
6743926096,344.213,401.3991,-99
6743959429,343.2698,404.39,-99
6743992762,342.6197,407.4072,-99
6744026095,340.6427,410.1942,-99
6744059428,338.3741,412.8217,-99
6744092761,337.1845,413.9742,-99
6744126094,335.9718,414.713,-99
6744159427,335.8599,416.2077,-99
6744192760,335.1319,415.4066,-99
6744226093,330.2232,411.7411,-99
6744259426,328.5955,410.8417,-99
6744292759,326.1158,411.6042,-99
6744326092,326.1346,410.3245,-99
6744359425,326.2447,412.2518,-99
6744392758,322.5606,409.1617,-99
6744426091,320.7117,408.8117,-99
6744459424,318.8571,408.4174,-99
6744492757,319.5085,407.0863,-99
6744526090,317.4679,406.3798,-99
6744559423,316.5689,405.9528,-99
6744592756,317.109,404.529,-99
6744626089,315.1438,404.3708,-99
6744659422,314.3138,403.553,-99
6744692755,312.7002,403.5861,-99
6744734886,312.4204,403.7023,-99
6744768219,311.1187,404.1934,-99
6744801552,310.4085,404.7388,-99
6744834885,309.2051,405.7156,-99
6744868218,308.2937,408.0734,-99
6744901551,306.5428,411.0775,-99
6744934884,306.628,412.1161,-99
6744968217,307.1634,411.1479,-99
6745001550,307.512,411.89,-99
6745034883,307.9979,410.3382,-99
6745068216,307.9175,407.8505,-99
6745101549,307.204,405.6164,-99
6745134882,307.4798,403.4204,-99
6745168215,306.5247,402.3452,-99
6745201548,306.6373,399.6803,-99
6745234881,306.92,398.5257,-99
6745268214,305.8065,395.9821,-99
6745301547,304.7379,394.4424,-99
6745334880,307.4969,393.4094,-99
6745368213,306.3978,393.7619,-99
6745401546,307.6986,392.0048,-99
6745434879,305.3429,389.6264,-99
6745468212,304.5524,388.6089,-99
6745501545,302.6335,387.4348,-99
6745534878,301.3769,386.8737,-99
6745568211,299.2694,386.5043,-99
6745601544,297.5282,387.0334,-99
6745634877,294.7561,389.2395,-99
6745668210,293.9708,390.9025,-99
6745701543,291.7407,393.6971,-99
6745734876,291.2698,397.0884,-99
6745768209,289.3069,398.7351,-99
6745801542,285.2579,398.5893,-99
6745834875,282.5336,396.9627,-99
6745868208,281.2969,394.6398,-99
6745901541,280.3957,392.2943,-99
6745934874,279.7838,391.7118,-99
6745968207,278.4147,390.3625,-99
6746001540,276.3815,388.2935,-99
6746034873,273.3561,387.0661,-99
6746068206,269.9485,386.5247,-99
6746101539,267.2074,386.6282,-99
6746134872,265.0878,386.9245,-99
6746168205,263.0393,386.4051,-99
6746201538,260.6759,385.007,-99
6746234871,257.4514,382.9861,-99
6746268204,255.7123,382.4385,-99
6746301537,253.2402,381.7945,-99
6746334870,252.8973,381.4865,-99
6746368203,251.9561,382.3098,-99
6746401536,251.7458,382.4751,-99
6746434869,249.8674,382.113,-99
6746468202,249.0848,381.395,-99
6746501535,249.5826,380.5351,-99
6746534868,250.494,381.4072,-99
6746568201,251.1597,379.1966,-99
6746601534,250.608,375.8826,-99
6746634867,249.2453,374.7065,-99
6746668200,249.6478,375.5035,-99
6746701533,248.4714,376.6122,-99
6746734866,247.1749,378.9776,-99
6746768199,247.9836,380.0586,-99
6746801532,248.3908,380.7014,-99
6746834865,247.7028,380.4741,-99
6746868198,248.0573,379.8359,-99
6746901531,249.2283,378.0046,-99
6746934864,248.1842,376.7656,-99
6746968197,249.552,372.6476,-99
6747001530,250.0613,370.7249,-99
6747034863,251.2423,369.0942,-99
6747068196,252.7302,367.8844,-99
6747101529,254.9817,367.6415,-99
6747134862,257.1234,365.7678,-99
6747168195,259.8041,364.0367,-99
6747201528,260.0272,365.3515,-99
6747234861,260.7643,365.3005,-99
6747268194,261.0027,363,-99
6747301527,261.0533,360.5821,-99
6747334860,261.2755,359.2533,-99
6747368193,260.8435,357.1076,-99
6747401526,261.4896,356.2739,-99
6747434859,260.9785,355.9612,-99
6747468192,258.792,354.6147,-99
6747501525,255.7379,353.9313,-99
6747534858,253.1439,353.658,-99
6747568191,249.7413,353.4709,-99
6747601524,245.6181,353.128,-99
6747634857,242.9506,351.8921,-99
6747668190,239.5468,351.9499,-99
6747701523,235.9172,351.5724,-99
6747734856,232.7552,351.3395,-99
6747768189,230.3429,351.3606,-99
6747801522,227.2987,351.2566,-99
6747834855,223.8802,350.8693,-99
6747868188,220.6566,351.1276,-99
6747901521,217.8162,350.1691,-99
6747934854,215.1609,349.5421,-99
6747968187,213.3598,348.0819,-99
6748001520,210.8095,346.3383,-99
6748034853,209.4442,345.5452,-99
6748064045,208.1111,343.876,-99
6748097378,206.5412,343.384,-99
6748130711,205.2011,342.6729,-99
6748164044,204.1618,339.982,-99
6748197377,203.846,338.3819,-99
6748230710,204.9766,336.4805,-99
6748264043,205.6992,336.3174,-99
6748297376,206.7703,333.0427,-99
6748330709,207.6241,331.3628,-99
6748364042,207.7772,332.2058,-99
6748397375,206.7624,330.7964,-99
6748430708,206.5576,329.5898,-99
6748464041,205.2019,324.8817,-99
6748497374,204.3881,322.8619,-99
6748530707,204.488,320.7211,-99
6748564040,202.3962,316.4174,-99
6748597373,202.3545,314.6944,-99
6748630706,200.7262,312.1968,-99
6748664039,197.7049,309.1342,-99
6748697372,196.2265,307.1783,-99
6748730705,194.0193,304.8394,-99
6748764038,192.4878,302.7534,-99
6748797371,190.6312,297.8987,-99
6748830704,189.8842,294.2684,-99
6748864037,189.7507,290.6947,-99
6748897370,190.5932,287.021,-99
6748930703,189.6675,284.268,-99
6748964036,188.4596,283.1465,-99
6748997369,186.7707,281.7732,-99
6749030702,184.6294,280.6597,-99
6749064035,183.2731,280.5232,-99
6749097368,181.6884,280.5276,-99
6749130701,181.272,281.016,-99
6749164034,180.9775,279.4113,-99
6749197367,182.2525,277.7168,-99
6749230700,181.1818,274.4915,-99
6749264033,182.4813,272.9064,-99
6749297366,182.8992,270.4907,-99
6749330699,182.9715,269.3161,-99
6749364032,183.5276,268.979,-99
6749397365,182.6015,268.5257,-99
6749430698,181.3797,268.1315,-99
6749464031,180.5429,267.1377,-99
6749497364,179.2934,266.2041,-99
6749530697,179.2717,265.3125,-99
6749564030,181.4129,265.1096,-99
6749597363,181.5027,262.0628,-99
6749630696,185.0341,261.5249,-99
6749664029,185.1843,256.5848,-99
6749697362,187.892,255.4742,-99
6749736243,188.0792,252.3292,-99
6749769576,189.5636,251.6234,-99
6749802909,188.5537,248.7829,-99
6749836242,189.2519,247.2267,-99
6749869575,189.3584,244.9048,-99
6749902908,190.2846,244.0346,-99
6749936241,191.4737,243.614,-99
6749969574,191.2782,243.6446,-99
6750002907,191.0604,243.7244,-99
6750036240,191.1281,243.5041,-99
6750069573,191.1745,243.3594,-99
6750102906,191.6968,242.4181,-99
6750136239,193.013,242.5233,-99
6750169572,193.8686,242.3325,-99
6750202905,196.7494,242.0075,-99
6750236238,199.6064,241.7826,-99
6750269571,202.5609,241.6912,-99
6750302904,204.8172,242.2751,-99
6750336237,206.6157,243.7034,-99
6750369570,207.9703,244.0127,-99
6750402903,208.7978,244.7582,-99
6750436236,209.1724,244.0991,-99
6750469569,210.618,244.1037,-99
6750502902,212.2384,244.5155,-99
6750536235,215.033,244.6795,-99
6750569568,218.5393,245.5839,-99
6750602901,220.6874,247.8137,-99
6750636234,223.1245,249.4578,-99
6750669567,225.2301,250.6703,-99
6750702900,226.9977,251.0878,-99
6750736233,228.1082,251.5629,-99
6750769566,229.0835,251.8079,-99
6750802899,230.1613,251.9032,-99
6750836232,231.7386,253.3864,-99
6750869565,233.067,254.1579,-99
6750902898,233.1797,255.3042,-99
6750936231,233.9702,256.5,-99
6750969564,234.4216,256.5882,-99
6751002897,234.9223,256.8782,-99
6751036230,235.037,256.5012,-99
6751069563,235.3023,256.869,-99
6751102896,235.5954,256.5494,-99
6751136229,235.4372,257.8186,-99
6751169562,235.3498,258.5157,-99
6751202895,235.6186,258.8114,-99
6751236228,236.5361,259.9147,-99
6751269561,237.0111,260.4422,-99
6751302894,237.4078,261.5358,-99
6751336227,237.2876,262.1955,-99
6751369560,237.1952,262.2777,-99
6751403580,237.115,262.3644,-99
6751436913,236.6702,262.3833,-99
6751470246,236.8239,262.763,-99
6751503579,236.509,263.2217,-99
6751536912,235.975,263.4955,-99
6751570245,235.4644,262.7667,-99
6751603578,235.0405,263.2207,-99
6751636911,236.24,262.5505,-99
6751670244,235.9741,262.8683,-99
6751703577,236.1901,262.3801,-99
6751736910,236.0068,263.5932,-99
6751770243,236.2143,262.855,-99
6751803576,236.843,263.0854,-99
6751836909,236.6366,262.5957,-99
6751870242,236.7356,262.4808,-99
6751903575,236.381,262.4548,-99
6751936908,235.9757,261.6947,-99
6751970241,235.8439,262,-99
6752003574,235.9324,262.2703,-99
6752036907,235.8413,262.7256,-99
6752070240,235.9951,263.4286,-99
6752103573,235.5813,262.9402,-99
6752136906,235.0893,263.4392,-99
6752170239,234.234,262.6569,-99
6752203572,233.0823,261.0411,-99
6752236905,230.6134,259.4217,-99
6752270238,228.6891,256.7843,-99
6752303571,227.2926,253.9771,-99
6752336904,224.785,250.725,-99
6752370237,222.1584,247.4961,-99
6752403570,219.9947,244.8968,-99
6752436903,217.7924,241.1833,-99
6752470236,215.0027,237.1267,-99
6752503569,212.1296,233.3889,-99
6752536902,210.2842,232.4772,-99
6752570235,207.665,229.3985,-99
6752603568,205.7056,227.6778,-99
6752636901,203.8955,225.3483,-99
6752670234,202.0251,223.4805,-99
6752703567,201.2401,221.7599,-99
6752736900,200.276,219.5651,-99
6752770233,200.0971,217.9903,-99
6752803566,199.6951,215.5687,-99
6752836899,200.4122,214.8906,-99
6752870232,201.336,212.9764,-99
6752903565,201.6694,211.0403,-99
6752936898,202.6104,210.3127,-99
6752970231,203.1706,208.7848,-99
6753003564,202.2208,207.1481,-99
6753036897,202.6865,206.2304,-99
6753070230,201.8172,203.6288,-99
6753103563,202.2374,201.1465,-99
6753136896,201.7184,198.261,-99
6753170229,201.8063,195.9136,-99
6753203562,201.9503,193.4503,-99
6753236895,201.163,191.0353,-99
6753270228,200.2563,189.5711,-99
6753303561,199.3233,187.7041,-99
6753336894,199.8634,186.5956,-99
6753370227,199.0172,184.3247,-99
6753403560,199.587,182.5844,-99
6753436893,201.9903,182.1739,-99
6753470226,204.3671,181.3851,-99
6753503559,206.075,180.5795,-99
6753536892,207.7522,180.3549,-99
6753570225,209.5272,178.5643,-99
6753603558,210.1738,178.1486,-99
6753636891,212.0799,176.9927,-99
6753670224,214.85,174.8816,-99
6753703557,217.7204,173.2109,-99
6753736890,220.395,170.8466,-99
6753770223,222.3231,168.9009,-99
6753803556,224.1181,166.7128,-99
6753836889,224.9832,163.8994,-99
6753870222,226.3802,161.3728,-99
6753903555,228.8726,157.9174,-99
6753936888,231.1935,153.9043,-99
6753970221,233.2616,153.3154,-99
6754003554,234.8761,151.0225,-99
6754036887,236.489,149.9757,-99
6754070220,237.8724,149.4661,-99
6754103553,237.7758,149.1234,-99
6754136886,237.4127,147.7989,-99
6754170219,237.1479,146.2431,-99
6754203552,239.2767,145.9281,-99
6754236885,240.8557,146.1179,-99
6754270218,242.6021,145.9563,-99
6754303551,244.5078,145.6907,-99
6754336884,246.6486,145.4438,-99
6754370217,247.8293,145.1546,-99
6754403550,249.6054,144.3698,-99
6754436883,250.9002,143.8429,-99
6754470216,250.6022,144.4034,-99
6754503549,250.577,144.82,-99
6754536882,252.2565,144.71,-99
6754570215,252.8311,144.6641,-99
6754603548,253.4663,143.636,-99
6754636881,253.9247,141.7979,-99
6754670214,254.7246,141.3325,-99
6754703547,257.711,138.8065,-99
6754742460,261.1059,137.1798,-99
6754775793,263.9594,136.9284,-99
6754809126,266.0049,136.7747,-99
6754842459,268.0155,135.9044,-99
6754875792,268.9178,133.061,-99
6754909125,269.4044,132.3162,-99
6754942458,272.718,130.4252,-99
6754975791,274.9396,129.809,-99
6755009124,277.4969,128.6505,-99
6755042457,277.8088,128.4853,-99
6755075790,281.4527,127.893,-99
6755109123,284.7964,127.944,-99
6755142456,287.9044,128.5142,-99
6755175789,290.2658,128.6341,-99
6755209122,292.553,128.303,-99
6755242455,294.302,128.1119,-99
6755275788,296.4344,128.0225,-99
6755309121,297.3979,126.4454,-99
6755342454,299.002,125.2238,-99
6755375787,300.5827,124.004,-99
6755409120,301.8793,123.2072,-99
6755442453,304.3346,122.9481,-99
6755475786,306.4531,122.8549,-99
6755509119,307.8489,123.1601,-99
6755542452,309.0659,123.4915,-99
6755575785,311.8621,123.9923,-99
6755609118,314.1239,124.184,-99
6755642451,317.2855,123.617,-99
6755675784,318.8902,123.1178,-99
6755709117,320.6882,121.2217,-99
6755742450,324.2482,120.294,-99
6755775783,327.3597,121.3765,-99
6755809116,330.8804,120.4537,-99
6755842449,332.9508,120.0281,-99
6755875782,334.5164,119.7418,-99
6755909115,335.5288,119.1971,-99
6755942448,335.9578,118.7018,-99
6755975781,337.2708,117.7344,-99
6756009114,339.8,116.5,-99
6756042447,341.0337,115.5285,-99
6756075780,342.0317,115.5066,-99
6756109113,342.2135,114.5911,-99
6756142446,343.5454,113.3896,-99
6756175779,345.0581,111.9651,-99
6756209112,345.5575,112.5848,-99
6756242445,345.6297,111.4772,-99
6756275778,346.6502,111.9486,-99
6756309111,347.8015,112.2198,-99
6756342444,348.6076,113.6076,-99
6756375777,347.656,115.2633,-99
6756411407,347.4187,115.9234,-99
6756444740,347.561,118.2439,-99
6756478073,347.9924,119.5945,-99
6756511406,348.8942,120.7548,-99
6756544739,348.947,121.4747,-99
6756578072,351.3266,122.2581,-99
6756611405,352.3631,123.1379,-99
6756644738,355.3054,123.5768,-99
6756678071,356.5454,124.3087,-99
6756711404,357.0952,125.6964,-99
6756744737,358.4,125.7851,-99
6756778070,359.5085,125.944,-99
6756811403,361.1066,126.7919,-99
6756844736,363.0077,127.5269,-99
6756878069,365.7936,127.4054,-99
6756911402,367.5955,126.665,-99
6756944735,368.5472,125.5056,-99
6756978068,370.0279,122.6788,-99
6757011401,369.8339,121.2085,-99
6757044734,369.8643,119.1136,-99
6757078067,370.4673,117.9408,-99
6757111400,370.2977,115.3592,-99
6757144733,369.8424,113.2508,-99
6757178066,369.2649,111.4805,-99
6757211399,369.4781,110.801,-99
6757244732,370.8326,109.4487,-99
6757278065,372.3991,109.3333,-99
6757311398,374.3133,109.0964,-99
6757344731,374.9198,109.2506,-99
6757378064,374.7736,109.628,-99
6757411397,376.6651,111.7518,-99
6757444730,377.5326,114.1832,-99
6757478063,379.3383,115.7681,-99
6757511396,379.2807,117.4912,-99
6757544729,379.4709,118.4417,-99
6757578062,383.3789,122.2828,-99
6757611395,384.0325,124.1627,-99
6757644728,384.4497,125.8995,-99
6757678061,385.9074,127.951,-99
6757711394,386.4836,131.5418,-99
6757744727,386.9058,134.8261,-99
6757778060,386.6475,138.2871,-99
6757811393,385.7889,140.4533,-99
6757844726,385.85,142.0071,-99
6757878059,386.0862,141.9634,-99
6757911392,386.5979,142.2407,-99
6757944725,387.3008,141.5244,-99
6757978058,388.8575,140.6995,-99
6758011391,389.527,138.6427,-99
6758044724,391.9227,136.4897,-99
6758078057,392.623,134.9465,-99
6758111390,394.7623,132.4877,-99
6758144723,396.4602,132.0916,-99
6758178056,398.8719,130.7955,-99
6758211389,401.927,130.0592,-99
6758244722,404.1686,129.4975,-99
6758278055,405.8369,129.447,-99
6758311388,406.2046,129.8845,-99
6758344721,406.2137,131.0897,-99
6758378054,406.7237,133.2281,-99
6758411387,407.7881,135.457,-99
6758444720,408.0325,137.6269,-99
6758478053,408.0939,138.2017,-99
6758511386,407.8904,140.1872,-99
6758544719,409.1515,143.2027,-99
6758578052,411.0674,142.6891,-99
6758611385,413.3513,144.334,-99
6758644718,414.2868,144.6954,-99
6758678051,417.4826,147.4304,-99
6758711384,418.8264,149.6588,-99
6758744717,419.8155,150.0673,-99
6758778050,421.5345,153.0788,-99
6758811383,422.7837,155.1501,-99
6758844716,423.5641,158.3897,-99
6758878049,424.0438,160.9808,-99
6758911382,424.7701,162.1607,-99
6758944715,423.4103,162.9818,-99
6758978048,426.8407,163.7885,-99
6759011381,428.5515,164.7655,-99
6759044714,431.1512,166.9524,-99
6759078047,433.5011,168.2442,-99
6759111380,435.1757,166.1886,-99
6759144713,435.8957,167.2812,-99
6759178046,438.0698,171.9887,-99
6759211379,438.3383,174.3035,-99
6759244712,439.5198,176.219,-99
6759278045,441.0116,181.0648,-99
6759311378,443.1755,184.2776,-99
6759344711,444.2505,186.0382,-99
6759378044,445.8817,187.9466,-99
6759411377,447.2637,188.1645,-99
6759444710,450.1025,190.0825,-99
6759478043,451.2713,192.4874,-99
6759511376,453.6316,194.2846,-99
6759544709,455.175,195.9497,-99
6759578042,455.1848,197.2916,-99
6759611375,455.0376,196.6647,-99
6759644708,456.7244,199.0028,-99
6759678041,453.9088,202.2323,-99
6759711374,454.8036,205.8109,-99
6759746114,457.6283,210.466,-99
6759779447,458.6082,215.298,-99
6759812780,458.6508,214.8,-99
6759846113,461.2393,215.7902,-99
6759879446,458.5511,215.608,-99
6759912779,459.3025,222.0588,-99
6759946112,461.4626,227.4581,-99
6759979445,464.3596,234.2168,-99
6760012778,463.5707,232.0472,-99
6760046111,462.4686,230.8841,-99
6760079444,458.1442,229.6875,-99
6760112777,458.0513,227.9949,-99
6760146110,459.3989,231.9894,-99
6760179443,455.1942,239.1019,-99
6760212776,457.9963,239.5259,-99
6760246109,460.0126,239.6635,-99
6760279442,464.7724,242.9806,-99
6760312775,464.7855,245.3633,-99
6760346108,466.4183,250.4462,-99
6760379441,466.1189,256.7297,-99
6760412774,465.019,262.381,-99
6760446107,469.4755,263.7304,-99
6760479440,471.3662,265.4527,-99
6760512773,468.3891,266.8482,-99
6760546106,467.9911,267.6239,-99
6760579439,467.8488,269.0617,-99
6760612772,467.2756,271.3878,-99
6760646105,466.4773,274.1883,-99
6760679438,465.7544,276.4491,-99
6760712771,466.5508,277.2623,-99
6760746104,467.2693,279.3622,-99
6760779437,466.5301,281.5931,-99
6760812770,465.2606,284.0098,-99
6760846103,466.2716,287.3099,-99
6760879436,466.9791,291.0962,-99
6760912769,468.33,292.8325,-99
6760946102,470.8182,292.7329,-99
6760979435,470.4157,293.1798,-99
6761012768,466.8523,294.8826,-99
6761046101,467.3185,296.1037,-99
6761079434,467.9881,296.546,-99
6761112767,469.7021,294.7945,-99
6761146100,470.2585,295.7609,-99
6761179433,471.1462,297.3231,-99
6761212766,471.1322,299.9979,-99
6761246099,471.9301,302.5805,-99
6761279432,473.3975,304.3775,-99
6761312765,473.411,306.4787,-99
6761346098,473.3503,307.7712,-99
6761379431,472.0512,310.1536,-99
6761412764,468.6384,311.6657,-99
6761446097,467.3041,312.1638,-99
6761479430,469.796,314.3803,-99
6761512763,467.1424,315.4,-99
6761546096,467.6817,316.7549,-99
6761579429,466.958,318.4514,-99
6761612762,465.2785,320.0583,-99
6761646095,463.3039,322.1195,-99
6761679428,461.4596,323.1237,-99
6761712761,459.549,324.634,-99
6761746094,457.6846,326.7197,-99
6761779427,456.6683,331.1226,-99
6761812760,457.4822,333.5621,-99
6761846093,458.7699,332.2537,-99
6761879426,458.3836,331.8491,-99
6761912759,458.2436,332.1955,-99
6761946092,457.2688,334.1501,-99
6761979425,455.9201,334.395,-99
6762012758,452.3885,334.6414,-99
6762046091,451.5884,334.1116,-99
6762079424,452.9375,330.3633,-99
6762112757,445.4697,332.1293,-99
6762146090,441.9811,331,-99
6762179423,438.5714,330.6964,-99
6762212756,439.0971,331.3743,-99
6762246089,439.0687,333.8104,-99
6762279422,440.5082,338.9385,-99
6762312755,442.2278,340.8048,-99
6762346088,443.0816,343.2472,-99
6762379421,441.0632,347.4063,-99
6762412754,440.7703,352.0383,-99
6762446087,439.5125,353.3371,-99
6762479420,439.436,354.2534,-99
6762512753,440.3626,353.4396,-99
6762546086,439.8384,354.3482,-99
6762579419,440.7653,357.2653,-99
6762612752,439.5301,361.1656,-99
6762646085,439.1906,362.3515,-99
6762679418,438.3087,363.8642,-99
6762712751,438.4356,364.7002,-99
6762746084,438.0775,366.7893,-99
6762779417,439.1186,368.5449,-99
6762812750,430.9188,369.3,-99
6762846083,426.2291,371.3268,-99
6762879416,424.5835,371.1771,-99
6762912749,424.1146,368.6198,-99
6762946082,422.2831,370.7762,-99
6762979415,419.9605,374.3947,-99
6763012748,417.4478,376.1578,-99
6763046081,417.9945,377.3524,-99
6763080102,417.1288,377.6258,-99
6763113435,413.1776,380.6075,-99
6763146768,414.7214,382.4667,-99
6763180101,414.8997,385.4216,-99
6763213434,413.75,385.6947,-99
6763246767,412.7013,385.684,-99
6763280100,411.49,385.5612,-99
6763313433,410.0819,389.1608,-99
6763346766,408.2166,389.1257,-99
6763380099,405.8328,392.1612,-99
6763413432,405.1525,394.2639,-99
6763446765,401.9767,393.6387,-99
6763480098,401.9706,398.0214,-99
6763513431,402.3737,397.982,-99
6763546764,401.3363,399.0111,-99
6763580097,399.7787,399.8709,-99
6763613430,398.9147,400.7996,-99
6763646763,396.8141,401.0774,-99
6763680096,394,401.0618,-99
6763713429,391.3496,402.2865,-99
6763746762,390.3935,403.1949,-99
6763780095,386.3266,400.5017,-99
6763813428,379.9882,400.6398,-99
6763846761,378.6703,400.1717,-99
6763880094,376.8696,402.5269,-99
6763913427,374.0218,404.0049,-99
6763946760,373.9866,402.3304,-99
6763980093,371.6982,403.4185,-99
6764013426,368.1339,403.8714,-99
6764046759,366.5077,403.5472,-99
6764080092,364.1149,403.6841,-99
6764113425,362.2741,403.8409,-99
6764146758,360.5218,403.5738,-99
6764180091,358.9515,403.0294,-99
6764213424,357.9698,402.3848,-99
6764246757,356.3809,401.9948,-99
6764280090,355.1226,402.0666,-99
6764313423,354.9057,402.0868,-99
6764346756,353.0157,401.5359,-99
6764380089,351.0382,402.1362,-99
6764413422,349.5361,403.1966,-99
6764446755,349.4729,403.4243,-99
6764480088,348.3888,404.1383,-99
6764513421,346.875,405.9318,-99
6764546754,344.3769,407.1287,-99
6764580087,341.5574,409.0811,-99
6764613420,338.993,409.5305,-99
6764646753,336.7699,409.9861,-99
6764680086,334.0928,410.2259,-99
6764713419,330.7669,410.5524,-99
6764752299,327.7213,411.1723,-99
6764785632,326.5385,411.182,-99
6764818965,323.8414,411.9207,-99
6764852298,321.7977,412.8734,-99
6764885631,319.9416,413.6987,-99
6764918964,318.2692,413.7519,-99
6764952297,314.7394,414.4907,-99
6764985630,313.471,414.408,-99
6765018963,313.3827,413.3404,-99
6765052296,313.8241,413.4581,-99
6765085629,314.7317,415.1086,-99
6765118962,314.6394,415.7345,-99
6765152295,312.0432,417.2843,-99
6765185628,310.452,418.2971,-99
6765218961,308.613,420.6318,-99
6765252294,307.4581,421.0542,-99
6765285627,306.3792,420.9681,-99
6765318960,305.4801,419.8556,-99
6765352293,306.0714,419.5461,-99
6765385626,303.1723,416.489,-99
6765418959,302.6009,415.2848,-99
6765452292,300.0261,413.0742,-99
6765485625,297.0557,410.2835,-99
6765518958,296.6799,409.3978,-99
6765552291,295.9033,410.0812,-99
6765585624,295.6546,411.228,-99
6765618957,293.29,411.2273,-99
6765652290,291.8416,410.5701,-99
6765685623,287.6277,408.2594,-99
6765718956,285.615,406.4972,-99
6765752289,283.5482,403.9584,-99
6765785622,281.5294,402.8529,-99
6765818955,281.2355,401.615,-99
6765852288,279.3278,400.2611,-99
6765885621,276.8267,398.9867,-99
6765918954,275.5222,397.9449,-99
6765952287,275.1228,395.8824,-99
6765985620,275.3846,394.4192,-99
6766018953,275.9654,393.1865,-99
6766052286,277.1413,392.3022,-99
6766085619,276.5634,391.9202,-99
6766118952,277.7102,391.3474,-99
6766152285,278.0552,391.8115,-99
6766185618,278.3855,391.9089,-99
6766218951,278.1765,392.233,-99
6766252284,277.4218,392.6553,-99
6766285617,276.8637,393.776,-99
6766318950,276.6335,393.5121,-99
6766352283,275.3575,395.095,-99
6766385616,275.2816,395.4678,-99
6766418949,274.5871,396.5022,-99
6766452282,272.7614,395.9026,-99
6766485615,270.2712,394.8418,-99
6766518948,267.8398,394.5009,-99
6766552281,265.477,393.728,-99
6766585614,263.018,392.7924,-99
6766618947,262.1934,393.0561,-99
6766652280,261.1187,392.2762,-99
6766685613,257.991,391.6157,-99
6766718946,256.1674,389.9774,-99
6766752279,253.3044,388.8109,-99
6766785612,249.8906,386.3589,-99
6766818945,247.8633,386.9544,-99
6766852278,244.6,386.5045,-99
6766885611,242.0692,385.4955,-99
6766918944,239.0586,381.185,-99
6766952277,237.5595,380.0195,-99
6766985610,238.3304,378.6464,-99
6767018943,238.6603,377.383,-99
6767052276,239.6445,376.2452,-99
6767085609,240.6315,375.6932,-99
6767118942,241.7259,375.3944,-99
6767152275,241.855,377.485,-99
6767185608,240.6961,377.3774,-99
6767218941,239.0416,377.3521,-99
6767252274,237.3278,377.7594,-99
6767285607,235.2644,377.9399,-99
6767318940,232.1313,377.8341,-99
6767352273,230.591,377.7234,-99
6767385606,227.9125,377.0709,-99
6767418939,225.4037,375.5777,-99
6767452272,223.8793,374.5081,-99
6767485605,221.1333,373.8828,-99
6767518938,219.9105,371.6734,-99
6767552271,219.2085,370.7108,-99
6767585604,217.4541,370.2588,-99
6767618937,217.3048,368.2741,-99
6767652270,216.7846,365.7154,-99
6767685603,217.9372,364.9916,-99
6767718936,217.5174,365.4008,-99
6767752269,217.7887,364.7867,-99
6767785602,217.0751,364.4114,-99
6767818935,216.4341,363.8015,-99
6767852268,214.5082,362.351,-99
6767885601,213.4866,361.7997,-99
6767918934,214.7876,362.3687,-99
6767952267,215.7365,361.8748,-99
6767985600,216.9717,361.2323,-99
6768018933,217.379,363.0073,-99
6768052266,217.9898,363.0639,-99
6768087928,218.113,361.8919,-99
6768121261,218.9222,360.7335,-99
6768154594,218.1938,359.1206,-99
6768187927,217.5581,357.7379,-99
6768221260,216.2612,357.1092,-99
6768254593,215.2016,357.2387,-99
6768287926,215.1633,357.8434,-99
6768321259,213.5992,358.3674,-99
6768354592,212.5445,359.9978,-99
6768387925,211.7476,361.7621,-99
6768421258,209.9184,363.2564,-99
6768454591,208.3917,364.7235,-99
6768487924,206.7764,367.2933,-99
6768521257,205.839,369.0839,-99
6768554590,204.4725,371.4572,-99
6768587923,202.9156,373.6267,-99
6768621256,203.0063,375.6941,-99
6768654589,202.8772,378.5351,-99
6768687922,202.4847,381.3544,-99
6768721255,202.4064,385.2581,-99
6768754588,203.3796,388.9002,-99
6768787921,203.58,392.1143,-99
6768821254,202.8176,395.9344,-99
6768854587,200.6933,397.7677,-99
6768887920,199.3135,401.1254,-99
6768921253,201.943,403.9958,-99
6768954586,200.4869,405.0222,-99
6768987919,197.5785,406.522,-99
6769021252,197.2363,407.7972,-99
6769054585,196.3913,409.1494,-99
6769087918,196.9431,409.5427,-99
6769121251,196.3969,409.5331,-99
6769154584,195.6176,409.5549,-99
6769187917,194.7229,409.7671,-99
6769221250,193.7879,409.894,-99
6769254583,193.2452,408.3044,-99
6769287916,193.7291,407.5927,-99
6769321249,195.2838,407.0724,-99
6769354582,196.806,406.6164,-99
6769387915,195.6135,405.7709,-99
6769421248,196.4804,403.7823,-99
6769454581,195.0322,402.4311,-99
6769487914,194.4678,400.9407,-99
6769521247,197.092,401.258,-99
6769554580,198.4125,400.3964,-99
6769587913,198.588,399.4099,-99
6769621246,198.888,399.0187,-99
6769654579,197.7096,399.1342,-99
6769687912,197.8977,398.4981,-99
6769721245,197.9243,398.2782,-99
6769760126,198.1093,398.4014,-99
6769793459,198.8382,398.3897,-99
6769826792,198.8852,398.487,-99
6769860125,199.5129,398.2657,-99
6769893458,199.0267,398.5498,-99
6769926791,199.7394,398.512,-99
6769960124,199.2321,398.8696,-99
6769993457,199.3099,399.0532,-99
6770026790,198.9469,399.3186,-99
6770060123,199.1051,399.3583,-99
6770093456,198.8891,399.1725,-99
6770126789,198.4447,399.0038,-99
6770160122,198.1922,398.9328,-99
6770193455,197.5464,398.9446,-99
6770226788,197.5141,398.5443,-99
6770260121,196.9141,398.8775,-99
6770293454,197.189,398.2665,-99
6770326787,196.6379,398.6004,-99
6770360120,197.1062,398.5598,-99
6770393453,196.9666,398.8703,-99
6770426786,197.6446,399.01,-99
6770460119,198.2066,399.4176,-99
6770493452,198.6,399.1978,-99
6770526785,198.1373,400.3262,-99
6770560118,198.2893,400.7397,-99
6770593451,198.1239,401.4097,-99
6770626784,198.521,402.0336,-99
6770660117,197.9597,402.5988,-99
6770693450,197.4277,402.2337,-99
6770726783,196.793,402.8725,-99
6770760116,199.4255,403.9596,-99
6770793449,199.9154,404.3383,-99
6770826782,200.4397,404.4821,-99
6770860115,200.4404,404.3883,-99
6770893448,200.7562,404.702,-99
6770926781,200.5856,404.3277,-99
6770960114,201.1802,404.5582,-99
6770993447,201.1004,404.0307,-99
6771026780,201.3193,404.2816,-99
6771060113,200.9145,403.5791,-99
6771093446,200.0042,402.9667,-99
6771126779,200.9671,401.2922,-99
6771160112,201.0505,400.7455,-99
6771193445,199.0113,400.3396,-99
6771226778,198.3041,399.4384,-99
6771260111,198.5437,398.3802,-99
6771293444,198.1519,398.2423,-99
6771326777,198.3806,397.5547,-99
6771360110,198.0906,397.2264,-99
6771393443,198.294,397.4428,-99
6771429105,197.9458,397.5975,-99
6771462438,198.2954,397.8532,-99
6771495771,197.9686,398.5046,-99
6771529104,198.1394,398.6617,-99
6771562437,197.8818,399.1839,-99
6771595770,197.7944,399.4981,-99
6771629103,198.449,400.0451,-99
6771662436,198.6772,399.7067,-99
6771695769,199.3267,400.2,-99
6771729102,199.2224,400.2205,-99
6771762435,199.523,400.0361,-99
6771795768,198.7637,400.0352,-99
6771829101,198.2998,399.7598,-99
6771862434,197.8734,399.7188,-99
6771895767,198.0697,399.3635,-99
6771929100,198.3346,398.9666,-99
6771962433,198.3598,398.8911,-99
6771995766,198.6895,398.4566,-99
6772029099,198.3383,398.6654,-99
6772062432,198.8978,398.188,-99
6772095765,198.4583,398.6449,-99
6772129098,198.9742,398.3573,-99
6772162431,198.875,398.5996,-99
6772195764,200.72,398.3789,-99
6772229097,200.11,396.9674,-99
6772262430,199.1791,395.4644,-99
6772295763,199.5018,392.3363,-99
6772329096,199.8413,389.9074,-99
6772362429,200.9234,386.1686,-99
6772395762,201.8011,380.8049,-99
6772429095,202.3384,375.3422,-99
6772462428,204.5465,369.2594,-99
6772495761,206.4742,362.6199,-99
6772529094,208.1626,357.0681,-99
6772562427,210.6417,353.2208,-99
6772595760,212.3341,351.5498,-99
6772629093,212.2584,351.1685,-99
6772662426,212.995,348.7065,-99
6772695759,213.2766,347.4096,-99
6772729092,213.928,346.504,-99
6772762425,213.4439,344.8171,-99
6772795758,212.093,342.4104,-99
6772829091,210.3458,341.9089,-99
6772862424,208.599,342.5424,-99
6772895757,206.6939,342.9949,-99
6772929090,204.3603,343.0888,-99
6772962423,201.2477,341.1158,-99
6772995756,200.7904,339.1856,-99
6773029089,199.4978,336.8568,-99
6773062422,198.4375,333.291,-99
6773095755,198.0781,332.1839,-99
6773129088,195.5608,327.8153,-99
6773162421,195.9976,326.1404,-99
6773195754,193.1528,324.2986,-99
6773229087,191.7908,322.7883,-99
6773262420,190.468,322.4271,-99
6773295753,187.7706,321.6881,-99
6773329086,185.8622,318.609,-99
6773362419,184.625,314.4193,-99
6773395752,183.0807,312.0244,-99
6773429085,182.7681,308.3541,-99
6773462418,182.8844,304.2178,-99
6773495751,182.8828,300.205,-99
6773529084,182.1179,298.6304,-99
6773562417,181.3139,298.4039,-99
6773595750,180.5515,294.971,-99
6773629083,179.9305,293.3396,-99
6773662416,178.5297,290.7595,-99
6773695749,178.4109,289.2104,-99
6773729082,178.0568,287.6784,-99
6773762415,177.5899,286.557,-99
6773795748,176.9891,283.6612,-99
6773829081,175.5931,281.4461,-99
6773862414,175.1826,279.0197,-99
6773895747,174.1522,276.2809,-99
6773929080,173.3111,274.8,-99
6773962413,171.0516,271.5931,-99
6773995746,170.9241,270.4661,-99
6774029079,170.2289,269.6948,-99
6774062412,170.2657,268.5851,-99
6774095745,169.7245,268.0124,-99
6774129078,169.1131,267.6055,-99
6774162411,169.0966,267.5545,-99
6774195744,169.1488,267.9048,-99
6774229077,168.3023,267.811,-99
6774262410,168.3421,268.2748,-99
6774295743,167.6491,268.1287,-99
6774329076,167.3134,268.5413,-99
6774362409,167.3382,266.0931,-99
6774395742,168.8971,264.3529,-99
6774429075,170.1384,262.9371,-99
6774462408,171.5717,259.1798,-99
6774495741,174.554,256.804,-99
6774529074,176.4072,253.9776,-99
6774562407,177.2348,253.5224,-99
6774595740,180.0224,251.5966,-99
6774629073,181.6641,249.7385,-99
6774662406,183.1253,249.0572,-99
6774695739,183.3509,246.9689,-99
6774729072,184.084,245.126,-99
6774761483,185.1526,245.0132,-99
6774794816,184.098,242.9748,-99
6774828149,182.2892,240.4297,-99
6774861482,181.6188,240.646,-99
6774894815,179.7914,240.361,-99
6774928148,176.7815,238.4594,-99
6774961481,175.1141,237.9947,-99
6774994814,172.809,236.9284,-99
6775028147,173.0811,232.5045,-99
6775061480,173.6383,231.2244,-99
6775094813,173.9587,227.9174,-99
6775128146,175.9486,227.1739,-99
6775161479,177.5011,224.9783,-99
6775194812,179.1894,224.1,-99
6775228145,181.0951,223.8922,-99
6775261478,181.2884,221.1305,-99
6775294811,181.6294,221.0723,-99
6775328144,180.2833,217.1615,-99
6775361477,180.4672,213.9235,-99
6775394810,182.3615,212.0475,-99
6775428143,182.727,209.234,-99
6775461476,183.4538,206.0897,-99
6775494809,185.1948,204.6494,-99
6775528142,186.3403,200.7669,-99
6775561475,187.7876,197.0752,-99
6775594808,188.4781,195.9561,-99
6775628141,187.4278,193.1635,-99
6775661474,188.6048,190.0188,-99
6775694807,190.9509,187.1938,-99
6775728140,192.7234,185.1729,-99
6775761473,195.4725,181.2088,-99
6775794806,197.8355,177.9399,-99
6775828139,200.3408,176.7346,-99
6775861472,202.2574,174.0217,-99
6775894805,203.2107,171.3467,-99
6775928138,203.9074,169.861,-99
6775961471,203.4665,168.0838,-99
6775994804,205.6595,166.199,-99
6776028137,208.6465,165.9131,-99
6776061470,210.7866,164.9351,-99
6776094803,213.3353,164.2948,-99
6776128136,215.0477,163.5785,-99
6776161469,217.2635,161.6617,-99
6776194802,218.5806,161.1756,-99
6776228135,218.6148,158.4796,-99
6776261468,220.321,155.1917,-99
6776294801,222.7305,153.1385,-99
6776328134,225.4011,150.794,-99
6776361467,228.2799,146.7368,-99
6776394800,229.9212,146.1304,-99
6776428821,231.7894,142.5472,-99
6776462154,233.1313,142.0354,-99
6776495487,234.522,139.4832,-99
6776528820,237.1516,137.9242,-99
6776562153,240.8556,136.6733,-99
6776595486,242.7681,136.0773,-99
6776628819,245.1591,134.8682,-99
6776662152,247.8708,133.3813,-99
6776695485,250.0085,132.6844,-99
6776728818,252.038,131.8747,-99
6776762151,252.8275,130.1594,-99
6776795484,253.8439,129.2813,-99
6776828817,254.8712,127.2773,-99
6776862150,253.594,126.3033,-99
6776895483,255.946,123.9155,-99
6776928816,257.825,122.4175,-99
6776962149,260.2113,122.459,-99
6776995482,262.5471,121.8669,-99
6777028815,265.8132,121.4241,-99
6777062148,270.3438,122.0229,-99
6777095481,275.5766,120.636,-99
6777128814,279.8357,119.6732,-99
6777162147,283.024,118.79,-99
6777195480,286.4802,117.6012,-99
6777228813,288.8767,116.3151,-99
6777262146,291.054,113.7125,-99
6777295479,293.6706,113.3341,-99
6777328812,296.1509,113.3708,-99
6777362145,300.5711,112.2458,-99
6777395478,304.5529,111.652,-99
6777428811,308.1715,110.6632,-99
6777462144,312.4151,110.369,-99
6777495477,315.9083,109.7156,-99
6777528810,318.6742,109.7809,-99
6777562143,319.52,109.3453,-99
6777595476,320.6468,108.3963,-99
6777628809,321.8707,107.819,-99
6777662142,322.9354,106.2833,-99
6777695475,323.8713,105.4713,-99
6777728808,324.1656,104.7805,-99
6777762141,326.8943,103.5321,-99
6777795474,327.8356,103.2486,-99
6777828807,329.1325,102.8655,-99
6777862140,331.4305,103.7278,-99
6777895473,333.7591,104.2773,-99
6777928806,335.1622,106.276,-99
6777962139,338.4702,106.5723,-99
6777995472,341.6761,107.1984,-99
6778028805,343.9595,107.5053,-99
6778062138,348.0038,107.3,-99
6778097799,350.9834,107.4788,-99
6778131132,354.3214,108.2693,-99
6778164465,357.107,109.1596,-99
6778197798,358.5322,109.833,-99
6778231131,360.0513,111.1637,-99
6778264464,362.5449,111.8719,-99
6778297797,364.3765,112.7591,-99
6778331130,366.7051,113.8281,-99
6778364463,368.8897,114.0543,-99
6778397796,371.8146,114.4011,-99
6778431129,373.2609,115.8526,-99
6778464462,374.5149,116.831,-99
6778497795,377.8152,118.5194,-99
6778531128,379.3515,119.3107,-99
6778564461,381.7387,119.3064,-99
6778597794,385.2949,119.3516,-99
6778631127,388.7614,118.7321,-99
6778664460,390.3712,119.0284,-99
6778697793,393.1146,119.5138,-99
6778731126,394.8098,120.3843,-99
6778764459,396.4575,121.6525,-99
6778797792,396.8493,123.5047,-99
6778831125,398.1268,124.1881,-99
6778864458,398.5485,125.3458,-99
6778897791,398.0903,126.9957,-99
6778931124,396.6619,126.8536,-99
6778964457,397.4034,128.1635,-99
6778997790,397.6605,128.8302,-99
6779031123,397.9056,129.5107,-99
6779064456,397.9796,129.8712,-99
6779097789,397.9958,129.8038,-99
6779131122,400.1758,130.5527,-99
6779164455,401.2422,131.4414,-99
6779197788,402.51,131.9324,-99
6779231121,402.3388,131.812,-99
6779264454,403.6058,131.7639,-99
6779297787,404.0811,130.7809,-99
6779331120,406.3545,130.0061,-99
6779364453,408.5711,129.4368,-99
6779397786,410.6937,129.3712,-99
6779431119,412.7951,129.5623,-99
6779464452,412.9473,129.4327,-99
6779497785,413.6649,130.1504,-99
6779531118,414.2663,130.6341,-99
6779564451,414.3585,131.7946,-99
6779597784,414.7862,133.5283,-99
6779631117,415.716,134.608,-99
6779664450,416.3447,136.5331,-99
6779697783,417.89,138.34,-99
6779731116,420.0232,140.5888,-99
6779764449,421.2546,143.2074,-99
6779797782,424.0196,145.6947,-99
6779831115,426.852,148.4099,-99
6779864448,430.0984,149.9035,-99
6779897781,431.0845,151.068,-99
6779931114,433.3516,152.1443,-99
6779964447,434.9585,153.4378,-99
6779997780,436.7479,154.733,-99
6780031113,438.9745,155.9562,-99
6780064446,440.595,157.2778,-99
6780097779,442.1698,158.8489,-99
6780131112,443.8044,160.2732,-99
6780164445,445.6502,161.5389,-99
6780197778,446.4859,163.2458,-99
6780231111,448.955,164.4874,-99
6780264444,449.8569,165.8115,-99
6780297777,450.994,167.0931,-99
6780331110,452.732,167.8976,-99
6780364443,454.2387,167.7312,-99
6780397776,455.8409,168.4975,-99
6780431109,456.6469,168.518,-99
6780464442,457.5158,168.5053,-99
6780497775,459.3263,167.0789,-99
6780531108,460.6316,166.2763,-99
6780564441,462.6211,163.8093,-99
6780597774,463.7682,163.4142,-99
6780631107,465.5826,161.4513,-99
6780664440,467.3718,160.9168,-99
6780697773,467.3885,160.3546,-99
6780731106,467.8189,160.4547,-99
6780764439,468.9937,160.4515,-99
6780797772,469.5663,161.9137,-99
6780831105,469.7641,162.2964,-99
6780864438,469.2615,163.7635,-99
6780897771,468.9436,165.3132,-99
6780931104,469.1935,165.9375,-99
6780964437,468.4289,166.2134,-99
6780997770,467.9089,165.8081,-99
6781031103,468.7809,165.4991,-99
6781064436,468.8538,165.3711,-99
6781097769,468.7098,165.4784,-99
6781131102,469.2206,166.5402,-99
6781164435,469.7971,168.1594,-99
6781197768,470.2269,170.452,-99
6781231101,470.0939,173.6151,-99
6781264434,470.0886,177.1808,-99
6781297767,470.3696,181.3415,-99
6781331100,470.1615,186.5135,-99
6781364433,470.0116,192.7587,-99
6781397766,470.1962,198.4667,-99
6781436647,468.7877,203.6506,-99
6781469980,466.0798,206.2815,-99
6781503313,464.6189,208.388,-99
6781536646,462.6748,210.6481,-99
6781569979,461.6356,212.6687,-99
6781603312,460.8654,213.5756,-99
6781636645,460.0283,214.1293,-99
6781669978,460.2606,214.7434,-99
6781703311,460.5134,216.0309,-99
6781736644,461.0799,217.1496,-99
6781769977,461.3561,218.6439,-99
6781803310,462.3243,220.7113,-99
6781836643,463.0218,221.9921,-99
6781869976,464.9621,222.3073,-99
6781903309,465.4622,224.2571,-99
6781936642,465.75,226.317,-99
6781969975,466.5725,228.6743,-99
6782003308,466.8737,231.4355,-99
6782036641,467.6595,234.9378,-99
6782069974,468.3401,236.9453,-99
6782103307,470.5023,237.8732,-99
6782136640,464.0886,237.6076,-99
6782169973,458.2553,240.9574,-99
6782203306,458.9896,244.0833,-99
6782236639,471.004,251.0712,-99
6782269972,471.4987,249.7937,-99
6782303305,470.988,250.5502,-99
6782336638,467.6888,251.2387,-99
6782369971,469.5645,255.9857,-99
6782403304,467.2278,260.5917,-99
6782436637,465.9305,260.9552,-99
6782469970,463.3584,261.7765,-99
6782503303,461.7267,262.5349,-99
6782536636,460.3081,263.4533,-99
6782569969,459.0688,263.3907,-99
6782603302,458.0332,264.8755,-99
6782636635,456.7256,265.2012,-99
6782669968,455.5939,265.3429,-99
6782703301,456.4226,263.0983,-99
6782736634,456.9219,263.6667,-99
6782769967,456.9846,263.5064,-99
6782803300,457.6709,264.1403,-99
6782836633,459.3554,265.1883,-99
6782869966,461.742,266.5692,-99
6782903299,465.5734,268.4709,-99
6782936632,467.6011,272.4473,-99
6782969965,469.3207,273.3989,-99
6783003298,470.641,275.3634,-99
6783036631,471.0827,275.9763,-99
6783069964,472.8381,277.5645,-99
6783105594,473.6638,278.5922,-99
6783138927,472.6344,278.5981,-99
6783172260,474.2151,280.0641,-99
6783205593,474.5736,280.8853,-99
6783238926,474.6615,281.7505,-99
6783272259,474.3586,283.7356,-99
6783305592,474.6674,285.0926,-99
6783338925,474.4033,286.8169,-99
6783372258,474.2048,287.7885,-99
6783405591,473.1855,288.3488,-99
6783438924,473.2473,289.4529,-99
6783472257,472.3319,289.4813,-99
6783505590,471.189,289.293,-99
6783538923,470.7701,289.0089,-99
6783572256,470.2271,288.762,-99
6783605589,469.6996,288.2982,-99
6783638922,468.9527,287.9226,-99
6783672255,468.7587,288.063,-99
6783705588,469.3234,286.9726,-99
6783738921,468.9175,286.11,-99
6783772254,468.714,287.7738,-99
6783805587,469.7747,286.2921,-99
6783838920,468.7895,287.8732,-99
6783872253,469.3237,288.7746,-99
6783905586,469.6708,289.6733,-99
6783938919,470.3777,289.6659,-99
6783972252,471.2599,289.2112,-99
6784005585,472.3261,288.5848,-99
6784038918,472.8996,288.0534,-99
6784072251,473.2604,288.4095,-99
6784105584,473.0351,288.8182,-99
6784138917,472.5627,289.802,-99
6784172250,471.2547,290.8716,-99
6784205583,469.8258,291.0172,-99
6784238916,468.7414,291.4483,-99
6784272249,467.3627,291.7694,-99
6784305582,466.676,291.4785,-99
6784338915,466.4299,291.3224,-99
6784372248,466.6028,290.8622,-99
6784405581,465.8237,291.2667,-99
6784438914,464.1068,288.3769,-99
6784472247,459.7217,283.3478,-99
6784505580,454.0526,297.3158,-99
6784538913,453.3023,294.4186,-99
6784572246,460.5566,296.11,-99
6784605579,460.5085,292.2818,-99
6784638912,458.8321,291.6667,-99
6784672245,458.2524,294.2404,-99
6784705578,458.526,293.146,-99
6784738911,457.8037,293.0286,-99
6784777824,456.7553,292.9894,-99
6784811157,457.7174,292.086,-99
6784844490,457.2919,292.8038,-99
6784877823,457.0816,292.8495,-99
6784911156,457.5229,294.1371,-99
6784944489,457.3032,295.1858,-99
6784977822,458.3095,295.9074,-99
6785011155,458.7071,296.4975,-99
6785044488,459.3776,297.9401,-99
6785077821,461.1425,299.7419,-99
6785111154,461.6676,301.4432,-99
6785144487,462.5533,303.4231,-99
6785177820,463.6667,305.7449,-99
6785211153,463.3636,306.4118,-99
6785244486,464.208,305.4026,-99
6785277819,466.5733,309.2618,-99
6785311152,467.6621,308.678,-99
6785344485,470.1938,311.3589,-99
6785377818,469.1706,310.4829,-99
6785411151,470.628,310.9893,-99
6785444484,473.4693,309.6341,-99
6785477817,472.4452,310.613,-99
6785511150,472.9452,310.3425,-99
6785544483,472.9739,310.2969,-99
6785577816,471.8224,309.5654,-99
6785611149,470.6854,309.4927,-99
6785644482,469.726,310.351,-99
6785677815,470.0741,310.1453,-99
6785711148,469.7583,310.8543,-99
6785744481,469.1786,311.6101,-99
6785777814,469.2012,310.4573,-99
6785811147,469.4971,308.5144,-99
6785844480,469.6581,308.3968,-99
6785877813,470.8921,309.8289,-99
6785911146,471.3683,308.6183,-99
6785944479,472.2082,308.0571,-99
6785977812,471.988,307.9343,-99
6786011145,471.2817,307.7302,-99
6786044478,471.3107,305.8437,-99
6786077811,470.9282,305.7201,-99
6786111144,469.7423,306.1615,-99
6786144477,468.8178,306.315,-99
6786177810,467.5574,305.7362,-99
6786211143,468.2272,305.4016,-99
6786244476,467.9511,305.9104,-99
6786277809,466.0983,306.0377,-99
6786311142,464.6873,305.2851,-99
6786344475,463.417,305.4234,-99
6786377808,461.7932,306.4652,-99
6786411141,460.1815,307.5475,-99
6786444474,457.1351,305.1291,-99
6786477807,455.0543,301.6172,-99
6786511140,452.9669,301.5565,-99
6786544473,451.5653,301.32,-99
6786577806,451.3921,301.6749,-99
6786611139,450.2191,301.2922,-99
6786644472,448.863,300.6382,-99
6786677805,448.67,300.6269,-99
6786711138,448.248,300.9121,-99
6786744471,447.283,300.7912,-99
6786777804,446.3977,300.5,-99
6786811137,448.0092,301.3723,-99
6786844470,449.244,302.6564,-99
6786877803,448.7949,301.9316,-99
6786911136,447.1579,300.4474,-99
6786944469,448.7135,299.9635,-99
6786977802,448.6853,299.7529,-99
6787011135,448.7995,300.3532,-99
6787044468,449.3204,300.4531,-99
6787077801,449.4119,300.2838,-99
6787111134,454.106,298.6391,-99
6787144467,450.4634,300.2097,-99
6787177800,450.3758,301.0722,-99
6787211133,450.3573,300.5867,-99
6787244466,450.1323,303.8453,-99
6787277799,450.2562,307.8292,-99
6787311132,449.1215,312.1187,-99
6787344465,448.0133,311.7333,-99
6787377798,451.5418,313.105,-99
6787411131,451.6168,315.6054,-99
6787444464,452.4325,316.8903,-99
6787477797,451.0349,319.1209,-99
6787511130,448.9401,320.6408,-99
6787544463,447.6191,322.0859,-99
6787577796,446.0984,323.4633,-99
6787611129,444.8011,324.056,-99
6787644462,443.1247,326.2762,-99
6787677795,443.0284,327.8649,-99
6787711128,443.5168,329.0157,-99
6787744461,441.8598,332.4021,-99
6787777794,442.4494,334.1136,-99
6787811127,442.0584,332.8285,-99
6787844460,441.8248,332.4459,-99
6787877793,440.1866,332.0612,-99
6787911126,441.0344,332.2804,-99
6787944459,439.9574,333.6291,-99
6787977792,438.858,337.7996,-99
6788011125,436.391,340.7293,-99
6788044458,434.9778,344.7805,-99
6788077791,433.8986,346.3739,-99
6788105342,434.1309,348.5707,-99
6788138675,434.7538,349.6813,-99
6788172008,434.9588,348.9039,-99
6788205341,434.1446,351.3057,-99
6788238674,432.4134,353.5981,-99
6788272007,430.5095,354.0166,-99
6788305340,428.9452,355.9295,-99
6788338673,427.4293,358.1712,-99
6788372006,427.0786,357.2865,-99
6788405339,425.5821,363.2665,-99
6788438672,424.4344,363.7511,-99
6788472005,423.1752,365.1098,-99
6788505338,421.9078,365.7112,-99
6788538671,422.625,365.2115,-99
6788572004,419.7914,366.9568,-99
6788605337,419.19,369.734,-99
6788638670,417.1359,371.733,-99
6788672003,415.5347,371.3873,-99
6788705336,416.4023,375.2506,-99
6788738669,417.3064,376.2629,-99
6788772002,417.8881,377.4219,-99
6788805335,418.0474,377.7088,-99
6788838668,416.3073,378.4103,-99
6788872001,414.5099,379.3988,-99
6788905334,412.2184,380.198,-99
6788938667,411.6845,380.8665,-99
6788972000,412.0755,383.4686,-99
6789005333,407.8878,382.8529,-99
6789038666,402.7339,381.5068,-99
6789071999,401.25,380.6768,-99
6789105332,399.524,379.8004,-99
6789138665,397.3458,381.1284,-99
6789171998,394.1284,383.9427,-99
6789205331,392.2063,384.026,-99
6789238664,390.7009,384.2991,-99
6789271997,390.6234,384.6004,-99
6789305330,387.9066,386.2147,-99
6789338663,386.9877,386.398,-99
6789371996,385.7294,386.443,-99
6789405329,385.1599,387.099,-99
6789438662,383.7357,388.7833,-99
6789471995,382.117,391.3351,-99
6789505328,380.5079,393.2267,-99
6789538661,380.8578,394.9123,-99
6789571994,381.6062,396.8083,-99
6789605327,380.3828,397.3318,-99
6789638660,381.1641,397.5833,-99
6789671993,376.4429,397.7809,-99
6789705326,373.6596,397.1479,-99
6789738659,372.7137,396.499,-99
6789771070,370.5798,396.295,-99
6789804403,367.0112,395.9083,-99
6789837736,365.3209,396.0532,-99
6789871069,365.7515,396.4493,-99
6789904402,364.6125,399.015,-99
6789937735,362.2172,398.0859,-99
6789971068,357.5717,397.3934,-99
6790004401,354.8208,397.8618,-99
6790037734,352.8769,397.2209,-99
6790071067,351.7233,395.7198,-99
6790104400,349.9085,393.427,-99
6790137733,348.5131,392.2758,-99
6790171066,349.8592,391.1222,-99
6790204399,349.8597,390.3846,-99
6790237732,349.3759,389.8677,-99
6790271065,348.6554,391.0721,-99
6790304398,348.576,392.4943,-99
6790337731,349.4804,395.1524,-99
6790371064,349.5938,398.0022,-99
6790404397,349.6009,400.7361,-99
6790437730,347.3029,402.7682,-99
6790471063,346.2864,403.6741,-99
6790504396,344.9932,404.4581,-99
6790537729,345.1136,406.7954,-99
6790571062,341.3573,405.4951,-99
6790604395,338.7983,405.4137,-99
6790637728,337.5941,405.2713,-99
6790671061,336.51,405.2641,-99
6790704394,334.408,405.9272,-99
6790737727,332.9573,406.6459,-99
6790771060,331.5875,409.4384,-99
6790804393,332.8005,412.0577,-99
6790837726,331.0625,414.8255,-99
6790871059,329.5918,412.6371,-99
6790904392,327.2025,412.1867,-99
6790937725,325.687,412.1581,-99
6790971058,325.7388,411.2694,-99
6791004391,324.6023,410.5892,-99
6791037724,323.5324,409.9283,-99
6791071057,322.3588,409.565,-99
6791104390,321.1453,409.1993,-99
6791137723,320.0732,409.1789,-99
6791171056,318.8761,408.9711,-99
6791204389,318.0577,408.1538,-99
6791237722,316.2394,407.2905,-99
6791271055,313.9489,406.9538,-99
6791304388,313.0264,406.2201,-99
6791337721,311.3005,406.1521,-99
6791371054,311.8172,407.1075,-99
6791404387,311.3099,406.9319,-99
6791440018,310.7717,406.687,-99
6791473351,310.5884,407.5372,-99
6791506684,310.7043,407.2043,-99
6791540017,310.5837,408.5611,-99
6791573350,308.9547,409.2124,-99
6791606683,307.519,409.4666,-99
6791640016,308.0753,409.0376,-99
6791673349,308.8042,408.3102,-99
6791706682,308.1449,407.6608,-99
6791740015,308.7519,406.4398,-99
6791773348,306.9365,406.9537,-99
6791806681,306.8646,407.704,-99
6791840014,306.9823,409.1292,-99
6791873347,306.7624,411.2256,-99
6791906680,307.4198,412.459,-99
6791940013,307.7369,413.7544,-99
6791973346,308.0674,413.9882,-99
6792006679,308.2368,414.4088,-99
6792040012,308.1731,415.2807,-99
6792073345,310.0963,415.2111,-99
6792106678,310.5278,415.3222,-99
6792140011,311.2324,415.2852,-99
6792173344,311.3557,415.6089,-99
6792206677,311.6066,416.1725,-99
6792240010,312.0753,416.5518,-99
6792273343,312.1224,417.0497,-99
6792306676,312.1082,416.6642,-99
6792340009,313.2384,417.0687,-99
6792373342,315.3177,418.0089,-99
6792406675,315.594,418.5963,-99
6792440008,316.4471,418.9827,-99
6792473341,317.5087,419.1696,-99
6792506674,317.529,420.5513,-99
6792540007,317.8677,420.0557,-99
6792573340,318.4639,421.1072,-99
6792606673,320.0705,421.8436,-99
6792640006,320.3747,424.1603,-99
6792673339,322.4487,425.9167,-99
6792706672,324.7464,428.5097,-99
6792740005,327.9706,431.9278,-99
6792773338,330.4935,435.2435,-99
6792806671,332.1033,437.6599,-99
6792840004,334.6162,441.4386,-99
6792873337,334.0833,443.132,-99
6792906670,333.4037,445.2712,-99
6792940003,334.5225,445.9122,-99
6792973336,335.9495,447.4126,-99
6793006669,337.9408,450.1011,-99
6793040002,338.7391,451.5501,-99
6793073335,340.1318,452.7907,-99
6793112215,340.3651,451.0072,-99
6793145548,341.1223,451.4401,-99
6793178881,341.291,453.0854,-99
6793212214,340.7961,453.5365,-99
6793245547,341.8652,453.636,-99
6793278880,341.4512,452.5646,-99
6793312213,340.9615,451.864,-99
6793345546,340.075,451.3705,-99
6793378879,339.3518,450.757,-99
6793412212,338.2673,450.6324,-99
6793445545,337.7846,452.5635,-99
6793478878,336.1943,452.0076,-99
6793512211,334.9163,448.9408,-99
6793545544,333.5354,447.2832,-99
6793578877,331.5951,448.8849,-99
6793612210,330.325,448.0284,-99
6793645543,331.2065,447.2102,-99
6793678876,331.1469,443.4496,-99
6793712209,334.0328,443.1311,-99
6793745542,332.5916,443.203,-99
6793778875,332.5573,440.7277,-99
6793812208,332.217,438.311,-99
6793845541,332.8065,437.3387,-99
6793878874,333.229,437.1156,-99
6793912207,333.2454,436.5393,-99
6793945540,332.7695,437.5391,-99
6793978873,332.7161,438.1928,-99
6794012206,332.739,437.4779,-99
6794045539,332.4838,437.83,-99
6794078872,332.3044,437.3123,-99
6794112205,331.8144,437.2062,-99
6794145538,332.1349,437.2054,-99
6794178871,331.5683,437.5361,-99
6794212204,331.3165,437.8882,-99
6794245537,331.1156,437.4261,-99
6794278870,331.0811,436.8604,-99
6794312203,330.7224,437.847,-99
6794345536,330.4074,438.5764,-99
6794378869,330.3385,438.8717,-99
6794412202,330.133,439.422,-99
6794445535,329.7946,439.8036,-99
6794478868,329.7444,440.6555,-99
6794512201,329.9818,441.041,-99
6794545534,330.643,442.0954,-99
6794578867,331.5471,443.466,-99
6794612200,332.4912,445.2941,-99
6794645533,332.9619,444.5204,-99
6794678866,332.2375,444.0451,-99
6794712199,332.4751,445.2835,-99
6794745532,333.1807,445.7099,-99
6794782116,333.6954,445.7817,-99
6794815449,331.9941,446.4289,-99
6794848782,332.5183,447.0386,-99
6794882115,333.8049,447.2054,-99
6794915448,334.5303,447.5479,-99
6794948781,336.4779,448.6084,-99
6794982114,337.7015,449.3399,-99
6795015447,339.9581,449.9536,-99
6795048780,341.746,449.3187,-99
6795082113,344.0347,450.5965,-99
6795115446,346.8197,453.6793,-99
6795148779,349.4495,454.2112,-99
6795182112,351.8054,454.9364,-99
6795215445,354.8509,455.2087,-99
6795248778,357.5813,455.4959,-99
6795282111,360.5331,455.7438,-99
6795315444,363.7876,455.2701,-99
6795348777,365.8933,454.2778,-99
6795382110,367.9217,453.4295,-99
6795415443,369.87,453.0482,-99
6795448776,371.266,452.817,-99
6795482109,372.1707,452.5787,-99
6795515442,372.6651,451.7621,-99
6795548775,373.2467,451.1878,-99
6795582108,372.4704,449.6355,-99
6795615441,372.6586,449.5908,-99
6795648774,371.6913,450.0264,-99
6795682107,372.0798,449.3466,-99
6795715440,371.2325,449.6075,-99
6795748773,370.6163,449.4035,-99
6795782106,370.3005,449.0566,-99
6795815439,369.4213,449.5076,-99
6795848772,368.7416,449.5674,-99
6795882105,367.4133,448.7947,-99
6795915438,366.2423,449.4337,-99
6795948771,366.7791,450.0342,-99
6795982104,367.3974,450.9915,-99
6796015437,366.2071,451.5957,-99
6796048770,366.441,451.2112,-99
6796082103,366.22,451.3524,-99
6796115436,366.1332,451.3853,-99
6796148769,366.0576,451.4692,-99
6796182102,366.3474,451.7305,-99
6796215435,366.3142,451.8481,-99
6796248768,367.0839,451.6918,-99
6796282101,367.7974,450.8128,-99
6796315434,366.1155,449.9318,-99
6796348767,367.4344,449.3316,-99
6796382100,368.2507,449.6491,-99
6796415433,368.859,448.8963,-99
6796448766,369.6997,449.1476,-99
6796482099,370.2609,449.4092,-99
6796515432,371.3481,449.2804,-99
6796548765,371.7643,449.7072,-99
6796582098,372.0529,448.9839,-99
6796615431,372.0309,449.1568,-99
6796648764,372.1818,448.6159,-99
6796682097,371.6262,449.4486,-99
6796715430,371.3216,448.777,-99
6796748763,370.5526,449.6866,-99
6796782096,369.5023,449.8394,-99
6796815429,368.2751,449.7273,-99
6796848762,367.4312,449.9449,-99
6796882095,366.0898,450.6194,-99
6796915428,364.0768,451.5707,-99
6796948761,362.3837,451.7465,-99
6796982094,360.5079,451.932,-99
6797015427,358.3628,452.2948,-99
6797048760,356.1836,452.4137,-99
6797082093,354.039,452.5965,-99
6797115426,352.4507,452.0086,-99
6797148759,349.9898,451.886,-99
6797182092,348.2716,451.4671,-99
6797215425,345.9307,450.9675,-99
6797248758,342.3561,450.7101,-99
6797282091,340.7792,448.106,-99
6797315424,338.9313,446.1801,-99
6797348757,336.9712,445.0551,-99
6797382090,334.6595,445.4825,-99
6797415423,331.7867,443.5215,-99
6797448756,328.9738,442.0131,-99
6797482089,328.9586,443.2122,-99
6797515422,327.7027,442.5521,-99
6797548755,328.2958,440.7726,-99
6797582088,328.7038,439.6492,-99
6797615421,327.1938,442.5215,-99
6797648754,326.6523,440.0329,-99
6797682087,326.7732,439.4676,-99
6797715420,324.9657,438.4561,-99
6797748753,325.7,438.0925,-99
6797782086,325.7289,437.2637,-99
6797815419,325.6259,437.287,-99
6797848752,325.5946,436.8182,-99
6797882085,324.7707,436.2583,-99
6797915418,323.5626,435.7303,-99
6797948751,323.4525,436.626,-99
6797982084,325.8824,437.3294,-99
6798015417,326.8737,437.3816,-99
6798048750,327.1683,437.4827,-99
6798082083,325.6872,437.8641,-99
6798123292,325.313,438.9151,-99
6798156625,327.0056,438.6889,-99
6798189958,327.4324,437.6978,-99
6798223291,326.9395,436.1323,-99
6798256624,325.1291,435.499,-99
6798289957,326.1822,435.2871,-99
6798323290,323.4642,434.5938,-99
6798356623,322.7997,433.3573,-99
6798389956,323.1602,431.605,-99
6798423289,323.7188,431.4897,-99
6798456622,323.455,430.7566,-99
6798489955,322.6155,430.6245,-99
6798523288,322.7011,430.1935,-99
6798556621,323.4792,429.9683,-99
6798589954,322.6765,429.5078,-99
6798623287,322.259,429.786,-99
6798656620,322.6877,430.6149,-99
6798689953,322.6123,430.4819,-99
6798723286,323.25,430.6927,-99
6798756619,323.3196,431.615,-99
6798789952,324.4823,432.3032,-99
6798823285,324.574,432.7079,-99
6798856618,326.063,433.8941,-99
6798889951,325.3087,434.9728,-99
6798923284,325.7862,434.4343,-99
6798956617,324.5408,434.972,-99
6798989950,325.0635,434.6145,-99
6799023283,323.5233,435.0576,-99
6799056616,323.989,434.9602,-99
6799089949,323.1235,434.7449,-99
6799123282,321.5318,432.4983,-99
6799156615,322.4539,431.977,-99
6799189948,322.572,431.4766,-99
6799223281,322.6104,431.2412,-99
6799256614,322.4317,431.4705,-99
6799289947,321.8515,430.6748,-99
6799323280,321.9171,430.5672,-99
6799356613,321.8618,429.9605,-99
6799389946,321.6109,429.5746,-99
6799423279,321.877,429.18,-99
6799456612,322.1299,428.5136,-99
6799489945,320.9427,428.7757,-99
6799523278,320.0248,427.7003,-99
6799556611,319.4518,426.5131,-99
6799589944,318.8354,425.2253,-99
6799623277,318.3958,423.683,-99
6799656610,317.5464,421.6,-99
6799689943,317.1916,420.5975,-99
6799723276,316.45,419.2732,-99
6799756609,316.4397,417.9131,-99
6799789942,316.6773,416.9714,-99
6799823275,316.1898,416.2074,-99
6799856608,315.6494,415.3184,-99
6799889941,315.4452,413.9664,-99
6799923274,315.7875,411.7251,-99
6799956607,315.3262,410.273,-99
6799989940,315.7433,409.0557,-99
6800023273,316.6336,406.6199,-99
6800056606,316.6047,404.2328,-99
6800089939,317.3849,403.0123,-99
6800123272,318.3028,401.3873,-99
6800156605,319.016,399.9043,-99
6800189938,320.0867,398.9451,-99
6800223271,321.8207,397.4124,-99
6800256604,322.334,396.8242,-99
6800289937,322.3542,395.8239,-99
6800323270,322.1111,395.627,-99
6800356603,322.4813,395.5147,-99
6800389936,321.8672,395.3965,-99
6800423269,323.5597,396.3407,-99
6800456602,323.4531,396.7441,-99
6800489935,323.1611,396.5663,-99
6800523268,323.5436,395.617,-99
6800556601,323.1507,395.3301,-99
6800589934,323.1762,394.4251,-99
6800623267,323.1771,393.4955,-99
6800656600,324.2662,392.956,-99
6800689933,324.2276,393.0605,-99
6800723266,324.3562,392.8585,-99
6800756599,323.7291,392.0045,-99
6800789932,322.814,390.1565,-99
6800823265,322.6684,389.3596,-99
6800856598,323.1825,389.3091,-99
6800889931,323.8638,388.722,-99
6800923264,324.3675,387.8899,-99
6800956597,325.3612,387.3498,-99
6800989930,325.3466,386.1742,-99
6801023263,325.7714,385.4328,-99
6801056596,325.1317,384.7941,-99
6801089929,325.8752,383.9054,-99
6801123262,326.1996,383.1331,-99
6801156595,327.1711,382.019,-99
6801189928,328.4783,381.45,-99
6801223261,329.563,379.9478,-99
6801256594,330.9646,377.9371,-99
6801289927,331.2277,376.5468,-99
6801323260,332.2917,373.9583,-99
6801356593,332.5711,372.0069,-99
6801389926,333.026,369.2844,-99
6801423259,333.4519,367.9039,-99
6801447560,333.7392,366.8216,-99
6801480893,333.735,364.3954,-99
6801514226,334.3874,363.3225,-99
6801547559,334.5565,363.957,-99
6801580892,333.5151,364.2149,-99
6801614225,333.8737,363.8333,-99
6801647558,333.7237,363.2632,-99
6801680891,333.4343,362.8284,-99
6801714224,333.4206,361.3175,-99
6801747557,334.3247,360.0493,-99
6801780890,335.221,359.5718,-99
6801814223,335.9133,358.9729,-99
6801847556,336.9322,357.8503,-99
6801880889,338.769,357.307,-99
6801914222,340.1319,356.3132,-99
6801947555,341.6842,355.1529,-99
6801980888,342.8462,354.5697,-99
6802014221,342.3794,352.9759,-99
6802047554,342.8953,352.6282,-99
6802080887,344.0316,350.8149,-99
6802114220,343.6917,349.2313,-99
6802147553,343.7236,349.1158,-99
6802180886,343.5693,349.0084,-99
6802214219,343.1822,349.0222,-99
6802247552,343.5089,349.2822,-99
6802280885,343.4484,349.7055,-99
6802314218,342.3333,349.955,-99
6802347551,341.1651,351.3469,-99
6802380884,339.6935,352.0869,-99
6802414217,338.6557,352.5512,-99
6802447550,337.3312,353.3441,-99
6802480883,335.6253,356.0962,-99
6802514216,334.8246,359.3639,-99
6802547549,334.4821,361.0359,-99
6802580882,333.188,362.5995,-99
6802614215,332.3055,365.5055,-99
6802647548,330.2702,369.217,-99
6802680881,328.0493,373.1009,-99
6802714214,325.444,377.1374,-99
6802747547,322.2892,381.2811,-99
6802780880,319.492,386.4518,-99
6802814213,319.1791,390.9547,-99
6802847546,318.1824,395.0496,-99
6802880879,315.3562,396.3943,-99
6802914212,314.4568,399.1977,-99
6802947545,314.4316,402.6147,-99
6802980878,312.6333,404.9208,-99
6803014211,311.8873,409.4836,-99
6803047544,310.2049,411.882,-99
6803080877,311.1209,413.3476,-99
6803123008,313.0677,413.45,-99
6803156341,314.2811,412.9882,-99
6803189674,308.2474,412.2474,-99
6803223007,308.6083,411.6774,-99
6803256340,310.0102,414.0102,-99
6803289673,312.4618,420.6588,-99
6803323006,314.5192,421.474,-99
6803356339,316.6253,423.49,-99
6803389672,320.2324,425.1441,-99
6803423005,322.0417,426.8368,-99
6803456338,323.7539,426.6106,-99
6803489671,325.1393,426.4055,-99
6803523004,322.3608,427.392,-99
6803556337,323.5472,427.5,-99
6803589670,323.5649,427.0889,-99
6803623003,326.9103,428.0106,-99
6803656336,329.5982,429.6364,-99
6803689669,328.7531,432.3719,-99
6803723002,334.743,433.6102,-99
6803756335,337.8904,435.0161,-99
6803789668,340.6578,437.3982,-99
6803823001,340.7454,440.3853,-99
6803856334,343.0719,441.7578,-99
6803889667,343.9688,441.0538,-99
6803923000,348.2455,444.9204,-99
6803956333,351.4703,446.7143,-99
6803989666,354.6184,448.0115,-99
6804022999,357.7286,449.9,-99
6804056332,360.68,450.9775,-99
6804089665,364.6283,451.8927,-99
6804122998,368.0216,452.3865,-99
6804156331,371.0797,452.2637,-99
6804189664,373.5162,450.3459,-99
6804222997,373.4986,450.5041,-99
6804256330,372.1651,449.6698,-99
6804289663,371.2143,449.0229,-99
6804322996,369.5076,448.7096,-99
6804356329,366.8095,447.9095,-99
6804389662,362.7231,447.119,-99
6804422995,357.6517,446.8292,-99
6804456328,353.2596,444.334,-99
6804489661,347.0977,442.6152,-99
6804522994,341.4672,439.3741,-99
6804556327,334.3745,435.1086,-99
6804589660,327.8018,429.1211,-99
6804622993,321.0406,422.4028,-99
6804656326,316.5751,414.6549,-99
6804689659,312.5074,410.6452,-99
6804722992,312.6258,406.3098,-99
6804756325,312.7616,402.7263,-99
6804789658,312.394,400.0326,-99
6804822991,311.3848,397.8157,-99
6804856324,311.2447,396.5226,-99
6804889657,311.2977,395.6886,-99
6804922990,311.4659,395.8296,-99
6804956323,310.1413,396.4668,-99
6804989656,309.7009,397.3013,-99
6805022989,308.6343,397.5711,-99
6805056322,308.8279,397.8736,-99
6805089655,308.2965,398.4138,-99
6805122988,307.2096,398.6179,-99
6805156321,306.1319,398.5011,-99
6805189654,304.3622,400.2278,-99
6805222987,302.3408,401.2825,-99
6805256320,300.0064,403.0149,-99
6805289653,296.2659,402.5087,-99
6805322986,294.0229,402.9369,-99
6805356319,289.4131,403.1956,-99
6805389652,286.4276,403.3017,-99
6805422985,284.433,403.4899,-99
6805456318,282,404.0539,-99
6805489651,280.4089,402.4777,-99
6805522984,278.9388,401.7629,-99
6805556317,278.4501,401.0288,-99
6805589650,273.4251,402.1013,-99
6805622983,270.2061,401.503,-99
6805656316,268.5303,407.5646,-99
6805689649,270.3286,409.4005,-99
6805722982,268.3836,408.3699,-99
6805756315,266.0603,408.7517,-99
6805789648,265.5858,408.3841,-99
6805822981,263.3996,406.8279,-99
6805856314,262.3834,403.8187,-99
6805889647,260.401,400.942,-99
6805922980,259.5667,398.2288,-99
6805956313,261.4342,395.468,-99
6805989646,259.9779,392.5018,-99
6806022979,262.4527,392.4527,-99
6806056312,260.9565,390.7277,-99
6806089645,259.522,389.8005,-99
6806122978,258.4619,388.4988,-99
6806156311,256.7153,387.9765,-99
6806189644,255.5325,387.8475,-99
6806222977,254.5655,387.8544,-99
6806256310,253.7424,386.8009,-99
6806289643,251.963,384.2669,-99
6806322976,250.7791,383.7423,-99
6806356309,249.372,383.1028,-99
6806389642,247.7982,382.2228,-99
6806422975,246.8529,382.0675,-99
6806457715,245.6535,380.8614,-99
6806491048,244.7309,378.9294,-99
6806524381,243.4128,378.3876,-99
6806557714,243.8571,378.0599,-99
6806591047,242.8168,376.1337,-99
6806624380,241.9104,375.0991,-99
6806657713,241.1212,374.5175,-99
6806691046,240.8728,374.8944,-99
6806724379,240.9177,376.7167,-99
6806757712,238.7463,376.9826,-99
6806791045,236.0047,376.5631,-99
6806824378,233.3595,376.3894,-99
6806857711,231.6634,375.77,-99
6806891044,230.8594,374.5306,-99
6806924377,227.585,374.1701,-99
6806957710,226.3667,371.6902,-99
6806991043,225.0819,371.1638,-99
6807024376,222.7886,370.6983,-99
6807057709,222.7356,370.3365,-99
6807091042,221.2019,370.7723,-99
6807124375,219.5383,368.965,-99
6807157708,218.0678,366.0568,-99
6807191041,216.9443,365.8946,-99
6807224374,216.3768,365.6028,-99
6807257707,215.7737,364.897,-99
6807291040,215.3423,364.5031,-99
6807324373,213.5707,364.6659,-99
6807357706,213.1327,363.5012,-99
6807391039,212.969,362.8783,-99
6807424372,211.9267,361.4817,-99
6807457705,212.1705,359.0172,-99
6807491038,212.7981,357.3148,-99
6807524371,212.5241,356.0943,-99
6807557704,213.7761,354.916,-99
6807591037,213.6863,353.9848,-99
6807624370,214.1057,354.2917,-99
6807657703,214.0177,355.2228,-99
6807691036,214.1481,354.8864,-99
6807724369,213.2383,354.3489,-99
6807757702,211.6064,354.1386,-99
6807791035,209.6308,352.9804,-99
6807824368,207.8189,351.357,-99
6807857701,206.9149,350.4716,-99
6807891034,205.2871,349.4084,-99
6807924367,203.7855,348.2274,-99
6807957700,203.2036,346.8247,-99
6807991033,201.8653,344.8254,-99
6808024366,200.6354,342.3899,-99
6808057699,199.8939,339.2771,-99
6808091032,198.8932,337.3738,-99
6808124365,198.1856,335.1717,-99
6808157698,197.9691,333.437,-99
6808191031,198.6041,330.1876,-99
6808224364,198.9081,327.9672,-99
6808257697,199.0573,328.5885,-99
6808291030,198.5961,326.4434,-99
6808324363,198.4703,324.146,-99
6808357696,196.4351,321.6731,-99
6808391029,194.7411,320.8195,-99
6808424362,192.9951,319.8658,-99
6808457695,191.3708,318.9306,-99
6808491028,190.2676,318.3406,-99
6808524361,189.7608,318.8952,-99
6808557694,188.3307,318.1719,-99
6808591027,188.3884,312.562,-99
6808624360,188.3807,312.0967,-99
6808657693,187.3645,307.0339,-99
6808691026,186.9746,306.0359,-99
6808724359,187.0145,304.7081,-99
6808757692,184.6962,302.7016,-99
6808791025,184.2601,299.496,-99
6808824358,182.4198,296.7326,-99
6808857691,181.2912,293.58,-99
6808891024,179.7678,290.5956,-99
6808924357,179.5722,290.7917,-99
6808957690,178.8296,288.2654,-99
6808991023,178.2743,287.1914,-99
6809024356,178.3199,286.6479,-99
6809057689,178.6525,284.557,-99
6809091022,177.4834,283.2321,-99
6809124355,177.9489,280.6777,-99
6809157688,177.0831,278.7626,-99
6809191021,177.6722,276.3333,-99
6809224354,177.7941,274.3877,-99
6809257687,177.5861,271.2778,-99
6809291020,177.3306,270.6043,-99
6809324353,177.3831,268.9014,-99
6809357686,178.9236,267.8349,-99
6809391019,179.0827,266.4853,-99
6809424352,178.8167,265.4232,-99
6809457685,178.911,264.1513,-99
6809491018,179.741,262.9861,-99
6809524351,178.1807,260.6768,-99
6809557684,176.7905,259.0504,-99
6809591017,176.0741,257.2487,-99
6809624350,175.2104,256.8,-99
6809657683,175.098,255.6443,-99
6809691016,175.1456,253.1651,-99
6809724349,177.6345,250.8296,-99
6809757682,177.673,249.7014,-99
6809799814,178.1773,248.4386,-99
6809833147,180.1,248.2087,-99
6809866480,179.3978,247.8174,-99
6809899813,179.2877,245.2356,-99
6809933146,179.6845,242.2995,-99
6809966479,180.9189,241.7838,-99
6809999812,180.4442,237.8005,-99
6810033145,182.9788,237.6667,-99
6810066478,185.7699,234.2212,-99
6810099811,185.405,232.475,-99
6810133144,185.9628,232.0744,-99
6810166477,185.0845,229.5014,-99
6810199810,185.1227,226.0366,-99
6810233143,185.1027,223.5428,-99
6810266476,185.3904,220.1637,-99
6810299809,185.7822,216.7574,-99
6810333142,186.475,213.8917,-99
6810366475,188.6607,210.4209,-99
6810399808,190.2219,209.2795,-99
6810433141,191.7377,206.174,-99
6810466474,192.9971,205.0319,-99
6810499807,193.9532,203.1552,-99
6810533140,193.2128,200.891,-99
6810566473,192.7722,199.1266,-99
6810599806,192.2841,197.7244,-99
6810633139,191.4707,194.9146,-99
6810666472,193.5721,192.1767,-99
6810699805,195.4676,189.224,-99
6810733138,196.4762,188.1385,-99
6810766471,198.1976,187.3136,-99
6810799804,200.5168,185.0448,-99
6810833137,202.3512,183.2397,-99
6810866470,201.5623,181.5598,-99
6810899803,202.8191,179.0427,-99
6810933136,203.4541,175.0199,-99
6810966469,205.4262,173.2077,-99
6810999802,206.6183,170.6031,-99
6811033135,208.1452,170.1479,-99
6811066468,209.7474,170.1328,-99
6811099801,210.5387,167.9801,-99
6811133134,210.3825,167,-99
6811166467,211.7099,166.7735,-99
6811199800,213.0959,165.8575,-99
6811233133,214.798,164.7581,-99
6811266466,216.9257,164.0396,-99
6811299799,219.2984,164.4732,-99
6811333132,220.7679,165.2536,-99
6811366465,221.9951,165.3818,-99
6811399798,222.1833,166.0557,-99
6811433131,222.3759,165.807,-99
6811466464,222.1494,166.0575,-99
6811499797,222.3483,165.9279,-99
6811533130,223.3496,163.5039,-99
6811566463,223.6572,161.898,-99
6811599796,224.0553,162.4395,-99
6811633129,224.9867,161.1724,-99
6811666462,226.1322,159.4111,-99
6811699795,226.4097,158.1134,-99
6811733128,226.9874,157.593,-99
6811766461,226.5502,157.294,-99
6811799794,226.1788,156.7591,-99
6811833127,226.3289,155.1228,-99
6811866460,225.9886,153.5332,-99
6811899793,225.5561,152.6121,-99
6811933126,225.1755,150.1875,-99
6811966459,224.8223,150.3793,-99
6811999792,224.6512,149.5065,-99
6812033125,224.941,147.959,-99
6812066458,226.6327,147.8857,-99
6812099791,227.5021,146.4038,-99
6812133124,225.5342,146.9671,-99
6812166457,225.9249,147.2896,-99
6812199790,226.7475,145.84,-99
6812233123,228.154,143.1834,-99
6812266456,230.6005,142.777,-99
6812299789,232.9761,142.9165,-99
6812333122,234.8293,143.6658,-99
6812366455,236.3563,144.6364,-99
6812399788,237.6177,144.7266,-99
6812433121,238.8831,144.6692,-99
6812466454,238.8527,144.7102,-99
6812499787,239.2506,143.533,-99
6812533120,238.4514,142.4676,-99
6812566453,240.5816,141.3546,-99
6812599786,242.5179,139.471,-99
6812633119,243.1521,138.1333,-99
6812666452,242.5728,138.061,-99
6812699785,244.6699,137.2791,-99
6812733118,246.8015,134.9131,-99
6812766451,248.6555,133.7056,-99
6812799784,251.4499,133.187,-99
6812833117,253.2111,132.9121,-99
6812866450,255.099,131.7109,-99
6812899783,256.6304,131.6546,-99
6812933116,258.0161,130.8943,-99
6812966449,259.2173,129.5681,-99
6812999782,260.5494,129.5114,-99
6813033115,261.9872,128.8795,-99
6813066448,263.7287,128.5065,-99
6813099781,264.8238,127.8064,-99
6813126379,266.9641,125.8943,-99
6813159712,268.8935,125.9875,-99
6813193045,268.1154,124.6106,-99
6813226378,269.6667,121.8454,-99
6813259711,271.2112,121.5369,-99
6813293044,272.0976,120.4855,-99
6813326377,274.4109,119.1436,-99
6813359710,278.3497,118.5542,-99
6813393043,280.2722,117.8817,-99
6813426376,283.2983,116.7275,-99
6813459709,285.4396,114.1253,-99
6813493042,287.7794,113.4976,-99
6813526375,290.6265,113.0663,-99
6813559708,293.8598,113.5047,-99
6813593041,298.0223,113.8178,-99
6813626374,301.9421,114.0888,-99
6813659707,304.7222,114.2695,-99
6813693040,307.607,113.8745,-99
6813726373,310.501,114.4636,-99
6813759706,312.7013,114.855,-99
6813793039,316.4626,115.0465,-99
6813826372,319.2831,115.6314,-99
6813859705,321.9789,116.1224,-99
6813893038,324.1091,115.0635,-99
6813926371,326.7268,115.4098,-99
6813959704,328.6552,114.9581,-99
6813993037,329.8607,114.7512,-99
6814026370,330.9593,114.4529,-99
6814059703,333.2074,113.3235,-99
6814093036,336.1025,114.5427,-99
6814126369,338.9599,114.173,-99
6814159702,341.0201,114.5141,-99
6814193035,342.4551,115.737,-99
6814226368,345.0933,116.379,-99
6814259701,348.9633,116.5656,-99
6814293034,351.8673,117.5682,-99
6814326367,354.1807,118.1376,-99
6814359700,357.2108,118.743,-99
6814393033,359.226,118.3356,-99
6814426366,362.2336,118.39,-99
6814459699,364.975,118.2455,-99
6814493032,367.348,117.9281,-99
6814526365,369.0493,117.3793,-99
6814559698,371.8442,115.5047,-99
6814593031,373.5852,114.7354,-99
6814626364,375.1512,112.1919,-99
6814659697,375.7157,108.8867,-99
6814693030,375.8462,106.8089,-99
6814726363,375.3792,104.545,-99
6814759696,374.5151,100.8368,-99
6814799530,373.114,98.27193,-99
6814832863,371.6442,95.19535,-99
6814866196,370.3465,92.91584,-99
6814899529,369.3452,90.91016,-99
6814932862,367.9294,89.53804,-99
6814966195,367.1562,89.29863,-99
6814999528,366.3342,87.39305,-99
6815032861,366.5357,86.40051,-99
6815066194,366.2306,85.02594,-99
6815099527,366.2754,85.74599,-99
6815132860,365.8518,85.00285,-99
6815166193,365.867,85.21053,-99
6815199526,365.3815,85.42507,-99
6815232859,365.743,85.05307,-99
6815266192,365.3506,85.22011,-99
6815299525,365.7747,84.97183,-99
6815332858,365.7692,85.35439,-99
6815366191,366.3588,86.14512,-99
6815399524,366.3324,86.82522,-99
6815432857,366.5936,87.77005,-99
6815466190,367.3595,88.67567,-99
6815499523,368.6658,89.51759,-99
6815532856,369.056,91.25304,-99
6815566189,369.9749,91.90955,-99
6815599522,370.7494,93.55663,-99
6815632855,371.2993,94.74452,-99
6815666188,371.6015,96.23515,-99
6815699521,372.1408,97.25,-99
6815732854,372.2358,98.10378,-99
6815766187,372.4653,99.22772,-99
6815799520,372.366,99.89952,-99
6815832853,372.2966,100.6863,-99
6815866186,371.9456,102.0668,-99
6815899519,373.2673,104.1485,-99
6815932852,376.6893,107.1126,-99
6815966185,378.296,109.8224,-99
6815999518,380.249,113.1799,-99
6816032851,381.9319,116.3918,-99
6816066184,382.2125,119.1833,-99
6816099517,382.641,121.7494,-99
6816132850,383.0597,122.9356,-99
6816166183,384.0388,123.8699,-99
6816199516,384.9644,123.5991,-99
6816232849,386.5794,123.9742,-99
6816266182,387.3417,123.2229,-99
6816299515,387.8735,122.6367,-99
6816332848,387.6827,123.1335,-99
6816366181,389.1479,124.4875,-99
6816399514,390.473,125.6976,-99
6816432847,391.8101,126.714,-99
6816466180,393.9523,128.1369,-99
6816499513,396.5386,129.2045,-99
6816532846,399.4574,130.7173,-99
6816566179,401.7049,131.8078,-99
6816599512,405.0555,132.3716,-99
6816632845,407.7945,132.7517,-99
6816666178,410,132.8208,-99
6816699511,411.8311,133.5546,-99
6816732844,412.5274,133.9716,-99
6816766177,414.611,135.1159,-99
6816799510,414.5926,136.8449,-99
6816832843,415.1229,138.0378,-99
6816866176,416.0236,138.9144,-99
6816899509,416.1441,139.4812,-99
6816932842,418.1945,141.748,-99
6816966175,418.8951,141.8855,-99
6816999508,420.0172,143.4838,-99
6817032841,422.4893,145.0716,-99
6817066174,423.9151,146.7585,-99
6817099507,424.8459,148.5633,-99
6817132840,427.2579,150.5102,-99
6817166173,427.2314,152.0977,-99
6817199506,427.495,154.4411,-99
6817232839,429.8814,157.4822,-99
6817266172,430.9374,159.4716,-99
6817299505,431.6533,161.1829,-99
6817332838,432.2924,163.0585,-99
6817366171,433.1603,164.5515,-99
6817399504,436.1926,165.6449,-99
6817432837,437.6353,167.1449,-99
6817466170,438.5302,167.8245,-99
6817499503,439.4779,169.1379,-99
6817532836,440.23,169.8859,-99
6817566169,439.9956,170.9386,-99
6817599502,441.7321,173.4388,-99
6817632835,442.0817,175.3068,-99
6817666168,443.2505,177.5939,-99
6817699501,445.558,179.8283,-99
6817732834,447.1211,182.1016,-99
6817766167,449.0851,183.9735,-99
6817799500,451.5838,186.6808,-99
6817832833,452.3063,187.834,-99
6817866166,454.1896,191.1521,-99
6817899499,453.7038,193.3466,-99
6817932832,453.4346,194.2944,-99
6817966165,454.39,197.5926,-99
6817999498,454.4427,199.7438,-99
6818032831,455.2692,201.6113,-99
6818066164,455.4864,203.8321,-99
6818099497,456.003,203.8318,-99
6818140706,455.9006,205.5865,-99
6818174039,456.899,206.9933,-99
6818207372,454.9686,206.5993,-99
6818240705,454.3113,211.0606,-99
6818274038,455.6369,213.9525,-99
6818307371,457.5195,215.8338,-99
6818340704,459.3825,220.32,-99
6818374037,460.9945,223.6557,-99
6818407370,461.0475,225.9161,-99
6818440703,463.1269,236.7423,-99
6818474036,461.3612,239.0837,-99
6818507369,461.3796,238.3909,-99
6818540702,463.0508,239.8083,-99
6818574035,463.5358,243.1877,-99
6818607368,462.5309,245.118,-99
6818640701,461.3444,248.6929,-99
6818674034,458.3513,248.6419,-99
6818707367,457.8878,246.9388,-99
6818740700,457.7755,249.7347,-99
6818774033,457.8778,251.5889,-99
6818807366,460.7167,261.4667,-99
6818840699,464.9556,266.8833,-99
6818874032,467.8411,269.7103,-99
6818907365,469.7448,271.3515,-99
6818940698,469.0855,272.2416,-99
6818974031,467.8993,273.8918,-99
6819007364,469.4387,270.5675,-99
6819040697,470.7337,269.9292,-99
6819074030,470.4074,273.9111,-99
6819107363,471.7978,274.5258,-99
6819140696,473.2717,274.9292,-99
6819174029,474.0617,275.4515,-99
6819207362,475.278,276.4066,-99
6819240695,475.5856,278.3911,-99
6819274028,476.9369,277.9331,-99
6819307361,478.2155,277.8175,-99
6819340694,478.6224,278.6432,-99
6819374027,479.0693,279.7706,-99
6819407360,479.3758,280.6681,-99
6819440693,479.4976,280.5096,-99
6819474026,479.6406,280.3178,-99
6819507359,480.6259,281.8453,-99
6819540692,479.0387,281.2373,-99
6819574025,479.4411,276.1445,-99
6819607358,483.165,277.5728,-99
6819640691,485.0831,280.5387,-99
6819674024,486.8061,282.8227,-99
6819707357,488.92,282.4833,-99
6819740690,490.6681,283.0862,-99
6819774023,492.7236,282.7789,-99
6819807356,493.9274,281.8101,-99
6819840689,495.0974,280.5795,-99
6819874022,495.8828,278.9517,-99
6819907355,497.6648,276.9106,-99
6819940688,497.8481,275.9412,-99
6819974021,497.1956,274.8044,-99
6820007354,497.9241,276.1,-99
6820040687,498.6935,277.2581,-99
6820074020,499.4303,278.3976,-99
6820107353,499.0822,279.606,-99
6820140686,498.8621,281.9448,-99
6820174019,498.9412,280.8647,-99
6820207352,499.4338,282.3015,-99
6820240685,499.3597,282.5061,-99
6820274018,498.5807,283.5677,-99
6820307351,497.7532,283.7785,-99
6820340684,496.4654,284.3648,-99
6820374017,495.2278,284.4667,-99
6820407350,495.9596,284.1717,-99
6820440683,494.197,283.1375,-99
6820474016,493.3824,283.6397,-99
6820507349,492.9246,284.2721,-99
6820540682,492.4173,282.753,-99
6820574015,492.4289,282.9347,-99
6820607348,492.0127,282.5987,-99
6820640681,490.8194,282.5312,-99
6820674014,489.8058,282.4707,-99
6820707347,488.9812,280.203,-99
6820740680,486.838,280.8583,-99
6820774013,484.2941,279.9059,-99
6820807346,484.5804,279.1818,-99
6820840679,481.3653,284.7784,-99
6820874012,476.6889,292.8963,-99
6820907345,477.9868,293.3158,-99
6820940678,478.2868,292.7985,-99
6820974011,480.9032,291.7097,-99
6821007344,481.2721,290.5809,-99
6821040677,483.5526,285.6842,-99
6821074010,485.6,279.0357,-99
6821107343,483.8889,279.2963,-99
6821140676,485.436,281.2675,-99
6821174009,484.7544,283.8757,-99
6821207342,485.3734,282.9321,-99
6821240675,485.8892,282.496,-99
6821274008,485.1214,284.5112,-99
6821307341,484.542,286.0496,-99
6821340674,485.0672,286.9454,-99
6821374007,484.1393,288.3383,-99
6821407340,482.0966,290.6621,-99
6821440673,479.6642,292.2388,-99
6821476304,478.9412,292.6961,-99
6821509637,480.2062,292.2165,-99
6821542970,478.7586,292.3965,-99
6821576303,483.0278,289.6528,-99
6821609636,482.023,288.7701,-99
6821642969,478.9854,286.8915,-99
6821676302,478.009,287.8168,-99
6821709635,478.5249,286.5617,-99
6821742968,480.0414,285.0655,-99
6821776301,481.6214,283.2357,-99
6821809634,482.2905,283.0581,-99
6821842967,480.3542,281.6413,-99
6821876300,478.9036,280.7259,-99
6821909633,478.5934,280.9176,-99
6821942966,476.8109,284.3109,-99
6821976299,475.2143,284.6786,-99
6822009632,478.8831,280.026,-99
6822042965,477.9898,279.1224,-99
6822076298,475.0419,280.1377,-99
6822109631,471.8155,281.1602,-99
6822142964,470.3535,281.7907,-99
6822176297,470.1659,281.7268,-99
6822209630,466.1729,282.5865,-99
6822242963,464.3577,282.561,-99
6822276296,464.736,281.912,-99
6822309629,465.9551,282.2756,-99
6822342962,468.7656,281.5598,-99
6822376295,468.2376,281.8366,-99
6822409628,468.7692,281.6298,-99
6822442961,468.2323,281.9697,-99
6822476294,469.1089,281.797,-99
6822509627,469.6861,282.5247,-99
6822542960,470.3639,286.6422,-99
6822576293,472.2047,287.627,-99
6822609626,472.47,287.8571,-99
6822642959,473.1816,288.1646,-99
6822676292,474.1898,288.2083,-99
6822709625,474.669,287.7535,-99
6822742958,475.1308,287.8201,-99
6822776291,476.2146,287.6227,-99
6822809624,476.941,287.4552,-99
6822842957,477.4096,287.222,-99
6822876290,478.2315,286.8912,-99
6822909623,478.574,287.0342,-99
6822942956,479.0663,286.5627,-99
6822976289,479.8495,286.5971,-99
6823009622,480.6909,286.0201,-99
6823042955,481.1956,285.9976,-99
6823076288,482.1679,285.7368,-99
6823109621,482.0422,285.6526,-99
6823148533,482.5126,286.0201,-99
6823181866,481.7995,285.9203,-99
6823215199,482.2763,285.6088,-99
6823248532,481.6487,286.1974,-99
6823281865,481.1538,285.4928,-99
6823315198,480.5898,284.2441,-99
6823348531,478.4934,282.1703,-99
6823381864,476.073,282.2528,-99
6823415197,476.6702,282.3298,-99
6823448530,475.6046,281.5395,-99
6823481863,476.78,281.52,-99
6823515196,475.4027,281.5928,-99
6823548529,475.1925,281.0845,-99
6823581862,476.5845,281.6667,-99
6823615195,478.3195,285.4353,-99
6823648528,477.9633,287.1027,-99
6823681861,477.56,287.2733,-99
6823715194,476.0911,286.9476,-99
6823748527,475.3683,286.9814,-99
6823781860,476.3085,285.7172,-99
6823815193,475.904,285.2316,-99
6823848526,475.673,285.2643,-99
6823881859,475.9364,285.0867,-99
6823915192,476.0194,285.0972,-99
6823948525,475.1617,284.0928,-99
6823981858,472.2261,281.6217,-99
6824015191,472.1198,280.9539,-99
6824048524,472.5745,280.7553,-99
6824081857,474.243,279.7853,-99
6824115190,475.5568,279.3892,-99
6824148523,475.5325,279.3905,-99
6824181856,475.8101,279.5419,-99
6824215189,474.3122,280.6032,-99
6824248522,474.6214,281.0291,-99
6824281855,473.1591,281.9318,-99
6824315188,473.5437,281.8932,-99
6824348521,473.8455,281.8682,-99
6824381854,474.4178,282.4037,-99
6824415187,474.426,281.9552,-99
6824448520,474.9505,282.3861,-99
6824481853,474.799,281.9091,-99
6824515186,475.0995,282.0095,-99
6824548519,475.1505,282.0631,-99
6824581852,475.2429,281.9143,-99
6824615185,475.7463,281.3632,-99
6824648518,479.0551,282.2205,-99
6824681851,482.3726,283.2717,-99
6824715184,482.8034,282.2973,-99
6824748517,482.9705,282.3941,-99
6824781850,483.0181,281.8705,-99
6824815183,482.379,281.4704,-99
6824848516,483.1808,281.9417,-99
6824881849,485.3111,281.6254,-99
6824915182,482.0381,280.7881,-99
6824948515,480.6815,280.2709,-99
6824981848,480.2974,279.3692,-99
6825015181,479.1233,278.7185,-99
6825048514,478.5,278.6761,-99
6825081847,477.7508,278.9907,-99
6825115180,478.1201,280.6429,-99
6825148513,477.3926,280.5942,-99
6825181846,476.4352,279.8935,-99
6825215179,474.7536,278.7169,-99
6825248512,472.9442,277.7433,-99
6825281845,472.2846,277.4462,-99
6825315178,471.1247,277.7354,-99
6825348511,471.6266,278.0366,-99
6825381844,470.4613,277.4392,-99
6825415177,467.8439,275.9294,-99
6825448510,466.6124,274.4067,-99
6825481843,471.2484,278.1147,-99
6825515176,480.5659,285.1044,-99
6825548509,484.0428,287.1524,-99
6825581842,480.2803,286.1023,-99
6825615175,479.8435,285.7925,-99
6825648508,481.3229,285.7639,-99
6825681841,480.4038,284.484,-99
6825715174,481.2534,284.7055,-99
6825748507,488.8585,286.105,-99
6825781840,484.57,282.42,-99
6825815173,475.7823,275.5782,-99
6825848506,477.5294,276.1647,-99
6825881839,482.9844,279.9094,-99
6825915172,484.9148,281.4631,-99
6825948505,485.6338,281.3599,-99
6825981838,486.1084,282.0433,-99
6826015171,486.6233,281.9041,-99
6826048504,487.7167,282.7201,-99
6826081837,489.2629,284.1853,-99
6826115170,491.0287,285.9617,-99
6826148503,491.5099,285.7871,-99
6826181836,491.6176,285.9314,-99
6826215169,489.0179,285.1749,-99
6826248502,485.344,284.5,-99
6826281835,482.7275,282.0925,-99
6826315168,482.9468,282.8543,-99
6826348501,483.5807,283.2527,-99
6826381834,483.6025,282.3367,-99
6826415167,483.0947,282.0049,-99
6826448500,482.3294,282.2559,-99
6826476051,482.803,281.9427,-99
6826509384,483.6567,282.4496,-99
6826542717,483.6423,282.4207,-99
6826576050,483.6547,282.7983,-99
6826609383,483.6816,282.8579,-99
6826642716,482.8774,282.9805,-99
6826676049,483.4073,283.1404,-99
6826709382,481.148,282.2175,-99
6826742715,481.1359,282.2826,-99
6826776048,480.738,281.9137,-99
6826809381,479.7005,281.8663,-99
6826842714,478.5946,280.7541,-99
6826876047,479.273,280.8822,-99
6826909380,477.6162,280.6835,-99
6826942713,476.7471,280.1782,-99
6826976046,476.8657,280.7314,-99
6827009379,476.7957,280.5756,-99
6827042712,478.0027,281.473,-99
6827076045,477.4211,281.0222,-99
6827109378,476.8694,280.1128,-99
6827142711,476.6263,280.037,-99
6827176044,477.0226,278.9019,-99
6827209377,472.8684,278.1316,-99
6827242710,475.0995,278.6833,-99
6827276043,474.114,278.2176,-99
6827309376,474.3485,277.5404,-99
6827342709,475.5026,277.9744,-99
6827376042,475.7594,278.3262,-99
6827409375,475.8538,278.4198,-99
6827442708,476.5555,279.1837,-99
6827476041,481.2065,280.058,-99
6827509374,484.4426,280.276,-99
6827542707,486.211,281.9808,-99
6827576040,486.5684,281.4929,-99
6827609373,486.1327,281.9451,-99
6827642706,486.295,281.6763,-99
6827676039,485.5815,281.9392,-99
6827709372,485.1227,281.6658,-99
6827742705,484.0727,282.2645,-99
6827776038,482,282.701,-99
6827809371,482.4382,284.0797,-99
6827842704,482.0124,284.9383,-99
6827876037,483.4348,285.744,-99
6827909370,482.4272,285.507,-99
6827942703,482.8253,285.5153,-99
6827976036,483.9643,285.631,-99
6828009369,482.0684,284.5896,-99
6828042702,483.1021,284.1953,-99
6828076035,482.4431,282.5024,-99
6828109368,482.4313,282.7904,-99
6828141747,482.4503,282.9378,-99
6828175080,481.7311,282.8467,-99
6828208413,482.3899,282.8076,-99
6828241746,482.0936,282.7758,-99
6828275079,482.3603,282.5662,-99
6828308412,482.8358,282.9344,-99
6828341745,482.6005,282.1028,-99
6828375078,482.7917,282.4922,-99
6828408411,481.8938,281.1036,-99
6828441744,482.5908,281.0984,-99
6828475077,481.3413,280.2216,-99
6828508410,481.9899,280.303,-99
6828541743,480.7228,279.6535,-99
6828575076,481.363,279.9039,-99
6828608409,480.8779,279.7195,-99
6828641742,481.9288,280.1661,-99
6828675075,481.0977,279.5928,-99
6828708408,481.9733,280.0733,-99
6828741741,481.5415,280.04,-99
6828775074,482.3963,280.7622,-99
6828808407,481.1323,280.0923,-99
6828841740,481.6962,280.693,-99
6828875073,480.1581,279.7774,-99
6828908406,480.7242,280.6611,-99
6828941739,480.1826,280.2605,-99
6828975072,481.0915,281.2957,-99
6829008405,481.5145,281.1161,-99
6829041738,482.6488,282.1314,-99
6829075071,482.576,282.1636,-99
6829108404,483.0025,282.8536,-99
6829141737,482.6351,282.2725,-99
6829175070,482.8471,282.9825,-99
6829208403,482.7238,282.3059,-99
6829241736,483.0398,282.8856,-99
6829275069,482.6037,282.2972,-99
6829308402,482.5703,282.931,-99
6829341735,481.1494,282.2582,-99
6829375068,481.1201,282.9309,-99
6829408401,480.2006,282.7471,-99
6829441734,480.3102,283.7774,-99
6829475067,479.9692,283.8733,-99
6829508400,480.416,284.1221,-99
6829541733,480.107,283.6789,-99
6829575066,480.8378,283.5135,-99
6829608399,481.7242,282.2857,-99
6829641732,482.8857,282.5403,-99
6829675065,482.9365,282.1365,-99
6829708398,482.5293,282.161,-99
6829741731,482.9506,282.2568,-99
6829775064,482.0311,282.0574,-99
6829810726,482.5283,282.4177,-99
6829844059,481.3824,282.1093,-99
6829877392,480.995,281.7275,-99
6829910725,481.6709,282.2101,-99
6829944058,480.1683,281.2161,-99
6829977391,479.61,280.6804,-99
6830010724,479.8641,279.7874,-99
6830044057,479.1283,279.2763,-99
6830077390,478.5603,279.5292,-99
6830110723,476.3294,278.2196,-99
6830144056,474.5057,277.9716,-99
6830177389,472.0245,277.3186,-99
6830210722,471.9714,277.7372,-99
6830244055,470.6713,277.9537,-99
6830277388,471.2311,278.5707,-99
6830310721,471.3158,278.4842,-99
6830344054,472.5072,277.9227,-99
6830377387,473.5424,278.2712,-99
6830410720,473.8889,277.5111,-99
6830444053,476.6951,278.311,-99
6830477386,477.8261,279.9627,-99
6830510719,476.6491,277.3977,-99
6830544052,475.3072,278.3193,-99
6830577385,474.1342,278.6296,-99
6830610718,475.8884,279.1717,-99
6830644051,480.6288,280.7191,-99
6830677384,482.6682,282.1285,-99
6830710717,482.8897,282.6892,-99
6830744050,482.7396,282.1705,-99
6830777383,483.0501,282.6717,-99
6830810716,482.5166,282.3104,-99
6830844049,483.2975,284.2147,-99
6830877382,483.1836,284.5016,-99
6830910715,482.7245,284.2941,-99
6830944048,483.4161,285.1119,-99
6830977381,483.3979,285.5739,-99
6831010714,484,285.9624,-99
6831044047,483.4432,285.8352,-99
6831077380,483.9077,285.7011,-99
6831110713,482.4732,284.5583,-99
6831144046,482.6941,284.5197,-99
6831177379,483.2395,284.712,-99
6831210712,482.4314,282.5885,-99
6831244045,482.6684,282.9456,-99
6831277378,482.4584,282.4181,-99
6831310711,482.7738,282.91,-99
6831344044,482.3604,282.4057,-99
6831377377,482.5898,282.959,-99
6831410710,482.195,282.2325,-99
6831444043,481.3344,281.7259,-99
6831482924,478.9745,280.1642,-99
6831516257,474.9099,278.8455,-99
6831549590,474.2059,279.3039,-99
6831582923,474.2788,277.8606,-99
6831616256,474.7543,278.4057,-99
6831649589,474.0945,277.6617,-99
6831682922,473.28,277.26,-99
6831716255,472.9378,278.3316,-99
6831749588,472.4348,277.401,-99
6831782921,473.5849,276.3459,-99
6831816254,473.2849,277.0056,-99
6831849587,476.0988,278.4197,-99
6831882920,478.3719,280.414,-99
6831916253,479.7559,280.4649,-99
6831949586,478.8297,281.9533,-99
6831982919,477.6116,281.8154,-99
6832016252,478.3515,281.8774,-99
6832049585,478.6499,282.0336,-99
6832082918,477.6888,281.1182,-99
6832116251,478.1582,281.3481,-99
6832149584,477.4158,280.7742,-99
6832182917,476.2951,280.2118,-99
6832216250,477.7932,280.2669,-99
6832249583,479.2171,280.6761,-99
6832282916,479.8711,280.7138,-99
6832316249,481.9768,281.2464,-99
6832349582,482.5523,281.5465,-99
6832382915,481.3046,281.553,-99
6832416248,481.6701,281.864,-99
6832449581,478.0703,285.1324,-99
6832482914,476.6366,287.0024,-99
6832516247,474.7439,287.9878,-99
6832549580,472.9697,288.2601,-99
6832582913,471.3448,289.4778,-99
6832616246,470.7086,290.1531,-99
6832649579,470.5,290.7513,-99
6832682912,469.1759,290.9397,-99
6832716245,470.5676,290.1353,-99
6832749578,471.1096,290.4429,-99
6832782911,471.3808,289.8771,-99
6832816244,471.259,285.2908,-99
6832849577,471.4615,284.3213,-99
6832882910,470.1784,287.4275,-99
6832916243,470.2567,288.3378,-99
6832949576,471.6164,284.4871,-99
6832982909,471.9934,287.8046,-99
6833016242,474.347,290.5112,-99
6833049575,474.2078,292.0216,-99
6833082908,471.0408,294.3003,-99
6833116241,471.1007,296.4497,-99
6833150293,470.7904,295.0662,-99
6833183626,467.2943,294.0158,-99
6833216959,465.6,293.7642,-99
6833250292,465.348,296.1725,-99
6833283625,467.1231,303.2615,-99
6833316958,468.5259,306.6667,-99
6833350291,466.7194,299.2842,-99
6833383624,463.7248,298.6022,-99
6833416957,462.9005,299.4129,-99
6833450290,460.9237,299.7316,-99
6833483623,458.864,302.6429,-99
6833516956,458.0074,302.6708,-99
6833550289,458.7954,300.2273,-99
6833583622,455.248,297.1911,-99
6833616955,453.7077,302.814,-99
6833650288,453.6877,305.7233,-99
6833683621,452.1053,307.5158,-99
6833716954,454.0114,308.4318,-99
6833750287,454.6154,308.8498,-99
6833783620,455.9528,308.8228,-99
6833816953,457.1678,307.3217,-99
6833850286,458.3778,306.1778,-99
6833883619,458.9359,302.5872,-99
6833916952,459.7146,301.7831,-99
6833950285,461.6995,300.6478,-99
6833983618,464.0901,298.7778,-99
6834016951,465.1908,298.3784,-99
6834050284,465.7638,295.374,-99
6834083617,464.4031,296.3101,-99
6834116950,461.1338,298.3486,-99
6834150283,458.3463,298.6893,-99
6834183616,456.994,296.8097,-99
6834216949,455.4841,300.0159,-99
6834250282,454.1958,298.4273,-99
6834283615,453.0685,298.1479,-99
6834316948,452.544,298.8213,-99
6834350281,455.7794,296.2989,-99
6834383614,455.434,298.8125,-99
6834416947,446.0446,302.7994,-99
6834450280,442.4086,306.448,-99
6834483613,444.0343,301.4211,-99
6834516946,441.8383,300.8298,-99
6834550279,438.5153,302.7744,-99
6834583612,438.9227,299.3973,-99
6834616945,442.6739,298.31,-99
6834650278,439.7682,299.4355,-99
6834683611,439.4445,298.6889,-99
6834716944,438.998,298.6885,-99
6834750277,437.3863,297.8914,-99
6834783610,435.1094,296.9277,-99
6834818553,432.8508,295.75,-99
6834851886,429.6938,294.436,-99
6834885219,426.8259,292.7085,-99
6834918552,424.0042,289.1363,-99
6834951885,422.8811,285.8374,-99
6834985218,427.275,285.22,-99
6835018551,417.8062,277.9214,-99
6835051884,418.7398,271.8141,-99
6835085217,419.0241,275.992,-99
6835118550,413.4348,271.0489,-99
6835151883,409.1201,274.1008,-99
6835185216,405.2966,274.0127,-99
6835218549,407.454,276.4172,-99
6835251882,409.4431,273.5732,-99
6835285215,410.2265,270.1777,-99
6835318548,413.7374,265.5216,-99
6835351881,415.8771,261.0894,-99
6835385214,415.3983,264.3856,-99
6835418547,412.67,270.8433,-99
6835451880,413.6974,271.1671,-99
6835485213,414.9811,270.6651,-99
6835518546,415.7924,271.8514,-99
6835551879,416.5982,274.0722,-99
6835585212,416.4909,275.5909,-99
6835618545,416.0683,275.9689,-99
6835651878,416.7988,277.1321,-99
6835685211,417.7962,278.7857,-99
6835718544,418.2544,281.7481,-99
6835751877,421.285,281.6259,-99
6835785210,423.014,283.1653,-99
6835818543,424.0424,284.8418,-99
6835851876,425.7989,285.2181,-99
6835885209,426.5655,287.4712,-99
6835918542,428.0182,290.4857,-99
6835951875,431.0916,292.144,-99
6835985208,435.1414,296.0505,-99
6836018541,437.0732,298.0031,-99
6836051874,438.5844,298.753,-99
6836085207,438.7565,299.534,-99
6836118540,440.3467,300.832,-99
6836151873,442.3414,302.1828,-99
6836185206,443.5393,303.9241,-99
6836218539,445.4454,305.112,-99
6836251872,447.1844,306.8687,-99
6836285205,449.2386,307.554,-99
6836318538,451.4413,308.9302,-99
6836351871,452.4729,310.7177,-99
6836385204,454.3551,311.2571,-99
6836418537,455.6307,311.5313,-99
6836451870,456.8829,312.1667,-99
6836485890,458.9625,312.0197,-99
6836519223,460.345,311.2009,-99
6836552556,461.5458,311.6738,-99
6836585889,462.2972,311.2866,-99
6836619222,461.8447,310.1,-99
6836652555,463.5212,310.0348,-99
6836685888,463.4014,312.7324,-99
6836719221,461.9778,314.3926,-99
6836752554,458.551,317.3418,-99
6836785887,460.3009,315.5555,-99
6836819220,461.1759,311.2276,-99
6836852553,461.6603,309.1233,-99
6836885886,462.2421,307.7119,-99
6836919219,462.2186,309.1732,-99
6836952552,462.998,309.2695,-99
6836985885,460.9846,308.3473,-99
6837019218,457.8314,307.8432,-99
6837052551,460.3979,307.1453,-99
6837085884,459.9451,307.9941,-99
6837119217,459.5681,307.0175,-99
6837152550,459.8253,305.7701,-99
6837185883,457.7072,305.8144,-99
6837219216,455.1011,307.0307,-99
6837252549,453.3203,306.5047,-99
6837285882,453.0667,304.9356,-99
6837319215,450.9579,305.0562,-99
6837352548,448.169,305.338,-99
6837385881,445.693,305.5535,-99
6837419214,443.8866,306.0972,-99
6837452547,443.3874,306.5968,-99
6837485880,442.6145,306.6238,-99
6837519213,443.1429,306.4857,-99
6837552546,444.178,306.1978,-99
6837585879,445.7097,308.0369,-99
6837619212,447.1784,309.4352,-99
6837652545,448.5013,310.876,-99
6837685878,450.1471,311.6948,-99
6837719211,451.3922,312.1078,-99
6837752544,451.4411,314.5182,-99
6837785877,452.533,316.8929,-99
6837819210,447.4096,322.7831,-99
6837852543,445.871,323.2097,-99
6837885876,446.6351,324.3716,-99
6837919209,452.6653,325.9469,-99
6837952542,452.8201,324.8166,-99
6837985875,455.409,321.1158,-99
6838019208,456.4304,322.2599,-99
6838052541,456.6375,323.5354,-99
6838085874,456.4834,326.0685,-99
6838119207,455.8435,327.6348,-99
6838158120,455.6754,328.424,-99
6838191453,455.2564,330.1933,-99
6838224786,454.0121,331.4326,-99
6838258119,453.1508,332.7583,-99
6838291452,450.1697,336.0386,-99
6838324785,451.0719,335.8854,-99
6838358118,449.8384,336.2342,-99
6838391451,445.7183,338.924,-99
6838424784,444.3061,340.7639,-99
6838458117,442.7135,339.2135,-99
6838491450,440.6556,338.6358,-99
6838524783,442.8294,339.9595,-99
6838558116,442.9718,340.1831,-99
6838591449,443.2717,341.0297,-99
6838624782,442.8182,341.685,-99
6838658115,441.5505,343.9069,-99
6838691448,440.748,344.065,-99
6838724781,440.3189,344.9095,-99
6838758114,439.9961,346.3684,-99
6838791447,439.3205,346.7018,-99
6838824780,438.1556,347.7799,-99
6838858113,436.3155,348.5572,-99
6838891446,435.0382,348.771,-99
6838924779,433.6041,348.5591,-99
6838958112,432.7515,348.2886,-99
6838991445,432.7229,348.806,-99
6839024778,434.9241,349.8119,-99
6839058111,432.6304,348.5516,-99
6839091444,428.774,350.137,-99
6839124777,425.958,352.4727,-99
6839158110,424.8216,354.153,-99
6839191443,422.6195,357.0797,-99
6839224776,421.8513,359.2543,-99
6839258109,421.0696,361.7234,-99
6839291442,419.6653,364.6996,-99
6839324775,418.6606,367.185,-99
6839358108,416.7293,370.3937,-99
6839391441,415.1568,372.2273,-99
6839424774,412.502,374.6084,-99
6839458107,410.3947,375.2105,-99
6839491440,407.7924,376.9534,-99
6839524773,403.0696,379.597,-99
6839558106,402.227,381.5789,-99
6839591439,400.2412,382.7029,-99
6839624772,399.5482,386.8556,-99
6839658105,402.057,388.2416,-99
6839691438,402.5193,388.3056,-99
6839724771,402.0853,387.6336,-99
6839758104,400.9381,388.2005,-99
6839791437,401.7236,387.8543,-99
6839824770,399.0323,386.3754,-99
6839858103,399.9824,385.6902,-99
6839891436,398.2077,385.5564,-99
6839924769,396.9761,388.0139,-99
6839958102,394.7443,389.5739,-99
6839991435,395.5694,390.3756,-99
6840024768,393.8905,392.831,-99
6840058101,390.8659,391.7554,-99
6840091434,389.9107,391.2699,-99
6840124767,388.3424,392.1141,-99
6840158100,386.8291,391.8435,-99
6840191433,385.5438,391.5027,-99
6840224766,384.3521,389.1869,-99
6840258099,382.653,388.9435,-99
6840291432,380.3183,388.3061,-99
6840324765,379.0407,387.2937,-99
6840358098,377.0993,387.4914,-99
6840391431,375.492,388.354,-99
6840424764,374.689,389.7058,-99
6840458097,372.3489,391.5234,-99
6840491430,370.3544,393.6908,-99
6840524763,368.5996,395.5996,-99
6840558096,367.3723,395.5245,-99
6840591429,365.985,395.9383,-99
6840624762,363.9361,396.5852,-99
6840658095,363.8972,396.0789,-99
6840691428,363.1752,396.2382,-99
6840724761,362.0188,395.9567,-99
6840758094,361.3376,395.8948,-99
6840791427,361.0133,395.9354,-99
6840824760,359.4393,396.2254,-99
6840858093,359.575,396.384,-99
6840891426,359.325,396.3134,-99
6840924759,358.4991,395.713,-99
6840958092,358.3721,395.4676,-99
6840991425,357.5592,395.5845,-99
6841024758,358.8946,395.6817,-99
6841058091,358.1079,397.1607,-99
6841091424,358.27,398.4966,-99
6841124757,358.0222,399.916,-99
6841158090,358.8281,400.5521,-99
6841191423,358.2589,401.2299,-99
6841224756,357.0186,401.2577,-99
6841258089,357.1918,401.8278,-99
6841291422,356.4229,401.7115,-99
6841324755,355.5,402.7752,-99
6841358088,355.5107,401.6263,-99
6841391421,355.7584,401.5075,-99
6841424754,355.7613,401.5338,-99
6841458087,355.2191,400.3255,-99
6841493717,354.6123,399.674,-99
6841527050,353.3326,399.2174,-99
6841560383,353.507,398.2605,-99
6841593716,352.2867,396.9693,-99
6841627049,351.7853,397.5811,-99
6841660382,351.0286,398.7529,-99
6841693715,351.0279,400.2408,-99
6841727048,350.1551,400.7753,-99
6841760381,349.7786,400.7891,-99
6841793714,349.1176,401.3583,-99
6841827047,347.5957,400.8168,-99
6841860380,346.8788,400.0427,-99
6841893713,346.2177,399.5823,-99
6841927046,345.4078,398.3197,-99
6841960379,344.6476,397.7617,-99
6841993712,343.599,397.3511,-99
6842027045,342.386,397.3993,-99
6842060378,341.5627,397.7068,-99
6842093711,340.4714,397.9185,-99
6842127044,338.8474,398.8102,-99
6842160377,338.2556,399.3204,-99
6842193710,335.6165,400.022,-99
6842227043,333.7654,399.9851,-99
6842260376,333.6944,400.2557,-99
6842293709,331.7257,399.7149,-99
6842327042,329.3979,399.372,-99
6842360375,326.9809,399.0849,-99
6842393708,323.8467,398.4449,-99
6842427041,322.6729,400.1304,-99
6842460374,319.3722,400.3571,-99
6842493707,317.5358,401.648,-99
6842527040,316.6013,403.7996,-99
6842560373,314.5063,404.557,-99
6842593706,312.4633,405.306,-99
6842627039,311.3509,405.3925,-99
6842660372,309.7965,405.7243,-99
6842693705,307.1075,404.2841,-99
6842727038,306.4061,404.3112,-99
6842760371,303.9247,404.7688,-99
6842793704,302.5195,404.4228,-99
6842827037,302.1295,404.3957,-99
6842860370,300.9446,404.5744,-99
6842893703,299.5356,404.978,-99
6842927036,298.5744,405.4619,-99
6842960369,297.6955,406.1782,-99
6842993702,296.2069,406.5099,-99
6843027035,296.0196,406.774,-99
6843060368,294.8345,406.455,-99
6843093701,294.0455,406.7097,-99
6843127034,292.4927,406.7216,-99
6843160367,292.2913,406.3712,-99
6843193700,290.9451,406.1115,-99
6843227033,289.7774,406.677,-99
6843260366,287.9813,406.619,-99
6843293699,286.3748,406.1295,-99
6843327032,284.3401,405.101,-99
6843360365,282.6771,404.0156,-99
6843393698,280.1605,401.8578,-99
6843427031,277.5129,399.0919,-99
6843460364,275.5448,397.1462,-99
6843493697,274.6539,394.5354,-99
6843527030,272.8227,395.1087,-99
6843560363,270.7738,393.4457,-99
6843593696,267.9465,393.7216,-99
6843627029,264.7051,394.3041,-99
6843660362,262.1225,395.0372,-99
6843693695,258.464,395.3644,-99
6843727028,255.2063,394.501,-99
6843760361,252.2547,393.2472,-99
6843793694,250.3435,391.7513,-99
6843827027,246.9964,389.1885,-99
6843860360,245.0868,385.592,-99
6843893693,244.4861,384.0677,-99
6843927026,244.6372,382.6305,-99
6843960359,243.3645,382.1589,-99
6843993692,242.7275,382.1611,-99
6844027025,240.9787,383.6019,-99
6844060358,239.0563,385.3239,-99
6844093691,237.9673,386.9325,-99
6844127024,236.0649,388.8949,-99
6844160357,234.117,388.0094,-99
6844193690,232.7211,387.745,-99
6844227023,230.2787,386.1167,-99
6844260356,230.6015,384.5145,-99
6844293689,229.8903,381.8867,-99
6844327022,230.2171,378.3181,-99
6844360355,229.557,376.0722,-99
6844393688,229.7159,373.4936,-99
6844427021,230.8367,371.8885,-99
6844460354,229.5242,372.3486,-99
6844493687,229.243,370.8668,-99
6844527020,227.7904,370.2554,-99
6844560353,225.8189,369.9727,-99
6844593686,224.5833,369.952,-99
6844627019,223.8935,369.1985,-99
6844660352,222.5396,368.0869,-99
6844693685,221.9636,366.0243,-99
6844727018,222.9767,364.8582,-99
6844760351,221.9427,363.6016,-99
6844793684,221.441,362.6458,-99
6844834893,221.1408,360.7613,-99
6844868226,219.3692,360.1846,-99
6844901559,217.9647,360.1133,-99
6844934892,216.8355,360.3496,-99
6844968225,216.7848,358.9095,-99
6845001558,215.5511,356.9044,-99
6845034891,214.7671,354.8594,-99
6845068224,214.6475,353.5604,-99
6845101557,215.2197,354.4394,-99
6845134890,214.7043,355.3083,-99
6845168223,214.6022,354.9782,-99
6845201556,214.4974,355.1042,-99
6845234889,213.4036,355.9583,-99
6845268222,211.8571,356.8312,-99
6845301555,210.609,358.9442,-99
6845334888,209.5603,359.6583,-99
6845368221,208.3481,360.8148,-99
6845401554,207.1394,362.9046,-99
6845434887,206.219,365.2531,-99
6845468220,205.3019,366.6203,-99
6845501553,204.6878,367.4488,-99
6845534886,203.2857,365.272,-99
6845568219,202.4933,364.9884,-99
6845601552,200.0797,363.6033,-99
6845634885,199.8901,361.8919,-99
6845668218,199.778,358.035,-99
6845701551,199.6988,355.0368,-99
6845734884,199.2534,351.2921,-99
6845768217,198.8728,348.1034,-99
6845801550,200.1124,345.6899,-99
6845834883,201.1641,344.5454,-99
6845868216,200.0153,342.3817,-99
6845901549,199.6015,339.8787,-99
6845934882,198.1238,339.3441,-99
6845968215,197.1342,339.243,-99
6846001548,197.2789,339.1935,-99
6846034881,196.7325,338.5325,-99
6846068214,195.0394,337.3498,-99
6846101547,193.5402,334.5025,-99
6846134880,194.8651,333.7608,-99
6846168213,195.4859,330.5985,-99
6846201546,195.476,327.962,-99
6846234879,196.945,326.52,-99
6846268212,195.8006,322.8376,-99
6846301545,195.5776,320.3893,-99
6846334878,194.9269,317.8694,-99
6846368211,194.0284,314.5129,-99
6846401544,191.8886,310.1501,-99
6846434877,191.2542,307.431,-99
6846468210,189.8114,304.557,-99
6846501543,186.5089,300.5333,-99
6846534876,185.1029,297.7892,-99
6846568209,183.8764,296.373,-99
6846601542,181.8346,294.5788,-99
6846634875,179.5556,290.3792,-99
6846668208,178.2685,289.3793,-99
6846701541,177.1912,288.3505,-99
6846734874,175.4373,287.9066,-99
6846768207,173.5893,288.2133,-99
6846801540,171.4466,289.073,-99
6846834873,171.0174,290.218,-99
6846868206,169.2107,291.1128,-99
6846901539,169.1946,289.3285,-99
6846934872,169.3636,287.4944,-99
6846968205,169.1706,286.3909,-99
6847001538,170.1588,283.6039,-99
6847034871,169.8471,283.8008,-99
6847068204,170.9076,279.3368,-99
6847101537,170.6739,277.4838,-99
6847134870,171.8495,276.2412,-99
6847168203,172.3549,274.2299,-99
6847201536,171.7933,274.7263,-99
6847234869,174.049,273.2888,-99
6847268202,174.2791,271.3925,-99
6847301535,175.0424,271.1618,-99
6847334868,176.9193,270.7734,-99
6847368201,177.7686,268.5558,-99
6847401534,178.6273,267.4394,-99
6847434867,179.8517,265.5989,-99
6847468200,181.3895,265.2132,-99
6847501533,180.4548,262.4987,-99
6847534866,182.1622,261.8643,-99
6847568199,182.8813,260.0682,-99
6847601532,182.0571,256.8914,-99
6847634865,183.716,256.074,-99
6847668198,182.8711,253.0334,-99
6847701531,182.6466,251.3985,-99
6847734864,182.4401,249.6589,-99
6847768197,182.9951,247.9435,-99
6847801530,182.6898,245.8892,-99
6847834863,183.4129,241.7556,-99
6847868196,184.4783,239.7038,-99
6847901529,184.8861,237.5667,-99
6847934862,184.3296,233.0748,-99
6847968195,185.4006,230.9006,-99
6848001528,185.9508,229.3731,-99
6848034861,184.3576,225.0233,-99
6848068194,185.2601,224.9169,-99
6848101527,183.4971,221.6029,-99
6848134860,182.8731,218.987,-99
6848167271,183.5313,216.9549,-99
6848200604,184.3956,212.9044,-99
6848233937,185.0045,211.9754,-99
6848267270,186.0699,209.7182,-99
6848300603,188.1065,208.4144,-99
6848333936,189.3983,207.5032,-99
6848367269,190.7547,204.8386,-99
6848400602,192.5104,203.8863,-99
6848433935,194.5747,201.1221,-99
6848467268,194.473,199.6029,-99
6848500601,194.7487,198.1597,-99
6848533934,195.6,195.0568,-99
6848567267,197.0919,191.8838,-99
6848600600,199.1883,190.2175,-99
6848633933,200.2605,186.8784,-99
6848667266,202.4891,185.5519,-99
6848700599,203.9727,182.8784,-99
6848733932,205.6434,181.9554,-99
6848767265,206.907,178.4673,-99
6848800598,208.6382,176.6382,-99
6848833931,210.145,174.5075,-99
6848867264,211.4138,171.2334,-99
6848900597,213.5941,170.1317,-99
6848933930,213.4487,166.7846,-99
6848967263,215.7527,166.1319,-99
6849000596,216.5226,162.3266,-99
6849033929,217.3694,162.1689,-99
6849067262,217.3448,161.5146,-99
6849100595,217.438,160.5216,-99
6849133928,217.2341,158.3384,-99
6849167261,217.0211,157.8443,-99
6849200594,216.3979,154.1602,-99
6849233927,216.4749,153.8259,-99
6849267260,215.4935,150.7013,-99
6849300593,215.1935,150.2462,-99
6849333926,215.5613,150.5424,-99
6849367259,216.6399,150.0083,-99
6849400592,215.9386,149.4888,-99
6849433925,216.5098,149.0784,-99
6849467258,217.4105,148.2237,-99
6849500591,218.4378,147.4776,-99
6849533924,221.7232,146.1652,-99
6849567257,223.793,146.0551,-99
6849600590,226.453,146.0345,-99
6849633923,228.3403,146.2357,-99
6849667256,229.823,146.642,-99
6849700589,231.349,147.2528,-99
6849733922,233.5403,146.0805,-99
6849767255,235.013,145.9767,-99
6849800588,236.0827,145.8708,-99
6849833921,238.8661,142.7621,-99
6849867254,241.6521,141.3796,-99
6849900587,243.7385,140.6828,-99
6849933920,246.2614,140.6244,-99
6849967253,248.131,140.1058,-99
6850000586,250.0707,140.3073,-99
6850033919,251.5322,139.7184,-99
6850067252,252.7325,139.7952,-99
6850100585,253.7657,137.8111,-99
6850133918,254.7306,137.671,-99
6850167251,255.0682,136.958,-99
6850200584,255.8707,134.0373,-99
6850233917,256.7048,133.5725,-99
6850267250,257.9195,130.7264,-99
6850300583,258.57,129.2475,-99
6850333916,260.4715,128.7916,-99
6850367249,263.121,128.2143,-99
6850400582,265.5672,128.0874,-99
6850433915,267.6893,128.4291,-99
6850467248,270.1387,128.3477,-99
6850500581,272.1573,128.0442,-99
6850533914,273.2265,128.3278,-99
6850567247,273.8698,128.0672,-99
6850600580,277.3573,126.2376,-99
6850633913,278.619,124.9456,-99
6850667246,280.1953,123.0541,-99
6850700579,283.2276,121.6659,-99
6850733912,286.6605,121.9884,-99
6850767245,290.9048,122.8406,-99
6850800578,292.446,122.1338,-99
6850833911,294.555,121.701,-99
6850867244,297.2644,120.8774,-99
6850900577,299.7716,120.7411,-99
6850933910,301.6522,120.3657,-99
6850967243,304.2645,118.6222,-99
6851000576,306.5049,117.5961,-99
6851033909,308.7081,116.8708,-99
6851067242,311.0382,116.5561,-99
6851100575,312.5659,116.9612,-99
6851133908,314.3166,116.9077,-99
6851167241,315.6354,116.7212,-99
6851200574,317.0647,115.8308,-99
6851233907,318.7533,114.8833,-99
6851267240,319.1095,113.8345,-99
6851300573,320.9126,113.8028,-99
6851333906,322.6036,113.3506,-99
6851367239,325.0566,113.3066,-99
6851400572,325.7276,114.2432,-99
6851433905,328.6937,115.2565,-99
6851467238,330.5212,116.8729,-99
6851503588,332.1356,118.3145,-99
6851536921,336.6552,118.4856,-99
6851570254,339.1591,118.9705,-99
6851603587,341.5974,118.9803,-99
6851636920,342.5098,119.5417,-99
6851670253,344.0911,120.5683,-99
6851703586,346.3907,121.5111,-99
6851736919,347.8483,122.2512,-99
6851770252,350.0125,121.5448,-99
6851803585,352.7582,122.0352,-99
6851836918,355.5925,122.6965,-99
6851870251,357.3299,122.1245,-99
6851903584,360.0062,122.5597,-99
6851936917,362.4266,122.5088,-99
6851970250,364.519,121.8119,-99
6852003583,367.4887,122.3728,-99
6852036916,369.9008,122.732,-99
6852070249,372.2353,123.5371,-99
6852103582,373.468,124.0517,-99
6852136915,375.2381,123.9774,-99
6852170248,376.7227,124.0712,-99
6852203581,378.7956,124.8356,-99
6852236914,379.806,123.8422,-99
6852270247,381.9219,124.1543,-99
6852303580,382.0686,123.5067,-99
6852336913,384.4739,124.0638,-99
6852370246,385.2142,124.7522,-99
6852403579,386.1944,126.3421,-99
6852436912,388.6429,128.6,-99
6852470245,390.9214,131.0839,-99
6852503578,392.3394,133.4307,-99
6852536911,395.3012,136.1756,-99
6852570244,397.4603,139.0935,-99
6852603577,398.4192,140.2974,-99
6852636910,400.35,142.675,-99
6852670243,401.795,145.4275,-99
6852703576,403.0409,147.2356,-99
6852736909,405.9039,148.1377,-99
6852770242,407.9688,148.5013,-99
6852803575,411.2322,150.636,-99
6852836908,414.0042,151.1192,-99
6852870241,416.2759,151.166,-99
6852903574,418.6321,152.1099,-99
6852936907,421.0366,153.1179,-99
6852970240,422.6084,155.006,-99
6853003573,424.9026,157.073,-99
6853036906,426.3794,157.5126,-99
6853070239,428.6375,158.825,-99
6853103572,430.4961,161.0339,-99
6853136905,431.8831,161.1922,-99
6853170238,433.2762,161.4322,-99
6853203571,434.7565,162.279,-99
6853236904,435.7741,164.0118,-99
6853270237,436.5019,164.0769,-99
6853303570,436.8779,165.5118,-99
6853336903,437.2225,167.7343,-99
6853370236,437.7569,170.5793,-99
6853403569,438.4382,174.4,-99
6853436902,439.2516,178.3869,-99
6853470235,440.9352,183.085,-99
6853503568,442.7943,185.869,-99
6853536901,443.0613,187.3067,-99
6853570234,443.7158,189.6032,-99
6853603567,443.9807,190.6602,-99
6853636900,444.0307,191.5531,-99
6853670233,444.4677,193.1602,-99
6853703566,445.3123,194.5191,-99
6853736899,446.5066,195.2654,-99
6853770232,448.6261,196.4189,-99
6853803565,449.795,197.3212,-99
6853836898,450.3744,197.8219,-99
6853870231,450.5702,197.034,-99
6853903564,450.8877,197.3766,-99
6853936897,451.7966,197.9171,-99
6853970230,452.7306,199.5484,-99
6854003563,453.3458,200.2063,-99
6854036896,453.7666,200.2998,-99
6854070229,454.2641,201.6342,-99
6854103562,453.5162,202.8078,-99
6854136895,452.6049,203.1037,-99
6854170228,452.2722,202.8389,-99
6854203561,451.7608,204.317,-99
6854236894,451.8423,204.1183,-99
6854270227,451.5226,205.5804,-99
6854303560,451.887,206.976,-99
6854336893,452.2117,208.5721,-99
6854370226,452.7809,209.6508,-99
6854403559,453.6212,210.7341,-99
6854436892,453.9416,211.3011,-99
6854470225,454.8947,210.5568,-99
6854503558,455.2969,212.0336,-99
6854536891,455.6087,213.2935,-99
6854570224,456.7898,214.2857,-99
6854603557,457.571,214.6756,-99
6854636890,458.8462,214.6605,-99
6854670223,460.8376,214.4366,-99
6854703556,462.8155,214.6933,-99
6854736889,464.3512,216.0107,-99
6854770222,466.2079,215.6915,-99
6854803555,468.0229,215.8438,-99
6854842435,469.48,215.8842,-99
6854875768,471.2247,216.9237,-99
6854909101,472.7532,217.9485,-99
6854942434,473.5597,218.9002,-99
6854975767,474.3647,220.3714,-99
6855009100,474.8192,221.8976,-99
6855042433,475.4339,221.2918,-99
6855075766,475.812,222.094,-99
6855109099,475.8048,224.4989,-99
6855142432,475.8763,225.3427,-99
6855175765,475.5916,226.2529,-99
6855209098,475.875,228.4301,-99
6855242431,476.3467,229.4038,-99
6855275764,476.1547,231.352,-99
6855309097,475.6681,233.5945,-99
6855342430,475.1255,235.2957,-99
6855375763,474.3083,237.3738,-99
6855409096,472.7479,239.5014,-99
6855442429,472.1267,241.9229,-99
6855475762,470.4891,243.6196,-99
6855509095,469.0691,245.384,-99
6855542428,467.496,246.3422,-99
6855575761,465.5309,249.6691,-99
6855609094,463.5461,251.7105,-99
6855642427,462.7482,253.8447,-99
6855675760,461.0467,254.6578,-99
6855709093,460.5186,256.5624,-99
6855742426,459.4085,257.9442,-99
6855775759,460.068,258.2494,-99
6855809092,460.3098,259.1,-99
6855842425,461.2371,260.3196,-99
6855875758,462.1421,261.8835,-99
6855909091,462.9866,263.3038,-99
6855942424,463.6949,265.4179,-99
6855975757,462.2091,267.9281,-99
6856009090,462.6422,269.2672,-99
6856042423,461.8551,271.4265,-99
6856075756,461.7171,273.5757,-99
6856109089,461.0659,275.1517,-99
6856142422,460.6852,277.5643,-99
6856175755,460.9207,280.876,-99
6856209088,460.3769,282.9101,-99
6856242421,462.7139,283.7564,-99
6856275754,464.8794,287.1333,-99
6856309087,465.4209,289.3906,-99
6856342420,466.1207,291.431,-99
6856375753,463.9348,292.6929,-99
6856409086,464.9474,293.807,-99
6856442419,465.6133,296.2956,-99
6856475752,465.9634,298.6024,-99
6856511414,466.8875,300.3643,-99
6856544747,467.699,302.4055,-99
6856578080,466.9655,304.2857,-99
6856611413,466.3018,306.8318,-99
6856644746,467.3361,306.6694,-99
6856678079,467.6507,307.0085,-99
6856711412,467.7794,308.3565,-99
6856744745,465.5368,310.038,-99
6856778078,464.968,311.156,-99
6856811411,464.1915,311.5665,-99
6856844744,463.5756,311.6201,-99
6856878077,463.1932,311.5945,-99
6856911410,462.5068,312.1932,-99
6856944743,461.9383,312.5771,-99
6856978076,459.7633,311.6942,-99
6857011409,460.1215,313.5013,-99
6857044742,463.0856,313.9724,-99
6857078075,461.3929,316.9169,-99
6857111408,464.7755,321.8082,-99
6857144741,461.7413,322.7319,-99
6857178074,458.1259,323.4761,-99
6857211407,456.6201,323.8928,-99
6857244740,454.9406,322.7896,-99
6857278073,452.7048,320.8133,-99
6857311406,450.458,327.5525,-99
6857344739,443.8203,330.3272,-99
6857378072,444.1051,328.7748,-99
6857411405,442.13,333.7825,-99
6857444738,442.9925,332.1119,-99
6857478071,441.3429,332.489,-99
6857511404,440.6953,332.4063,-99
6857544737,435.4561,329.1696,-99
6857578070,435.4259,340.4963,-99
6857611403,435.3225,343.7459,-99
6857644736,435.7245,346.7695,-99
6857678069,434.1773,347.1064,-99
6857711402,431.0334,350.4071,-99
6857744735,431.5509,353.4678,-99
6857778068,431.7788,356.4682,-99
6857811401,431.876,360.6072,-99
6857844734,429.5865,362.6216,-99
6857878067,425.5611,362.7274,-99
6857911400,421.5928,364.4254,-99
6857944733,420.5374,365.3921,-99
6857978066,417.7134,366.7216,-99
6858011399,416.4925,368.2601,-99
6858044732,416.0159,369.3341,-99
6858078065,414.9588,371.6124,-99
6858111398,414.2899,373.5148,-99
6858144731,413.4657,375.3266,-99
6858178064,414.6432,376.6734,-99
6858211397,414.009,378.5416,-99
6858244730,415.7621,379.4936,-99
6858278063,415.8044,383.1703,-99
6858311396,409.0835,383.9602,-99
6858344729,406.0101,384.9814,-99
6858378062,402.9063,386.3279,-99
6858411395,399.8059,387.4423,-99
6858444728,396.3899,387.6281,-99
6858478061,395.2763,387.2452,-99
6858511394,392.6644,387.1534,-99
6858544727,389.5009,388.56,-99
6858578060,387.4492,388.8594,-99
6858611393,384.7593,390.2855,-99
6858644726,383.5579,390.3058,-99
6858678059,380.3321,390.9927,-99
6858711392,378.641,391.1504,-99
6858744725,375.8737,391.4004,-99
6858778058,373.123,391.5875,-99
6858811391,370.479,391.6437,-99
6858844724,370.5058,391.3513,-99
6858878057,368.8,391.7806,-99
6858911390,368.9253,393.1037,-99
6858944723,369.1532,394.6367,-99
6858978056,368.342,396.619,-99
6859011389,365.8492,397.7202,-99
6859044722,364.3982,399.0357,-99
6859078055,362.9307,400.2045,-99
6859111388,361.8043,400.5025,-99
6859144721,359.9339,400.9949,-99
6859178054,358.537,401.8021,-99
6859211387,356.5817,402.1037,-99
6859244720,353.7542,402.6305,-99
6859278053,352.4339,402.5641,-99
6859311386,351.9492,403.2352,-99
6859344719,351.5058,403.9095,-99
6859378052,350.7735,405.4386,-99
6859411385,350.1606,407.6891,-99
6859444718,348.8075,407.3557,-99
6859478051,347.1657,408.9423,-99
6859511384,345.3138,410.5029,-99
6859544717,343.0627,411.7085,-99
6859578050,339.8642,412.6367,-99
6859611383,338.1378,412.0318,-99
6859644716,335.54,411.3935,-99
6859678049,332.5323,410.4226,-99
6859711382,331.6931,408.8494,-99
6859744715,329.3959,407.552,-99
6859778048,328.3092,407.6586,-99
6859811381,327.3024,407.2053,-99
6859843792,325.4988,407.1812,-99
6859877125,324.1767,407.3621,-99
6859910458,323.0659,408.4227,-99
6859943791,322.5407,409.2263,-99
6859977124,321.5968,410.082,-99
6860010457,319.5971,410.2087,-99
6860043790,317.3516,410.1947,-99
6860077123,316.5314,410.6033,-99
6860110456,313.7644,411.0322,-99
6860143789,312.7188,411.0104,-99
6860177122,312.401,410.5139,-99
6860210455,312.517,411.9058,-99
6860243788,312.4254,413.9342,-99
6860277121,311.5064,414.8362,-99
6860310454,310.6985,415.8647,-99
6860343787,309.0457,417.4761,-99
6860377120,308.7143,418.517,-99
6860410453,309.0797,419.2096,-99
6860443786,308.7291,419.511,-99
6860477119,308.5248,419.1712,-99
6860510452,308.1353,418.471,-99
6860543785,308.114,417.8195,-99
6860577118,307.2455,417.1362,-99
6860610451,307.3792,416.6608,-99
6860643784,306.5072,415.8855,-99
6860677117,305.9626,414.5038,-99
6860710450,304.3703,413.3622,-99
6860743783,304.4342,412.5516,-99
6860777116,303.3896,409.709,-99
6860810449,301.8419,407.0189,-99
6860843782,300.2019,403.6898,-99
6860877115,298.7249,400.4273,-99
6860910448,298.487,398.7987,-99
6860943781,296.932,397.6576,-99
6860977114,294.7043,396.1322,-99
6861010447,292.4225,395.8897,-99
6861043780,290.2073,396.2733,-99
6861077113,287.6712,396.9478,-99
6861110446,285.4097,397.0695,-99
6861143779,283.7123,396.7625,-99
6861177112,282.5748,395.4673,-99
6861210445,280.6884,393.9036,-99
6861243778,279.1035,393.0184,-99
6861277111,277.8429,393.1024,-99
6861310444,276.1163,393.2483,-99
6861343777,273.4949,393.2901,-99
6861377110,272.7557,394.6284,-99
6861410443,271.6882,396.9053,-99
6861443776,270.4228,397.5101,-99
6861477109,268.1962,397.8246,-99
6861519240,265.4368,396.0038,-99
6861552573,262.3003,393.4059,-99
6861585906,260.893,391.9929,-99
6861619239,258.5881,389.3403,-99
6861652572,257.9795,390.1758,-99
6861685905,255.9933,387.0786,-99
6861719238,253.2892,385.5245,-99
6861752571,251.0065,382.6601,-99
6861785904,248.153,381.8858,-99
6861819237,245.8313,381.1563,-99
6861852570,243.9442,380.733,-99
6861885903,240.5909,380.7656,-99
6861919236,238.5768,380.2884,-99
6861952569,237.4072,378.9728,-99
6861985902,234.6247,378.164,-99
6862019235,232.935,375.3944,-99
6862052568,229.936,373.545,-99
6862085901,228.4239,370.459,-99
6862119234,226.8247,367.8321,-99
6862152567,225.8618,365.2051,-99
6862185900,224.2178,364.1663,-99
6862219233,221.9895,362.5274,-99
6862252566,220.5195,363.1991,-99
6862285899,220.42,364.3413,-99
6862319232,219.0602,365.6989,-99
6862352565,217.7327,365.7005,-99
6862385898,217.7558,365.0465,-99
6862419231,216.5072,364.5215,-99
6862452564,215.665,363.0025,-99
6862485897,215.8019,362.125,-99
6862519230,216.058,360.1353,-99
6862552563,215.6046,359.1735,-99
6862585896,216.5744,358.7487,-99
6862619229,215.4067,358.8601,-99
6862652562,214.4566,356.1492,-99
6862685895,213.5815,355.2656,-99
6862719228,213.1388,354.1008,-99
6862752561,212.2837,354.0061,-99
6862785894,213.2365,351.9481,-99
6862819227,213.7928,353.1349,-99
6862852560,214.8175,351.4859,-99
6862885893,215.5757,348.8096,-99
6862919226,215.5512,347.2186,-99
6862952559,215.3466,346.5667,-99
6862985892,214.1281,347.0148,-99
6863019225,211.7535,347.3349,-99
6863052558,209.7444,347.9529,-99
6863085891,207.5835,348.5056,-99
6863119224,206.7579,349.709,-99
6863152557,205.6215,349.4552,-99
6863185890,205.118,347.5615,-99
6863219223,204.8932,345.8107,-99
6863252556,204.5863,343.3985,-99
6863285889,203.7419,340.4411,-99
6863319222,202.1822,337.4966,-99
6863352555,201.6958,335.1895,-99
6863385888,199.6435,332.5046,-99
6863419221,199.0671,330.0067,-99
6863452554,197.2723,329.1255,-99
6863485887,195.4147,327.5023,-99
6863519220,194.1973,325.5734,-99
6863552553,194.2094,325.734,-99
6863585886,194.8293,324.252,-99
6863619219,194.5781,322.5547,-99
6863652552,194.1804,321.1406,-99
6863685885,193.7221,318.6779,-99
6863719218,192.199,317.801,-99
6863752551,191.0856,315.3851,-99
6863785884,191.0911,314.0336,-99
6863819217,189.5566,313.0746,-99
6863852550,188.8902,313.0096,-99
6863885883,189.5586,313.1667,-99
6863919216,188.9576,313.8659,-99
6863952549,189.0621,313.4919,-99
6863985882,188.477,314.0853,-99
6864019215,188.5625,313.868,-99
6864052548,188.7925,314.175,-99
6864085881,189.0931,314.0711,-99
6864119214,188.9747,311.4962,-99
6864152547,189.5239,309.3804,-99
6864185880,190.8191,306.0327,-99
6864219213,191.6558,302.8643,-99
6864252546,192.6623,297.7081,-99
6864285879,193.9629,294.2031,-99
6864319212,195.4252,292.1285,-99
6864352545,196.0275,288.6216,-99
6864385878,195.7085,287.1985,-99
6864419211,194.5316,284.4684,-99
6864452544,191.8374,283.5936,-99
6864485877,189.3266,281.3492,-99
6864519210,186.5354,279.197,-99
6864552543,183.2445,277.0685,-99
6864585876,180.9462,275.2494,-99
6864619209,179.0851,274.2234,-99
6864652542,177.7602,273.2474,-99
6864685875,176.7707,271.0552,-99
6864719208,176.7575,269.7711,-99
6864752541,175.9917,268.6033,-99
6864785874,175.7143,267.6896,-99
6864819207,175.8389,265.0284,-99
6864852306,177.3475,263.197,-99
6864885639,176.5323,260.6164,-99
6864918972,176.8186,259.5529,-99
6864952305,174.5608,257.5087,-99
6864985638,175.5243,254.1714,-99
6865018971,175.1611,250.0667,-99
6865052304,175.9973,246.5642,-99
6865085637,178.1881,242.8222,-99
6865118970,180.7184,240.5553,-99
6865152303,182.7388,237.6517,-99
6865185636,184.2027,232.7836,-99
6865218969,185.8184,228.4627,-99
6865252302,187.9744,226.7651,-99
6865285635,188.8995,224.3148,-99
6865318968,190.0265,220.7188,-99
6865352301,190.7773,218.3596,-99
6865385634,190.3114,216.2101,-99
6865418967,190.6135,213.9641,-99
6865452300,189.5944,212.1811,-99
6865485633,189.4625,210.925,-99
6865518966,190.7406,210.5416,-99
6865552299,190.75,208.0457,-99
6865585632,192.1138,206.045,-99
6865618965,194.7579,205.4504,-99
6865652298,195.7817,202.2703,-99
6865685631,195.9067,201.7876,-99
6865718964,196.0859,198.4369,-99
6865752297,196.8705,194.5285,-99
6865785630,198.9191,193.5822,-99
6865818963,199.9974,190.5347,-99
6865852296,201.5948,186.6156,-99
6865885629,204.4184,185.8158,-99
6865918962,205.9392,182.1848,-99
6865952295,207.4896,179.0974,-99
6865985628,210.4592,176.7273,-99
6866018961,211.7304,173.6225,-99
6866052294,213.8215,171.4874,-99
6866085627,216.1942,169.716,-99
6866118960,218.5698,166.9279,-99
6866152293,220.1415,165.6978,-99
6866185626,221.2416,164.761,-99
6866218959,221.4591,163.7072,-99
6866252292,221.5814,161.4419,-99
6866285625,221.4947,160.4947,-99
6866318958,220.236,158.2837,-99
6866352291,220.1214,154.4167,-99
6866385624,221.0631,154.2209,-99
6866418957,222.1362,152.4064,-99
6866452290,223.4431,150.6004,-99
6866485623,226.2392,150.3164,-99
6866518956,228.4212,150.5598,-99
6866552289,230.9519,149.9893,-99
6866585622,234.161,148.839,-99
6866618955,235.223,147.2115,-99
6866652288,236.6416,145.8468,-99
6866685621,239.6514,144.8728,-99
6866718954,243.298,142.6185,-99
6866752287,245.764,141.2336,-99
6866785620,247.8925,140.5825,-99
6866818953,249.2126,139.3224,-99
6866852286,250.1841,137.9129,-99
6866885619,252.0207,137.5207,-99
6866918952,253.3609,134.3326,-99
6866952285,254.8615,133.9231,-99
6866985618,257.2943,131.4966,-99
6867018951,258.8825,130.0157,-99
6867052284,261.4266,129.9103,-99
6867085617,264.875,129.2048,-99
6867118950,267.6909,128.9171,-99
6867152283,269.7423,129.1263,-99
6867185616,272.4884,128.23,-99
6867218949,274.4097,125.715,-99
6867252282,275.2399,125.0707,-99
6867285615,276.9388,124.2041,-99
6867318948,278.4171,122.3578,-99
6867352281,280.0352,121.1256,-99
6867385614,281.6025,120.97,-99
6867418947,282.6507,121.1005,-99
6867452280,285.4803,121.4145,-99
6867485613,288.75,121.5492,-99
6867518946,291.2782,121.2301,-99
6867552279,294.637,120.4623,-99
6867585612,298.4598,119.9812,-99
6867618945,299.3782,119.1137,-99
6867652278,302.8024,117.5012,-99
6867685611,306.6878,117.2439,-99
6867718944,310.6046,116.6575,-99
6867752277,313.993,116.3403,-99
6867785610,316.9592,115.5353,-99
6867818943,319.8718,113.5949,-99
6867852276,323.2518,112.2352,-99
6867885609,326.1608,111.7789,-99
6867918942,329.644,112.0658,-99
6867952275,332.6763,111.7814,-99
6867985608,335.1291,111.6105,-99
6868018941,339.2172,112.3718,-99
6868052274,340.7595,112.8708,-99
6868085607,341.9066,112.8292,-99
6868118940,343.5633,112.5816,-99
6868152273,344.5922,111.3689,-99
6868187903,345.4236,110.2365,-99
6868221236,347.0872,109.8986,-99
6868254569,348.9485,110.7854,-99
6868287902,351.1705,110.8471,-99
6868321235,351.8221,112.1592,-99
6868354568,352.9691,113.8144,-99
6868387901,355.3538,116.5494,-99
6868421234,358.1466,118.9079,-99
6868454567,360.9008,120.2082,-99
6868487900,361.8668,120.6441,-99
6868521233,363.1196,121.2137,-99
6868554566,364.4651,121.6098,-99
6868587899,365.8136,120.7603,-99
6868621232,368.7488,118.7201,-99
6868654565,369.7291,116.8128,-99
6868687898,371.8673,114.3489,-99
6868721231,373.3436,112.8152,-99
6868754564,375.5087,110.9801,-99
6868787897,376.4631,110.4682,-99
6868821230,377.8314,108.2904,-99
6868854563,378.5399,106.4936,-99
6868887896,379.2679,104.7296,-99
6868921229,379.9302,100.8786,-99
6868954562,380.2636,98.58152,-99
6868987895,380.5637,96.28455,-99
6869021228,379.9082,92.80706,-99
6869054561,379.3068,91.39372,-99
6869087894,378.5313,90.45113,-99
6869121227,377.7,89.33414,-99
6869154560,377.5314,89.45169,-99
6869187893,377.7095,90.15,-99
6869221226,377.709,90.74129,-99
6869254559,377.3522,91.29787,-99
6869287892,377.3478,91.99758,-99
6869321225,377.0467,92.33178,-99
6869354558,376.9595,92.75266,-99
6869387891,376.9021,93.47446,-99
6869421224,376.421,93.32443,-99
6869454557,375.5584,93.40654,-99
6869487890,374.2306,93.21602,-99
6869521223,374.0419,94.82758,-99
6869554556,374.7007,95.95864,-99
6869587889,374.8665,98.6966,-99
6869621222,376.9932,100.0363,-99
6869654555,378.5168,102.1387,-99
6869687888,379.5068,103.6674,-99
6869721221,379.805,106.17,-99
6869754554,380.0958,107.5086,-99
6869787887,379.5193,108.0342,-99
6869821220,379.9828,107.931,-99
6869854553,379.6424,106.6565,-99
6869887886,379.5239,104.4081,-99
6869921219,378.7279,104.7395,-99
6869954552,378.7421,102.219,-99
6869987885,378.7641,100.4275,-99
6870021218,378.969,100.5537,-99
6870054551,378.5164,99.98598,-99
6870087884,377.9389,98.61539,-99
6870121217,377.9466,96.9771,-99
6870154550,376.8119,95.32674,-99
6870187883,375.1532,92.79032,-99
6870221216,373.1984,88.79089,-99
6870254549,370.5115,84.93606,-99
6870287882,367.3359,81.49096,-99
6870321215,364.0611,79.00555,-99
6870354548,361.3547,76.784,-99
6870387881,357.9148,73.77694,-99
6870421214,355.7258,71.49861,-99
6870454547,354.2434,71.48148,-99
6870487880,352.023,70.36311,-99
6870521213,350.0776,69.67529,-99
6870554546,349.0859,69.43491,-99
6870587879,348.4744,68.79829,-99
6870621212,347.8838,68.87768,-99
6870654545,346.6685,69.27247,-99
6870687878,346.9425,69.24712,-99
6870721211,346.233,69.26549,-99
6870754544,347.2384,70.36047,-99
6870787877,348.2432,71.06284,-99
6870821210,349.06,71.52857,-99
6870854543,350.1598,72.49311,-99
6870887876,351.63,72.63271,-99
6870921209,353.7435,73.05498,-99
6870954542,355.7789,73.61558,-99
6870987875,358.1297,74.62843,-99
6871021208,359.4586,76.60104,-99
6871054541,361.5884,78.0202,-99
6871087874,362.5258,79.65206,-99
6871121207,363.7924,81.05064,-99
6871154540,364.3419,81.90488,-99
6871187873,364.6786,82.79137,-99
6871221206,364.4849,83.92211,-99
6871254539,364.8039,84.21323,-99
6871287872,364.8479,85.05985,-99
6871321205,365.0143,85.53919,-99
6871354538,365.2964,85.84097,-99
6871387871,365.4153,86.34367,-99
6871421204,365.5697,86.52955,-99
6871454537,365.4765,86.68889,-99
6871487870,365.7736,86.50707,-99
6871529079,365.3922,86.37009,-99
6871562412,365.7308,86.22115,-99
6871595745,365.6032,85.83028,-99
6871629078,365.7373,87.4482,-99
6871662411,365.4378,88.18912,-99
6871695744,368.1333,90.94444,-99
6871729077,369.8787,92.84042,-99
6871762410,371.2737,96.29742,-99
6871795743,372.104,99.39243,-99
6871829076,373.5253,102.5904,-99
6871862409,375.5279,105.9492,-99
6871895742,376.442,107.8272,-99
6871929075,377.7038,109.4031,-99
6871962408,378.8898,110.5318,-99
6871995741,379.5245,111.2942,-99
6872029074,380.3241,111.2964,-99
6872062407,380.8362,111.8191,-99
6872095740,381.7981,112.115,-99
6872129073,380.8506,112.908,-99
6872162406,381.389,114.0435,-99
6872195739,382.1511,115.9622,-99
6872229072,381.9236,118.0807,-99
6872262405,382.8586,120.0021,-99
6872295738,384.956,122.6876,-99
6872329071,386.5748,125.2933,-99
6872362404,387.114,128.0636,-99
6872395737,387.0107,131.0855,-99
6872429070,387.5837,133.0047,-99
6872462403,387.7974,134.4632,-99
6872495736,387.2487,136.1026,-99
6872529069,388.7045,136.3546,-99
6872562402,389.7212,136.252,-99
6872595735,390.8251,134.6548,-99
6872629068,392.9149,134.6376,-99
6872662401,393.8162,135.7505,-99
6872695734,395.338,135.7945,-99
6872729067,397.4943,136.6584,-99
6872762400,398.3248,137.7171,-99
6872795733,397.925,138.3874,-99
6872829066,398.7007,139.3592,-99
6872862399,400.2643,141.4947,-99
6872895732,401.186,142.7844,-99
6872929065,403.0104,143.4906,-99
6872962398,406.4437,144.2338,-99
6872995731,409.0903,145.7311,-99
6873029064,412.214,146.3371,-99
6873062397,415.1774,147.9493,-99
6873095730,416.6323,149.4728,-99
6873129063,418.8718,151.2996,-99
6873162396,421.01,153.2023,-99
6873195729,422.8621,154.8519,-99
6873229062,424.798,156.6449,-99
6873262395,427.1839,158.7872,-99
6873295728,429.3286,161.0575,-99
6873329061,430.2894,162.8855,-99
6873362394,432.3612,165.233,-99
6873395727,434.6414,167.3776,-99
6873429060,436.2053,169.6219,-99
6873462393,437.9664,170.8109,-99
6873495726,439.6602,171.4231,-99
6873529059,441.2821,171.3495,-99
6873562392,442.9296,171.5139,-99
6873595725,443.9783,171.8501,-99
6873629058,444.4566,171.5785,-99
6873662391,444.7643,171.7898,-99
6873695724,444.2646,172.343,-99
6873729057,444.4844,172.86,-99
6873762390,443.6392,174.0519,-99
6873795723,442.3942,174.4599,-99
6873829056,441.9779,174.7257,-99
6873862389,441.8777,175.7897,-99
6873895722,441.881,174.9075,-99
6873929055,442.6624,175.2692,-99
6873962388,442.4624,174.8538,-99
6873995721,442.9262,173.8361,-99
6874029054,444.1255,174.7166,-99
6874062387,444.9062,175.3393,-99
6874095720,444.2723,175.6972,-99
6874129053,445.651,177.5373,-99
6874162386,445.6467,179.6778,-99
6874195719,445.3532,181.9528,-99
6874229052,443.9902,184.2246,-99
6874262385,442.1166,185.5767,-99
6874295718,440.7742,185.3333,-99
6874329051,439.4753,187.1868,-99
6874362384,438.9971,187.9067,-99
6874395717,439.4432,188.5568,-99
6874429050,439.9654,188.4092,-99
6874462383,439.9635,188.2612,-99
6874495716,441.7363,188.1374,-99
6874529049,442.9974,189.0236,-99
6874562382,443.4,189.1136,-99
6874595715,443.6819,189.3987,-99
6874629048,444.4413,189.4435,-99
6874662381,444.7736,189.3648,-99
6874695714,445.6722,190.7546,-99
6874729047,446.5243,192.6252,-99
6874762380,447.2183,194.6179,-99
6874795713,447.8679,195.7256,-99
6874829046,447.8284,197.2939,-99
6874853347,447.5264,199.1498,-99
6874886680,447.6154,200.7214,-99
6874920013,446.9979,202.809,-99
6874953346,446.6526,204.8151,-99
6874986679,446.0463,206.4339,-99
6875020012,446.2467,207.5132,-99
6875053345,445.9207,209.0192,-99
6875086678,445.3326,209.7505,-99
6875120011,446.464,209.24,-99
6875153344,444.0403,207.7137,-99
6875186677,443.5858,211.4272,-99
6875220010,448.6518,213.4471,-99
6875253343,453.1721,219.4588,-99
6875286676,450.6727,219.2462,-99
6875320009,450.938,216.9801,-99
6875353342,452.6887,218.3746,-99
6875386675,456.45,219.23,-99
6875420008,460.3674,217.0233,-99
6875453341,454.617,215.3277,-99
6875486674,451.5641,215.1282,-99
6875520007,452.5564,216.7665,-99
6875553340,453.5709,217.2313,-99
6875586673,454.8235,216.2647,-99
6875620006,458.132,220.9848,-99
6875653339,460.1048,218.4498,-99
6875686672,470.6458,226.6875,-99
6875720005,458.4923,233.1846,-99
6875753338,463.0628,233.3237,-99
6875786671,467.1693,235.5354,-99
6875820004,469.3992,236.3643,-99
6875853337,470.6338,234.8521,-99
6875886670,473.7119,229.3729,-99
6875920003,470.3485,227.8258,-99
6875953336,469.7994,238.9361,-99
6875986669,470.3248,239.9744,-99
6876020002,472.7869,241.6776,-99
6876053335,472.1497,251.5652,-99
6876086668,470.1162,253.8672,-99
6876120001,468.8477,254.2007,-99
6876153334,467.4846,255.3333,-99
6876186667,466.769,256.5018,-99
6876220000,466.9705,257.8672,-99
6876253333,467.7412,260.6,-99
6876286666,472.6331,261.9231,-99
6876319999,476.4307,262.1533,-99
6876353332,470.0133,259.031,-99
6876386665,466.8947,258.9181,-99
6876419998,463.7957,256.4435,-99
6876453331,464.0136,257.4318,-99
6876486664,467.8628,260.9421,-99
6876528795,469.4603,264.8766,-99
6876562128,471.0456,266.6335,-99
6876595461,471.1617,269.7811,-99
6876628794,472.4916,271.7039,-99
6876662127,474.0613,273.7423,-99
6876695460,475.3116,276.307,-99
6876728793,475.7097,272.6774,-99
6876762126,472.5981,269.2157,-99
6876795459,470.6235,274.0964,-99
6876828792,468.2361,276.8753,-99
6876862125,467.9004,280.5908,-99
6876895458,466.4226,287.4345,-99
6876928791,458.1035,276.5,-99
6876962124,466.0454,287.1136,-99
6876995457,467.6477,292.3203,-99
6877028790,468.6044,293.9707,-99
6877062123,467.6631,290.0566,-99
6877095456,467.698,288.1295,-99
6877128789,470.1841,288.9462,-99
6877162122,470.7819,289.8839,-99
6877195455,471.2147,291.613,-99
6877228788,469.425,295.5794,-99
6877262121,468.4534,296.7996,-99
6877295454,468.6688,298.8122,-99
6877328787,468.5555,298.6253,-99
6877362120,467.3483,300.0897,-99
6877395453,464.452,302.7307,-99
6877428786,462.2848,304.7692,-99
6877462119,461.5753,307.7621,-99
6877495452,460.7091,309.0987,-99
6877528785,463.0509,310.2364,-99
6877562118,463.5508,312.2881,-99
6877595451,461.6982,311.2877,-99
6877628784,459.5363,310.6404,-99
6877662117,458.7507,311.315,-99
6877695450,459.4102,312.2538,-99
6877728783,459.5908,312.7212,-99
6877762116,459.9608,313.4883,-99
6877795449,458.6782,313.3621,-99
6877828782,457.7552,311.3916,-99
6877862115,453.8777,317.1026,-99
6877895448,450.1404,318.9789,-99
6877928781,442.5,325.3896,-99
6877962114,449.5907,320.4341,-99
6877995447,449.3891,323.6652,-99
6878028780,448.8218,325.303,-99
6878062113,449.1909,326.7555,-99
6878095446,448.228,328.9011,-99
6878128779,448.4059,331.0074,-99
6878162112,447.394,334.9021,-99
6878197773,447.721,339.8369,-99
6878231106,442.4531,340.7824,-99
6878264439,442.3471,343.7124,-99
6878297772,441.0095,346.0024,-99
6878331105,436.9877,347.5971,-99
6878364438,436.2848,350.0795,-99
6878397771,432.3992,352.9568,-99
6878431104,430.2048,354.1089,-99
6878464437,428.4013,355.2395,-99
6878497770,428.6448,355.8539,-99
6878531103,426.627,357.3005,-99
6878564436,423.3959,359.0294,-99
6878597769,419.6921,362.8712,-99
6878631102,418.5762,365.1215,-99
6878664435,416.6573,366.1348,-99
6878697768,417.1136,364.6741,-99
6878731101,415.6092,366.2946,-99
6878764434,414.179,368.443,-99
6878797767,411.6078,369.3592,-99
6878831100,409.5658,370.5639,-99
6878864433,407.1272,371.9158,-99
6878897766,403.8709,373.451,-99
6878931099,402.3951,374.0597,-99
6878964432,399.9884,375.1702,-99
6878997765,398.635,376.4012,-99
6879031098,399.1256,376.8886,-99
6879064431,397.4029,378.4369,-99
6879097764,396.4177,380.7566,-99
6879131097,395.6531,382.2273,-99
6879164430,392.834,383.7328,-99
6879197763,392.6346,385.5887,-99
6879231096,390.0446,387.1143,-99
6879264429,388.4728,390.354,-99
6879297762,385.6394,390.7411,-99
6879331095,384.1136,391.5785,-99
6879364428,382.5196,392.7918,-99
6879397761,380.5869,394.6737,-99
6879431094,378.8535,395.0085,-99
6879464427,377.1052,396.8393,-99
6879497760,374.2489,399.3767,-99
6879531093,372.9359,398.5487,-99
6879564426,372.0851,399.4021,-99
6879597759,371.7459,400.0023,-99
6879631092,369.7959,401.6893,-99
6879664425,368.3326,401.4497,-99
6879697758,367.5261,399.2881,-99
6879731091,365.235,398.5432,-99
6879764424,363.277,397.2968,-99
6879797757,361.2469,397.2974,-99
6879831090,360.5681,396.785,-99
6879864423,358.9258,397.4141,-99
6879897756,357.7456,397.5621,-99
6879931089,356.3396,397.5113,-99
6879964422,355.5768,397.9051,-99
6879997755,355.0233,398.4066,-99
6880031088,352.4475,398.6558,-99
6880064421,351.2857,399.0801,-99
6880097754,350.3655,399.0258,-99
6880131087,349.8086,398.9463,-99
6880164420,348.891,399.0229,-99
6880197753,347.1573,399.75,-99
6880231086,346.5895,400.5448,-99
6880264419,344.422,402.659,-99
6880297752,342.4088,404.097,-99
6880331085,339.1404,405.7774,-99
6880364418,338.6142,406.4602,-99
6880397751,337.8979,406.2799,-99
6880431084,335.8748,406.6626,-99
6880464417,333.7831,407.2014,-99
6880497750,332.1818,406.961,-99
6880531083,332.1502,407.4701,-99
6880564416,331.6704,407.4204,-99
6880597749,332.3547,406.574,-99
6880631082,332.7231,406.7416,-99
6880664415,332.0653,406.8489,-99
6880697748,332.6475,407.3218,-99
6880731081,331.6772,406.5273,-99
6880764414,331.5433,406.9098,-99
6880797747,332.5691,407.1773,-99
6880831080,333.3612,407.6885,-99
6880864413,333.3917,407.8111,-99
6880897746,333.3853,407.6169,-99
6880931079,333.4292,407.8652,-99
6880964412,333.2244,407.8736,-99
6880997745,333.8182,408.0067,-99
6881031078,333.64,407.9978,-99
6881064411,333.8976,407.8797,-99
6881097744,333.7178,407.9044,-99
6881131077,333.8112,407.636,-99
6881164410,333.6388,407.4447,-99
6881197743,333.6187,407.395,-99
6881231076,333.6084,406.8739,-99
6881264409,333.6498,406.6221,-99
6881297742,333.9888,406.0628,-99
6881331075,333.6297,405.9712,-99
6881364408,333.9627,405.0023,-99
6881397741,334.0905,404.4095,-99
6881431074,333.2462,404.8148,-99
6881464407,333.283,404.0745,-99
6881497740,332.9275,403.4242,-99
6881530151,332.1472,402.4044,-99
6881563484,329.9033,400.4487,-99
6881596817,328.4583,398.5652,-99
6881630150,328.4045,398.1118,-99
6881663483,328.8311,396.9912,-99
6881696816,328.3424,395.9206,-99
6881730149,327.1487,395.6802,-99
6881763482,326.7996,395.7127,-99
6881796815,325.8857,397.0762,-99
6881830148,324.9186,398.6445,-99
6881863481,323.4437,401.2658,-99
6881896814,322.0921,402.1952,-99
6881930147,318.7431,402.5672,-99
6881963480,316.6975,403.1538,-99
6881996813,315.9449,403.4337,-99
6882030146,315.2348,403.3699,-99
6882063479,313.5634,403.22,-99
6882096812,311.8361,402.9247,-99
6882130145,311.9643,402.8679,-99
6882163478,310.8033,403.4408,-99
6882196811,310.9699,403.5959,-99
6882230144,310.4915,404.1501,-99
6882263477,309.3245,404.9622,-99
6882296810,308.4962,405.9944,-99
6882330143,307.5786,405.9889,-99
6882363476,306.5935,406.1641,-99
6882396809,306.4377,406.6667,-99
6882430142,306.1529,406.5091,-99
6882463475,305.4726,405.7722,-99
6882496808,303.3271,403.5483,-99
6882530141,303.3086,401.4034,-99
6882563474,302.103,399.6573,-99
6882596807,301.0737,397.5339,-99
6882630140,300.0982,396.2385,-99
6882663473,300.0653,395.5158,-99
6882696806,299.1005,393.2123,-99
6882730139,297.0023,392.0023,-99
6882763472,296.6713,390.8298,-99
6882796805,295.24,390.6141,-99
6882830138,293.4397,391.4621,-99
6882863471,291.7617,392.5969,-99
6882896804,291.1853,394.1971,-99
6882930137,289.8412,395.3436,-99
6882963470,288.7303,397.0255,-99
6882996803,288.2516,397.9272,-99
6883030136,287.8375,399.3615,-99
6883063469,287.1341,399.989,-99
6883096802,285.8156,400.6022,-99
6883130135,284.6897,400.7366,-99
6883163468,282.3358,398.7974,-99
6883205600,281.1479,398.6844,-99
6883238933,280.4971,397.7733,-99
6883272266,279.621,397.0919,-99
6883305599,278.6408,396.9806,-99
6883338932,277.691,395.5631,-99
6883372265,275.9478,394.5909,-99
6883405598,275.3178,392.8546,-99
6883438931,275.6295,392.7672,-99
6883472264,275.2854,393.0995,-99
6883505597,272.589,392.4066,-99
6883538930,270.5613,391.809,-99
6883572263,268.4398,391.6412,-99
6883605596,265.9431,391.046,-99
6883638929,264.0343,390.4302,-99
6883672262,262.2282,389.7059,-99
6883705595,260.6161,389.327,-99
6883738928,259.2583,388.9716,-99
6883772261,257.3116,388.9326,-99
6883805594,255.6599,388.6194,-99
6883838927,254.0452,388.5769,-99
6883872260,252.1655,388.4082,-99
6883905593,249.4391,387.4529,-99
6883938926,247.4435,384.9193,-99
6883972259,245.0789,383.2184,-99
6884005592,244.5989,381.0659,-99
6884038925,243.7127,381.9822,-99
6884072258,242.1934,379.0769,-99
6884105591,240.4623,378.3455,-99
6884138924,238.9954,374.8383,-99
6884172257,237,373.7614,-99
6884205590,234.8402,371.6701,-99
6884238923,233.2071,370.8118,-99
6884272256,231.7343,369.4783,-99
6884305589,230.801,369.3398,-99
6884338922,230.6841,369.0784,-99
6884372255,228.8609,368.8821,-99
6884405588,227.317,368.4079,-99
6884438921,225.4403,368.3358,-99
6884472254,223.4988,367.6198,-99
6884505587,222.4472,367.3015,-99
6884538920,220.3113,366.5809,-99
6884572253,219.6604,366.2146,-99
6884605586,218.4326,365.7209,-99
6884638919,216.9112,364.5958,-99
6884672252,215.5132,362.9232,-99
6884705585,213.2703,360.1663,-99
6884738918,212.0133,357.9714,-99
6884772251,212.1511,356.8427,-99
6884805584,210.5449,355.859,-99
6884838917,210.3172,355.2207,-99
6884872250,209.2187,354.5872,-99
6884905583,207.4126,352.8301,-99
6884938916,207.1969,350.9612,-99
6884972249,206.4707,349.2341,-99
6885005582,206.2286,346.6382,-99
6885038915,204.7439,343.7016,-99
6885072248,204.5441,341.5683,-99
6885105581,204.1031,340.0785,-99
6885138914,204.3583,338.5972,-99
6885172247,204.1019,337.7322,-99
6885205580,204.4932,337.1674,-99
6885238913,204.566,337.4128,-99
6885272246,205.6118,336.2339,-99
6885305579,204.8492,335.3122,-99
6885338912,203.6338,334.4546,-99
6885372245,202.9396,333.1511,-99
6885405578,202.1105,330.6579,-99
6885438911,200.1727,329.7932,-99
6885472244,199.2974,327.1737,-99
6885505577,197.5931,324.9048,-99
6885538910,196.4658,323.2146,-99
6885572243,196.3267,322.5686,-99
6885605576,193.8016,319.7609,-99
6885638909,192.5892,318.511,-99
6885672242,190.3625,314.7147,-99
6885705575,188.3604,312.0482,-99
6885738908,187.7516,308.76,-99
6885772241,186.7969,306.0874,-99
6885805574,185.6124,302.8839,-99
6885838907,185.3478,301.9313,-99
6885872240,184.3548,299.2458,-99
6885905573,184.8539,298.6208,-99
6885938906,182.6968,295.7988,-99
6885972239,182.2325,294.67,-99
6886005572,180.7989,291.068,-99
6886038905,178.9504,288.8094,-99
6886072238,179.3282,286.0923,-99
6886105571,177.9251,282.3358,-99
6886138904,177.9637,280.4734,-99
6886172237,177.6582,277.881,-99
6886205570,178.0869,275.5963,-99
6886238903,177.7193,274.4659,-99
6886272236,177.3713,274.9485,-99
6886305569,176.2873,273.7371,-99
6886338902,175.0223,271.1894,-99
6886372235,175.4353,270.394,-99
6886405568,174.5869,268.7778,-99
6886438901,174.7618,267.5402,-99
6886472234,176.0222,265.4655,-99
6886505567,178.808,263.7748,-99
6886537977,179.555,261.3056,-99
6886571310,180.93,261.56,-99
6886604643,181.3243,259.427,-99
6886637976,181.8741,256.4761,-99
6886671309,181.6908,253.0121,-99
6886704642,182.0567,252.0394,-99
6886737975,181.0685,249.6447,-99
6886771308,180.8535,247.982,-99
6886804641,180.5807,248.3151,-99
6886837974,180.3575,247.3502,-99
6886871307,179.4722,246.2149,-99
6886904640,178.9143,245.3247,-99
6886937973,178.8747,244.6651,-99
6886971306,178.0816,244.7398,-99
6887004639,177.9297,243.4531,-99
6887037972,177.6612,241.7049,-99
6887071305,178.4715,241.0271,-99
6887104638,177.7508,238.8954,-99
6887137971,178.4335,237.383,-99
6887171304,178.3325,237.0511,-99
6887204637,178.312,236.0853,-99
6887237970,177.2719,235.5,-99
6887271303,177.0909,233.6364,-99
6887304636,177.2649,232.9762,-99
6887337969,178.8085,228.069,-99
6887371302,180.8365,227.9915,-99
6887404635,182.8995,226.5766,-99
6887437968,183.2335,225.5742,-99
6887471301,185.1114,225.2962,-99
6887504634,187.9098,224.7984,-99
6887537967,189.6491,223.3377,-99
6887571300,189.1716,221.0796,-99
6887604633,188.7311,219.8747,-99
6887637966,188.288,219.304,-99
6887671299,187.8294,219.0446,-99
6887704632,187.5111,218.5602,-99
6887737965,187.305,217.9679,-99
6887771298,187.1271,217.5348,-99
6887804631,186.7037,216.4206,-99
6887837964,185.8753,215.4986,-99
6887871297,185.6166,214.0314,-99
6887904630,184.5849,211.9243,-99
6887937963,183.8251,210.1121,-99
6887971296,183.1643,209.3568,-99
6888004629,182.3114,207.0835,-99
6888037962,183.0448,207.1038,-99
6888071295,182.7188,207.4792,-99
6888104628,182.24,207.1575,-99
6888137961,182.0986,206.4082,-99
6888171294,182.375,205.3944,-99
6888205315,183.619,204.7831,-99
6888238648,186.1967,204.5082,-99
6888271981,186.9949,204.5707,-99
6888305314,187.5792,204.7568,-99
6888338647,188.8777,203.6169,-99
6888371980,191.2347,202.5714,-99
6888405313,192.2355,201.8255,-99
6888438646,191.8324,198.875,-99
6888471979,192.9227,197.6602,-99
6888505312,192.1496,194.7926,-99
6888538645,193.1552,194.8244,-99
6888571978,194.0593,190.567,-99
6888605311,196.3434,188.8939,-99
6888638644,197.786,185.8465,-99
6888671977,198.9499,184.3584,-99
6888705310,200.1097,181.9608,-99
6888738643,201.2128,181.9764,-99
6888771976,201.0928,179.6495,-99
6888805309,200.1878,177.8146,-99
6888838642,201.3062,177.5479,-99
6888871975,200.446,176.0249,-99
6888905308,200.6856,174.6134,-99
6888938641,202.2809,174.3119,-99
6888971974,202.8472,173.7944,-99
6889005307,204.3539,173.4522,-99
6889038640,206.3155,173.169,-99
6889071973,208.4963,171.1166,-99
6889105306,209.9301,170.1542,-99
6889138639,210.2077,169.7246,-99
6889171972,210.519,169.9114,-99
6889205305,210.7537,168.5567,-99
6889238638,210.2646,166.2904,-99
6889271971,210.2722,166.447,-99
6889305304,210.5781,166.2188,-99
6889338637,211.5467,163.549,-99
6889371970,214.7249,162.4414,-99
6889405303,216.557,162.0731,-99
6889438636,217.8581,161.4783,-99
6889471969,219.455,159.6959,-99
6889505302,221.3534,158.4211,-99
6889538635,224.121,157.3289,-99
6889571968,225.886,154.6419,-99
6889605301,226.803,153.2955,-99
6889638634,226.8238,153.0855,-99
6889671967,227.4234,150.2311,-99
6889705300,227.1528,149.0483,-99
6889738633,228.3433,148.6318,-99
6889771966,230.5,147.4406,-99
6889805299,232.6127,145.7265,-99
6889838632,233.1337,145.8119,-99
6889871965,235.5242,145.0255,-99
6889905298,238.6649,143.6676,-99
6889938631,241.2385,142.4949,-99
6889971964,243.6943,141.9585,-99
6890005297,246.4571,141.5202,-99
6890038630,248.6735,140.7628,-99
6890071963,250.6379,138.8993,-99
6890105296,251.7239,137.2786,-99
6890138629,251.6207,137.3714,-99
6890171962,251.8894,136.9189,-99
6890205295,251.801,135.784,-99
6890238628,251.8778,133.9501,-99
6890271961,254.0459,133.6507,-99
6890305294,256.3695,133.3761,-99
6890338627,257.8365,132.5167,-99
6890371960,260.0018,132.5153,-99
6890405293,261.3189,132.6577,-99
6890438626,263.0982,132.9571,-99
6890471959,264.7398,133.1506,-99
6890505292,265.5099,133.4158,-99
6890538625,267.0327,131.8942,-99
6890571958,270.615,129.2906,-99
6890605291,273.6588,129.2865,-99
6890638624,276.253,128.8067,-99
6890671957,279.0188,128.3765,-99
6890705290,280.3941,128.3086,-99
6890738623,281.3587,126.688,-99
6890771956,282.9974,125.3023,-99
6890805289,284.2375,123.4135,-99
6890838622,285.5415,120.6805,-99
6890871955,287.489,118.6406,-99
6890905288,290.0294,117.4685,-99
6890938621,292.0163,116.4545,-99
6890971954,292.7964,114.7088,-99
6891005287,295.6832,114.104,-99
6891038620,298.1247,114.028,-99
6891071953,301.3067,114.0696,-99
6891105286,303.5414,114.6115,-99
6891138619,305.84,115.315,-99
6891171952,307.2101,116.076,-99
6891205285,308.3727,116.2956,-99
6891238618,310.0346,115.7633,-99
6891271951,311.8714,116.2306,-99
6891305284,313.8689,116.2193,-99
6891338617,314.9391,115.7391,-99
6891371950,314.9416,114.8655,-99
6891405283,316.5233,115.2973,-99
6891438616,317.2721,115.8676,-99
6891471949,317.6877,116.707,-99
6891505282,319.1646,117.3145,-99
6891546491,319.0771,118.5735,-99
6891579824,320.7338,118.9916,-99
6891613157,320.7771,117.9157,-99
6891646490,321.3413,116.5193,-99
6891679823,322.6642,115.9458,-99
6891713156,322.6454,115.9182,-99
6891746489,322.8566,116.7978,-99
6891779822,322.5049,117.6693,-99
6891813155,323.5884,118.3259,-99
6891846488,323.7194,118.8921,-99
6891879821,325.6571,118.9587,-99
6891913154,325.5502,120.5502,-99
6891946487,325.2309,120.9346,-99
6891979820,326.106,121.8,-99
6892013153,328.0403,122.3318,-99
6892046486,330.151,122.5515,-99
6892079819,331.2945,122.1644,-99
6892113152,332.7372,120.6279,-99
6892146485,333.7892,117.8799,-99
6892179818,334.6993,115.2172,-99
6892213151,336.1311,114.0913,-99
6892246484,338.525,112.4688,-99
6892279817,340.0779,111.7418,-99
6892313150,342.7235,111.2383,-99
6892346483,344.1828,111.4148,-99
6892379816,345.7887,112.0258,-99
6892413149,347.5134,112.479,-99
6892446482,347.4495,114.2433,-99
6892479815,349.1692,114.7473,-99
6892513148,351.8996,116.341,-99
6892546481,352.7429,117.5918,-99
6892579814,354.8712,118.5624,-99
6892613147,357.3615,120.741,-99
6892646480,358.323,122.3126,-99
6892679813,359.8937,124.1004,-99
6892713146,360.4326,125.093,-99
6892746479,361.1244,126.11,-99
6892779812,362.032,127.2408,-99
6892813145,363.2451,127.6495,-99
6892846478,364.5524,127.123,-99
6892879811,366.702,126.4874,-99
6892913144,368.4282,126.5063,-99
6892946477,369.9977,127.0117,-99
6892979810,372.4608,127.9074,-99
6893013143,374.6264,128.7094,-99
6893046476,375.6926,129.8093,-99
6893079809,377.3799,131.0276,-99
6893113142,379.6782,132.94,-99
6893146475,381.9238,133.0372,-99
6893179808,383.6681,133.5291,-99
6893213141,386.0805,134.6907,-99
6893246474,387.7157,133.797,-99
6893279807,390.7932,135.0316,-99
6893313140,393.2044,136.6521,-99
6893346473,394.7723,137.7772,-99
6893379806,398.3458,139.1468,-99
6893413139,400.8316,140.8523,-99
6893446472,403.7678,144.0607,-99
6893479805,406.1838,145.9293,-99
6893513138,407.3,147.4,-99
6893546471,407.481,148.3608,-99
6893579804,408.6272,149.8524,-99
6893613137,407.1253,150.2443,-99
6893646470,403.5488,151.8098,-99
6893679803,402.1313,152.9242,-99
6893713136,403.0519,154.9286,-99
6893746469,402.8639,154.5961,-99
6893779802,402.0344,155.2814,-99
6893813135,399.9937,154.9624,-99
6893846468,399.6303,158.159,-99
6893879801,398.0116,160.6069,-99
6893913134,397.2294,163.851,-99
6893946467,396.7099,164.3282,-99
6893979800,395.9428,168.0149,-99
6894013133,396.7422,170.9566,-99
6894046466,397.5356,170.9238,-99
6894079799,400.0147,170.802,-99
6894113132,400.769,168.2732,-99
6894146465,402.0872,165.4033,-99
6894179798,403.6618,167.0483,-99
6894213131,404.7538,166.8808,-99
6894246464,404.6469,167.0305,-99
6894279797,405.2505,166.8691,-99
6894313130,404.7601,167.129,-99
6894346463,403.7907,167.2518,-99
6894379796,403.2355,168.0021,-99
6894413129,401.8185,168.2907,-99
6894446462,401.3909,167.5727,-99
6894479795,400.4724,167.4447,-99
6894513128,399.3308,168.3562,-99
6894546461,397.1493,169.4053,-99
6894579794,396.7767,171.0209,-99
6894613127,395.9021,171.0676,-99
6894646460,395.2401,171.099,-99
6894679793,395.4063,170.9976,-99
6894713126,395.4113,170.9261,-99
6894746459,396.3087,170.9556,-99
6894779792,398.0438,171.2871,-99
6894813125,400.9002,171.7835,-99
6894846458,405.2951,171.8512,-99
6894882120,408.1077,171.1897,-99
6894915453,413.1679,170.3693,-99
6894948786,416.3173,168.9348,-99
6894982119,420.5729,167.2175,-99
6895015452,423.3087,164.7869,-99
6895048785,426.3437,162.893,-99
6895082118,428.7683,162.4659,-99
6895115451,430.7639,160.5639,-99
6895148784,431.9165,158.9708,-99
6895182117,433.3658,157.572,-99
6895215450,434.2849,157.8101,-99
6895248783,434.1153,156.9543,-99
6895282116,433.9906,156.6109,-99
6895315449,435.9392,157.2643,-99
6895348782,437.8536,158.5951,-99
6895382115,438.7441,159.6535,-99
6895415448,440.2125,162.152,-99
6895448781,441.1446,165.0482,-99
6895482114,441.2073,167.4165,-99
6895515447,440.5366,170.2627,-99
6895548780,440.7032,172.1656,-99
6895582113,439.7041,174.3305,-99
6895615446,438.5395,176.0702,-99
6895648779,437.4242,178.5648,-99
6895682112,436.6589,180.3086,-99
6895715445,436.0021,180.707,-99
6895748778,436.0045,182.3061,-99
6895782111,435.2473,183.8901,-99
6895815444,435.3438,185.0848,-99
6895848777,435.6601,185.3005,-99
6895882110,435.6786,186.9865,-99
6895915443,436.4196,188.1808,-99
6895948776,437.6741,188.3037,-99
6895982109,438.633,190.3119,-99
6896015442,440.4398,192.4376,-99
6896048775,441.7883,195.3261,-99
6896082108,444.3492,197.6379,-99
6896115441,445.8244,199.4511,-99
6896148774,447.7471,201.0703,-99
6896182107,449.7251,202.7871,-99
6896215440,451.5811,204.2368,-99
6896248773,453.0668,205.818,-99
6896282106,454.7602,207.8051,-99
6896315439,456.598,210.7959,-99
6896348772,457.1761,211.5931,-99
6896382105,458.8123,214.1067,-99
6896415438,459.253,215.6285,-99
6896448771,459.3522,217.1194,-99
6896482104,459.2843,219.0665,-99
6896515437,458.7314,222.5589,-99
6896554318,458.034,224.254,-99
6896587651,457.4989,226.6913,-99
6896620984,456.8518,228.5376,-99
6896654317,455.5641,229.4423,-99
6896687650,455.126,231.622,-99
6896720983,454.384,233.4093,-99
6896754316,454.265,233.8486,-99
6896787649,454.6342,234.7575,-99
6896820982,454.8944,236.6625,-99
6896854315,455.9551,237.5714,-99
6896887648,456.1066,239.6157,-99
6896920981,457.0976,241.6402,-99
6896954314,457.4796,244.0735,-99
6896987647,458.991,245.4327,-99
6897020980,459.9622,247.9541,-99
6897054313,459.7542,250.2514,-99
6897087646,460.662,252.759,-99
6897120979,460.6691,256.7358,-99
6897154312,460.3122,259.9325,-99
6897187645,461.4937,262.0438,-99
6897220978,462.2987,265.1682,-99
6897254311,463.0252,267.6765,-99
6897287644,463.6338,269.2922,-99
6897320977,463.5996,271.3008,-99
6897354310,463.9339,272.4158,-99
6897387643,463.2969,273.6463,-99
6897420976,462.9496,276.5921,-99
6897454309,462.6061,276.9481,-99
6897487642,463.2438,278.2849,-99
6897520975,462.8179,280.2174,-99
6897554308,462.0816,282.0474,-99
6897587641,461.5597,282.5252,-99
6897620974,461.7994,283.7288,-99
6897654307,462.2045,284.4678,-99
6897687640,462.6409,285.2542,-99
6897720973,463.2216,286.0464,-99
6897754306,463.9833,287.8095,-99
6897787639,463.9512,290.3842,-99
6897820972,464.8365,292.1911,-99
6897854305,466.7692,292.8004,-99
6897887638,468.6892,293.2857,-99
6897920971,470.5901,290.8459,-99
6897954304,470.1775,294.3662,-99
6897987637,467.1439,296.2878,-99
6898020970,465.7879,296.6597,-99
6898054303,466.5074,297.6593,-99
6898087636,464.592,300.6408,-99
6898120969,463.3778,301.6991,-99
6898154302,462.6649,304.5284,-99
6898187635,462.2961,303.6234,-99
6898220968,462.1636,304.1398,-99
6898254301,460.3733,304.8412,-99
6898287634,458.1279,301.2248,-99
6898320967,459.1972,299.5916,-99
6898354300,451.2615,299.4154,-99
6898387633,451.0326,301.4783,-99
6898420966,451.6926,303.5178,-99
6898454299,449.0656,302.4754,-99
6898487632,453.8373,300.6842,-99
6898520965,450.9592,304.9271,-99
6898554298,447.5783,309.5783,-99
6898587631,449.6585,310.2168,-99
6898620964,448.2459,304.8811,-99
6898654297,445.5258,312.5012,-99
6898687630,443.7191,314.5385,-99
6898720963,443.9817,318.8448,-99
6898754296,445.148,320.4,-99
6898787629,442.0552,316.4477,-99
6898820962,440.5213,315.7844,-99
6898854295,438.9975,317.2556,-99
6898887628,438.8721,319.8256,-99
6898920961,438.8911,321.6956,-99
6898954294,437,325.3534,-99
6898987627,437.0115,328.9098,-99
6899020960,437.8735,332.0467,-99
6899054293,437.7559,335.2656,-99
6899087626,436.4712,339.2039,-99
6899120959,435.7854,340.9406,-99
6899154292,435.6701,343.5369,-99
6899187625,433.7,347.7,-99
6899220958,433.847,349.6306,-99
6899254291,433.058,352.3333,-99
6899287624,428.8667,357.0091,-99
6899320957,427.2979,358.7295,-99
6899354290,425.8653,362.0599,-99
6899387623,424.7553,364.5709,-99
6899420956,422.8048,367.3014,-99
6899454289,420.3781,369.576,-99
6899487622,414.7893,372.2214,-99
6899520955,412.86,370.8163,-99
6899554288,414.287,369.1166,-99
6899587621,413.313,369.7317,-99
6899620954,411.7186,370.9656,-99
6899654287,412.2802,371.4438,-99
6899687620,410.9876,372.7164,-99
6899720953,409.8138,374.5394,-99
6899754286,408.3214,375.002,-99
6899787619,406.7333,376.4098,-99
6899820952,404.5562,377.9562,-99
6899854285,402.1629,379.0737,-99
6899881835,399.4655,379.1379,-99
6899915168,397.2729,378.6655,-99
6899948501,395.2879,379.0672,-99
6899981834,393.8042,379.6334,-99
6900015167,392.8658,380.9979,-99
6900048500,390.8212,382.4077,-99
6900081833,389.5335,382.7244,-99
6900115166,388.3943,384.0717,-99
6900148499,385.833,385.8259,-99
6900181832,383.8309,387.0164,-99
6900215165,382.3445,387.1855,-99
6900248498,380.4635,387.6961,-99
6900281831,379.109,387.8824,-99
6900315164,377.1514,387.75,-99
6900348497,375.282,387.7744,-99
6900381830,373.4815,386.8986,-99
6900415163,373.5439,387.4627,-99
6900448496,372.0897,387.2345,-99
6900481829,370.3764,387.4827,-99
6900515162,369.2118,388.2353,-99
6900548495,368.1861,388.7466,-99
6900581828,367.1478,390.5543,-99
6900615161,366.1769,392.0476,-99
6900648494,364.8463,393.657,-99
6900681827,362.368,393.8806,-99
6900715160,360.3153,394.723,-99
6900748493,358.5902,395.3727,-99
6900781826,357.5891,395.236,-99
6900815159,355.601,395.5008,-99
6900848492,356.236,395.8577,-99
6900881825,354.823,396.3449,-99
6900915158,354.5663,397.5522,-99
6900948491,354.3579,398.8725,-99
6900981824,352.8565,399.6027,-99
6901015157,350.4969,401.299,-99
6901048490,348.1131,401.5377,-99
6901081823,347.3018,401.3373,-99
6901115156,345.9981,402.946,-99
6901148489,346.0727,403.4317,-99
6901181822,342.6803,402.8566,-99
6901215155,341.8489,401.5449,-99
6901248488,340.8557,401.538,-99
6901281821,338.8706,401.8255,-99
6901315154,336.2444,402.5075,-99
6901348487,334.5492,403.3024,-99
6901381820,333.0636,404.2946,-99
6901415153,331.9852,404.6992,-99
6901448486,330.7382,404.3546,-99
6901481819,329.0054,403.8941,-99
6901515152,326.3888,402.958,-99
6901547563,324.0914,401.6276,-99
6901580896,323.3624,400.3159,-99
6901614229,322.0482,399.1537,-99
6901647562,323.5515,399.8884,-99
6901680895,322.5956,399.7319,-99
6901714228,320.9932,401.3492,-99
6901747561,320.9546,402.6977,-99
6901780894,319.9857,404.1877,-99
6901814227,317.8768,405.0661,-99
6901847560,316.109,406.8702,-99
6901880893,313.9345,407.2512,-99
6901914226,313.1832,407.5822,-99
6901947559,311.8072,407.7729,-99
6901980892,312.8491,407.0396,-99
6902014225,313.448,405.6541,-99
6902047558,314.3803,405.7949,-99
6902080891,314.4677,404.7673,-99
6902114224,313.6204,404.2863,-99
6902147557,312.5426,405.1166,-99
6902180890,312.6144,405.8431,-99
6902214223,312.1111,406.9489,-99
6902247556,311.34,407.5244,-99
6902280889,311.3398,408.5871,-99
6902314222,311.3982,409.0595,-99
6902347555,310.3093,408.8898,-99
6902380888,310.7398,408.0387,-99
6902414221,310.5563,407.6138,-99
6902447554,311.1545,405.9,-99
6902480887,310.9078,405.3756,-99
6902514220,311.7665,404.5236,-99
6902547553,311.3676,404.1429,-99
6902580886,312.1968,404.286,-99
6902614219,311.5568,404.8755,-99
6902647552,312.2244,404.6383,-99
6902680885,311.1682,405.011,-99
6902714218,311.724,404.5656,-99
6902747551,311.3758,404.2937,-99
6902780884,311.2899,403.9011,-99
6902814217,311.6767,403.7321,-99
6902847550,310.3102,403.6269,-99
6902880883,309.2687,403.119,-99
6902914216,308.4079,403.1908,-99
6902947549,308.2523,403.1114,-99
6902980882,308.2283,403.0114,-99
6903014215,307.6773,402.6518,-99
6903047548,306.4294,401.4797,-99
6903080881,305.644,401.839,-99
6903114214,306.8373,402.9479,-99
6903147547,306.3485,403.3827,-99
6903180880,306.717,403.4104,-99
6903223012,304.8523,403.7591,-99
6903256345,303.6768,403.7009,-99
6903289678,302.127,403.8441,-99
6903323011,300.9374,403.73,-99
6903356344,299.985,403.0663,-99
6903389677,298.8153,402.0892,-99
6903423010,297.4637,401.532,-99
6903456343,296.2725,400.8964,-99
6903489676,295.4977,399.6528,-99
6903523009,295.0895,398.1004,-99
6903556342,294.2112,397.5461,-99
6903589675,292.9034,396.7563,-99
6903623008,291.6472,396.8315,-99
6903656341,290.8724,396.3827,-99
6903689674,290.3793,395.8,-99
6903723007,289.5035,395.4292,-99
6903756340,288.0067,395.4228,-99
6903789673,285.79,395.5887,-99
6903823006,285.0322,395.5021,-99
6903856339,284.4921,396.0363,-99
6903889672,284.0919,396.0634,-99
6903923005,283.3653,396.7899,-99
6903956338,283.4325,396.7346,-99
6903989671,282.5835,397.3242,-99
6904023004,280.9259,396.9583,-99
6904056337,279.6459,396.9832,-99
6904089670,278.2964,397.2766,-99
6904123003,275.9979,397.5299,-99
6904156336,274.8427,398.3965,-99
6904189669,273.4888,398.6009,-99
6904223002,271.9353,398.5491,-99
6904256335,270.6537,398.0952,-99
6904289668,268.9143,397.8615,-99
6904323001,267.3761,397.1689,-99
6904356334,265.977,396.4046,-99
6904389667,264.92,395.7953,-99
6904423000,263.4801,395.7096,-99
6904456333,262.0172,395.5837,-99
6904489666,260.9566,395.0121,-99
6904522999,258.8741,394.5424,-99
6904556332,257.8632,393.6628,-99
6904589665,255.8315,392.6541,-99
6904622998,254.7398,392.4842,-99
6904656331,253.2207,391.8356,-99
6904689664,251.6562,391.0225,-99
6904722997,250.5034,389.773,-99
6904756330,249,388.6501,-99
6904789663,243.6192,373.017,-99
6904822996,244.9369,381.2725,-99
6904856329,244.0624,383.2102,-99
6904889662,242.7834,381.629,-99
6904922995,242.2009,379.755,-99
6904956328,239.47,378.9255,-99
6904989661,238,378.897,-99
6905022994,237.3137,378.9255,-99
6905056327,237.6291,380.284,-99
6905089660,238.1686,380.0375,-99
6905122993,238.0142,378.8531,-99
6905156326,236.5255,377.5625,-99
6905189659,235.1509,376.023,-99
6905222992,234.305,374.2179,-99
6905256325,234.244,373.3206,-99
6905289658,233.6296,372.2469,-99
6905322991,232.4461,371.6569,-99
6905356324,230.9124,371.2749,-99
6905389657,228.8526,371,-99
6905422990,226.6923,370.5923,-99
6905456323,225.7944,370.4264,-99
6905489656,223.3438,370.0625,-99
6905522989,222.8171,367.8707,-99
6905556322,220.5493,366.4437,-99
6905589655,219.721,365.0321,-99
6905622988,218.224,363.8,-99
6905656321,218.2857,362.5918,-99
6905689654,216.8504,361.4934,-99
6905722987,217.3087,359.8546,-99
6905756320,216.3591,358.7282,-99
6905789653,215.6516,357.8544,-99
6905822986,214.3853,356.5459,-99
6905856319,213.5992,354.0258,-99
6905889652,213.7826,355.0946,-99
6905922985,212.1651,354.4879,-99
6905956318,212.1018,351.7937,-99
6905989651,211.9366,350.8046,-99
6906022984,210.985,349.87,-99
6906056317,210.6791,348.3308,-99
6906089650,210.4125,347.5248,-99
6906122983,211.1378,346.7577,-99
6906156316,209.4461,344.7157,-99
6906189649,208.6349,343.7222,-99
6906222982,209.0821,341.8672,-99
6906256315,209.5617,340.1339,-99
6906289648,209.9015,338.2291,-99
6906322981,210.101,335.6899,-99
6906356314,208.8694,333.8788,-99
6906389647,207.5035,333.711,-99
6906422980,205.9674,334.5046,-99
6906456313,204.8509,335.4627,-99
6906489646,203.3176,336.4955,-99
6906522979,201.9171,337.3927,-99
6906555390,199.8818,337.6946,-99
6906588723,197.2764,336.8221,-99
6906622056,194.5466,334.5155,-99
6906655389,192.7098,331,-99
6906688722,191.4485,328.0386,-99
6906722055,189.8109,326.9767,-99
6906755388,189,325.3257,-99
6906788721,187.4512,322.5805,-99
6906822054,186.0214,320.4947,-99
6906855387,184.6283,319.1979,-99
6906888720,183.1462,318.53,-99
6906922053,181.0888,317.1802,-99
6906955386,179.2546,316.0345,-99
6906988719,178.4901,311.9713,-99
6907022052,178.786,310.5039,-99
6907055385,178.3717,308.2957,-99
6907088718,179.3487,304.271,-99
6907122051,180.3101,300.5606,-99
6907155384,180.7025,299.2825,-99
6907188717,181.9919,298.0705,-99
6907222050,184.0725,294.555,-99
6907255383,183.7348,291.0331,-99
6907288716,184.6375,290.2968,-99
6907322049,182.8625,286.5606,-99
6907355382,182.1132,285.7632,-99
6907388715,181.2586,285.8786,-99
6907422048,180.139,283.8313,-99
6907455381,177.6771,281.306,-99
6907488714,176.0805,280.5212,-99
6907522047,175.8508,280.3853,-99
6907555380,175.1123,279.7964,-99
6907588713,174.3206,277.6739,-99
6907622046,174.7684,276.3289,-99
6907655379,174.1306,272.9715,-99
6907688712,174.5767,270.4084,-99
6907722045,172.949,268.4193,-99
6907755378,173.3908,267.4425,-99
6907788711,173.3036,264.3064,-99
6907822044,174.7599,263.0565,-99
6907855377,174.1389,261.1417,-99
6907888710,174.8076,258.1463,-99
6907922043,173.8149,256.6388,-99
6907955376,174.1273,254.1406,-99
6907988709,174.1866,251.4875,-99
6908022042,174.2727,249.3325,-99
6908055375,175.8923,244.9063,-99
6908088708,176.8218,241.8032,-99
6908122041,180.2975,241.4306,-99
6908155374,181.8328,238.0985,-99
6908188707,184.25,236.629,-99
6908230838,186.4987,236.8787,-99
6908264171,186.7909,236.7024,-99
6908297504,187.8489,236.5027,-99
6908330837,186.7947,234.424,-99
6908364170,186.4876,233.259,-99
6908397503,187.6962,231.0288,-99
6908430836,187.2954,230.2215,-99
6908464169,188.4904,228.4197,-99
6908497502,189.8766,227.9339,-99
6908530835,190.9662,227.6824,-99
6908564168,192.3603,227.0789,-99
6908597501,191.7673,226.3018,-99
6908630834,191.9749,226.2857,-99
6908664167,190.9588,222.8376,-99
6908697500,190.8288,221.8761,-99
6908730833,189.1247,220.7066,-99
6908764166,188.1182,219.0591,-99
6908797499,187.4419,215.2146,-99
6908830832,188.0558,212.5213,-99
6908864165,188.7666,211.0565,-99
6908897498,189.4659,206.9195,-99
6908930831,190.8044,204.1576,-99
6908964164,192.1946,202.5595,-99
6908997497,192.2693,198.9227,-99
6909030830,192.7538,197.4286,-99
6909064163,193.9397,195.3895,-99
6909097496,194.563,192.6218,-99
6909130829,195.7769,189.7822,-99
6909164162,197.0483,187.3486,-99
6909197495,198.32,185.1771,-99
6909230828,200.9974,182.4961,-99
6909264161,203.4414,181.8504,-99
6909297494,204.688,178.2046,-99
6909330827,207.6676,177.9303,-99
6909364160,208.2113,177.7629,-99
6909397493,207.5765,176.3138,-99
6909430826,207.086,174.8414,-99
6909464159,206.6493,174.463,-99
6909497492,206.4612,173.6266,-99
6909530825,207.4075,170.555,-99
6909564158,210.1033,170.3934,-99
6909597491,211.4083,170.5087,-99
6909630824,213.5503,170.4497,-99
6909664157,214.9325,170.0784,-99
6909697490,214.7486,170.1378,-99
6909730823,215.9858,169.6066,-99
6909764156,217.392,166.3492,-99
6909797489,217.6461,165.5469,-99
6909830822,219.6163,162.3386,-99
6909864155,220.943,161.3882,-99
6909899785,221.3401,158.5567,-99
6909933118,222.536,158.512,-99
6909966451,224.5743,157.3886,-99
6909999784,226.8902,154.9976,-99
6910033117,228.1147,154.2907,-99
6910066450,230.5335,152.9871,-99
6910099783,232.9496,151.4388,-99
6910133116,234.9693,149.7301,-99
6910166449,237.8392,148.848,-99
6910199782,238.9691,146.2346,-99
6910233115,241.3063,145.9486,-99
6910266448,243.6174,144.4152,-99
6910299781,244.9236,144.7664,-99
6910333114,246.8571,145.2473,-99
6910366447,248.8037,145.4422,-99
6910399780,248.5569,145.401,-99
6910433113,249.5707,145.1187,-99
6910466446,251.7059,143.5499,-99
6910499779,253.298,142.4268,-99
6910533112,254.272,143.0302,-99
6910566445,255.6159,143.1616,-99
6910599778,256.2341,142.2779,-99
6910633111,257.4753,141.3789,-99
6910666444,256.2638,140.6595,-99
6910699777,255.0482,137.5494,-99
6910733110,254.4677,136.9453,-99
6910766443,254.6536,134.0277,-99
6910799776,255.6397,133.8186,-99
6910833109,256.2688,133.3226,-99
6910866442,256.6334,133.7431,-99
6910899775,257.9524,133.6466,-99
6910933108,258.1292,131.9044,-99
6910966441,257.9412,129.6547,-99
6910999774,257.3131,128.6432,-99
6911033107,256.5503,126.1452,-99
6911066440,255.3291,124.9082,-99
6911099773,254.7301,122.0699,-99
6911133106,256.1859,121.6707,-99
6911166439,256.9248,120.9457,-99
6911199772,258.8016,119.5442,-99
6911233105,259.4168,119.4784,-99
6911266438,260.6096,120.2169,-99
6911299771,262.3218,120.1231,-99
6911333104,263.1818,119.7065,-99
6911366437,265.4097,119.7277,-99
6911399770,267.54,119.51,-99
6911433103,269.8518,119.3506,-99
6911466436,272.0113,118.9751,-99
6911499769,273.9689,118.5978,-99
6911533102,275.633,118.4289,-99
6911566435,276.9639,118.4853,-99
6911599768,278.6738,117.4738,-99
6911633101,279.705,117.4275,-99
6911666434,280.0235,117.6737,-99
6911699767,281.4759,118.1135,-99
6911733100,283.6292,117.9091,-99
6911766433,285.4246,117.5592,-99
6911799766,285.9955,118.1946,-99
6911833099,287.1137,117.782,-99
6911866432,287.3796,117.1117,-99
6911899765,287.2684,116.0684,-99
6911933098,286.7031,113.981,-99
6911966431,285.6199,112.5612,-99
6911999764,285.0523,110.4227,-99
6912033097,284.2595,109.5995,-99
6912066430,283.6314,109.1985,-99
6912099763,283.6389,107.904,-99
6912133096,284.2947,106.2091,-99
6912166429,286.3063,106.3654,-99
6912199762,288.0169,106.6102,-99
6912233095,289.6856,106.4263,-99
6912266428,291.5346,107.9271,-99
6912299761,292.8365,109.5395,-99
6912333094,293.6589,111.5804,-99
6912366427,294.7413,112.8092,-99
6912399760,295.2807,114.1174,-99
6912433093,296.4712,115.1731,-99
6912466426,297.2586,115.795,-99
6912499759,297.3815,117.4498,-99
6912533092,299.8011,118.3114,-99
6912566425,302.3421,120.274,-99
6912599758,303.6699,122.498,-99
6912633091,304.6422,122.9194,-99
6912666424,306.6396,124.9117,-99
6912699757,309.2861,126.1174,-99
6912733090,310.7136,126.9114,-99
6912766423,311.3003,126.861,-99
6912799756,312.3351,125.7289,-99
6912833089,313.883,124.458,-99
6912866422,316.7143,123.5093,-99
6912899755,317.7933,122.3468,-99
6912933088,319.4395,121.6741,-99
6912966421,322.7666,122.0728,-99
6912999754,323.8961,120.7198,-99
6913033087,326.6253,120.0438,-99
6913066420,329.6265,119.8747,-99
6913099753,332.3612,119.701,-99
6913133086,334.9266,119.7215,-99
6913166419,337.6398,120.0327,-99
6913199752,339.8622,120.416,-99
6913226381,341.7834,120.0252,-99
6913259714,343.7947,119.7246,-99
6913293047,345.4366,119.2366,-99
6913326380,345.9827,118.3728,-99
6913359713,347.0677,118.0927,-99
6913393046,347.8188,117.9653,-99
6913426379,348.4236,116.7569,-99
6913459712,349.5594,116.203,-99
6913493045,351.1312,117.2452,-99
6913526378,353.0756,118.2942,-99
6913559711,354.4301,119.7807,-99
6913593044,355.7253,120.6355,-99
6913626377,355.6373,122.0804,-99
6913659710,355.4811,122.8926,-99
6913693043,357.016,124.519,-99
6913726376,358.996,125.5976,-99
6913759709,361.0063,126.7663,-99
6913793042,364.8639,127.9038,-99
6913826375,367.3839,129.4925,-99
6913859708,368.7152,130.7218,-99
6913893041,371.0075,132.3234,-99
6913926374,373.7157,134.3342,-99
6913959707,377.0137,136.6689,-99
6913993040,379.2024,137.4691,-99
6914026373,382.0288,137.3774,-99
6914059706,384.9095,136.4143,-99
6914093039,387.683,136.2948,-99
6914126372,390.6138,135.9361,-99
6914159705,392.8311,135.7507,-99
6914193038,395.1439,136.2978,-99
6914226371,396.55,136.9775,-99
6914259704,397.5714,137.9005,-99
6914293037,398.7949,139.2513,-99
6914326370,401.7587,140.2463,-99
6914359703,402.9698,140.4408,-99
6914393036,404.4219,140.2171,-99
6914426369,406.2796,141.173,-99
6914459702,407.9217,141.1288,-99
6914493035,409.5448,140.9492,-99
6914526368,411.6474,142.5979,-99
6914559701,413.0363,142.6645,-99
6914593034,415.1599,143.0355,-99
6914626367,416.2377,143.1115,-99
6914659700,417.5275,142.4432,-99
6914693033,419.1105,142.0637,-99
6914726366,420.7589,142.327,-99
6914759699,422.6711,142.3509,-99
6914793032,423.4309,142.7856,-99
6914826365,424.7304,144.1066,-99
6914859698,425.1767,145.4005,-99
6914899501,425.6197,145.6453,-99
6914932834,426.7219,146.2188,-99
6914966167,429.0609,147.4544,-99
6914999500,431.114,148.0314,-99
6915032833,433.731,148.4444,-99
6915066166,436.922,149.3216,-99
6915099499,438.9535,150.4109,-99
6915132832,440.3009,152.2826,-99
6915166165,441.7738,155.2693,-99
6915199498,442.307,158.8205,-99
6915232831,441.9022,162.6739,-99
6915266164,442.2361,167.3345,-99
6915299497,441.2988,170.1777,-99
6915332830,440.817,173.1085,-99
6915366163,440.6295,174.8929,-99
6915399496,441.1435,176.2587,-99
6915432829,441.8317,175.5201,-99
6915466162,443.4064,176.6281,-99
6915499495,444.2911,177.3418,-99
6915532828,445.1062,179.3142,-99
6915566161,446.5681,180.3878,-99
6915599494,447.5333,181.2409,-99
6915632827,447.7236,183.119,-99
6915666160,447.7848,184.5562,-99
6915699493,447.7366,187.2572,-99
6915732826,448.3748,188.6986,-99
6915766159,448.0437,190.0109,-99
6915799492,449.1612,193.9534,-99
6915832825,450.0061,196.0793,-99
6915866158,451.2144,199.0624,-99
6915899491,452.7654,202.1923,-99
6915932824,453.1737,203.6707,-99
6915966157,454.3481,207.4873,-99
6915999490,454.9283,210.7664,-99
6916032823,456,213.6477,-99
6916066156,456.3495,216.146,-99
6916099489,457.104,217.9788,-99
6916132822,458.1097,219.2785,-99
6916166155,458.9429,220.9239,-99
6916199488,459.2436,222.4037,-99
6916232821,460.6457,222.2861,-99
6916266154,461.3224,222.1436,-99
6916299487,461.525,222.6361,-99
6916332820,461.9697,223.4187,-99
6916366153,462.2748,223.5526,-99
6916399486,462.8118,223.2647,-99
6916432819,464.0841,223.4264,-99
6916466152,463.4323,223.7971,-99
6916499485,463.9433,223.5637,-99
6916532818,464.7596,223.911,-99
6916566151,464.8471,223.8135,-99
6916599484,464.8294,224.8478,-99
6916632817,463.8422,226.123,-99
6916666150,464.7094,226.3526,-99
6916699483,464.6882,225.853,-99
6916732816,464.3173,226.9147,-99
6916766149,464.2152,228.5935,-99
6916799482,464.6169,229.494,-99
6916832815,464.0746,230.0656,-99
6916866148,463.9821,230.8565,-99
6916899481,464.1689,232.4111,-99
6916932814,463.0989,233.3347,-99
6916966147,461.6215,233.8286,-99
6916999480,460.0521,234.5859,-99
6917032813,458.2537,236.6866,-99
6917066146,455.4976,238.5144,-99
6917099479,452.1514,238.8389,-99
6917132812,449.2032,239.0069,-99
6917166145,446.5218,239.4498,-99
6917199478,444.7761,239.1109,-99
6917232811,444.3311,239.5351,-99
6917266144,443.7712,239.411,-99
6917299477,445.4387,239.4865,-99
6917332810,446.5579,239.6922,-99
6917366143,447.8934,239.831,-99
6917399476,448.6054,239.8368,-99
6917432809,448.9431,239.6382,-99
6917466142,448.4596,239.8302,-99
6917499475,447.7479,239.6534,-99
6917532808,446.5327,239.6755,-99
6917566141,445.5768,239.7635,-99
6917599474,446.6569,239.0564,-99
6917632807,448.2678,239.9031,-99
6917666140,449.7099,241.4503,-99
6917699473,450.8408,243.2263,-99
6917732806,452.9947,245.4198,-99
6917766139,455.2653,247.2997,-99
6917799472,456.088,250.5599,-99
6917832805,457.6078,253.5894,-99
6917866138,459.1522,255.8626,-99
6917899471,460.8288,257.8626,-99
6917932804,462.1369,259.6826,-99
6917966137,463,260.8571,-99
6917999470,464.4437,262.5368,-99
6918032803,465.3103,265.0826,-99
6918066136,465.304,266.9739,-99
6918099469,465.0787,268.1496,-99
6918132802,465.5157,271.212,-99
6918166135,465.7425,272.8538,-99
6918199468,465.243,274.8586,-99
6918234207,464.5468,277.6689,-99
6918267540,464.5262,278.9099,-99
6918300873,463.6216,279.009,-99
6918334206,463.6451,280.2422,-99
6918367539,465.1143,282.9978,-99
6918400872,467.7901,281.9669,-99
6918434205,466.6724,285.4698,-99
6918467538,466.8655,287.2755,-99
6918500871,466.1391,287.8433,-99
7811017104,180.4029,238.3914,-99
7811050437,184.4787,235.6649,-99
7811083770,184.41,235.746,-99
7811117103,183.9202,236.3589,-99
7811150436,180.6994,237.2054,-99
7811183769,177.3099,237.6113,-99
7811217102,176.0085,237.4249,-99
7811250435,173.5943,235.8771,-99
7811283768,169.8851,235.3276,-99
7811317101,171.0695,234.4814,-99
7811350434,171.1389,230.3397,-99
7811383767,172.4259,229.3236,-99
7811417100,171.9823,225.5721,-99
7811450433,173.9604,225.2952,-99
7811483766,173.4567,221.8361,-99
7811517099,175.6594,221.7226,-99
7811550432,182.8287,220.187,-99
7811583765,187.561,219.2605,-99
7811617098,189.5783,217.9761,-99
7811650431,191.1393,215.6843,-99
7811683764,193.1256,214.8532,-99
7811717097,196.2612,215.8951,-99
7811750430,194.3696,215.3758,-99
7811783763,197.3407,215.2742,-99
7811817096,196.9832,215.5032,-99
7811850429,198.5202,215.2559,-99
7811883762,199.3912,214.9017,-99
7811917095,198.3286,214.251,-99
7811950428,197.746,214.896,-99
7811983761,194.776,211.6619,-99
7812017094,193.964,210.3008,-99
7812050427,191.4979,207.6175,-99
7812083760,189.7313,204.9172,-99
7812117093,190.4634,203.7642,-99
7812150426,190.4384,198.7464,-99
7812183759,190.4839,196.373,-99
7812217092,193.9365,195.9165,-99
7812250425,195.7504,195.2995,-99
7812283758,193.7812,194.6203,-99
7812317091,194.7002,194.926,-99
7812350424,196.1027,196.0776,-99
7812383757,198.008,197,-99
7812419419,196.3327,195.9469,-99
7812452752,198.1525,196.1125,-99
7812486085,198.4599,195.2281,-99
7812519418,199.7261,195.5809,-99
7812552751,199.8734,194.0378,-99
7812586084,201.16,192.674,-99
7812619417,203.3629,193.0232,-99
7812652750,203.8836,191.6018,-99
7812686083,206.6399,190.3319,-99
7812719416,206.9849,188.3389,-99
7812752749,210.357,187.5762,-99
7812786082,213.5461,184.9354,-99
7812819415,216.4498,181.9926,-99
7812852748,218.784,179.4338,-99
7812886081,221.9355,179.5489,-99
7812919414,224.6375,177.5166,-99
7812952747,226.5895,176.9163,-99
7812986080,228.1608,175.1373,-99
7813019413,229.4761,172.4024,-99
7813052746,230.319,167.7485,-99
7813086079,231.4234,165.5211,-99
7813119412,232.4564,163.0644,-99
7813152745,232.875,156.4898,-99
7813186078,234.7354,151.1376,-99
7813219411,236.8669,152.0832,-99
7813252744,239.1762,149.2904,-99
7813286077,240.8731,146.9144,-99
7813319410,242.0089,141.9543,-99
7813352743,245.1146,150.191,-99
7813386076,246.8092,154.6868,-99
7813419409,248.9598,152.6438,-99
7813452742,251.774,142.5047,-99
7813486075,254.3298,126.6504,-99
7813519408,257.6638,129.9054,-99
7813552741,260.4612,138.6104,-99
7813586074,263.294,137.5942,-99
7813619407,266.681,135.9546,-99
7813652740,270.8404,134.6087,-99
7813686073,276.2184,127.9164,-99
7813719406,287.5654,107.288,-99
7813752739,293.3587,106.2248,-99
7813786072,297.5447,106.5331,-99
7813819405,301.2295,106.1639,-99
7813852738,305.7925,106.8027,-99
7813886071,308.7082,108.5579,-99
7813919404,313.9532,108.8758,-99
7813952737,319.9623,109.3682,-99
7813986070,325.5953,110.4433,-99
7814019403,332.97,111.2417,-99
7814052736,337.506,113.5145,-99
7814086069,339.6299,116.2616,-99
7814119402,342.3966,118.6145,-99
7814152735,344.3444,120.8102,-99
7814186068,346.288,122.4645,-99
7814219401,348.4503,122.3164,-99
7814252734,351.0919,122.5835,-99
7814286067,352.2392,121.7872,-99
7814319400,354.9565,121.0783,-99
7814352733,356.4266,119.5212,-99
7814386066,356.4679,117.5321,-99
7814419399,360.1147,118.3661,-99
7814452732,361.0587,118.5182,-99
7814486065,362.6615,118.5706,-99
7814519398,363.2495,120.0503,-99
7814552731,365.7763,121.953,-99
7814586064,367.6599,124.7614,-99
7814619397,370.2964,128.1076,-99
7814652730,373.5117,131.2685,-99
7814686063,376.3669,134.0504,-99
7814719396,377.3192,134.2368,-99
7814752729,378.8311,133.5022,-99
7814786062,381.0517,132.5753,-99
7814819395,382.9524,131.2024,-99
7814852728,385.4064,129.2049,-99
7814886061,388.8061,128.3238,-99
7814919394,389.3095,127.9697,-99
7814952727,392.0822,127.0047,-99
7814986060,395.1597,127.4226,-99
7815019393,396.6979,127.9611,-99
7815052726,397.262,128.5459,-99
7815086059,398.2894,131.0302,-99
7815119392,396.5751,130.2543,-99
7815152725,399.6795,133.4641,-99
7815186058,402.5955,134.9384,-99
7815219391,404.7459,136.3982,-99
7815252724,404.9522,136.8233,-99
7815286057,405.3697,136.0045,-99
7815319390,405.9773,134.3492,-99
7815352723,407.936,133.4369,-99
7815386056,407.5083,132.0626,-99
7815419389,405.5035,131.8329,-99
7815452722,406.3456,130.1266,-99
7815486055,405.8673,129.1465,-99
7815519388,405.0592,129.9112,-99
7815552721,403.5269,129.5222,-99
7815586054,401.7245,128.697,-99
7815619387,406.432,131.6842,-99
7815652720,407.8861,132.6757,-99
7815686053,409.6194,134.0972,-99
7815719386,410.4716,134.6522,-99
7815758267,412.008,135.0965,-99
7815791600,412.4186,135.298,-99
7815824933,412.8874,135.601,-99
7815858266,413.7044,135.4926,-99
7815891599,414.6308,136.2517,-99
7815924932,414.9239,136.9889,-99
7815958265,412.589,137.8396,-99
7815991598,412.9305,139.1288,-99
7816024931,413.7667,141.7762,-99
7816058264,412.8411,144.3388,-99
7816091597,411.939,147.8171,-99
7816124930,409.9828,151.8333,-99
7816158263,406.9676,154.0486,-99
7816191596,402.9837,153.8718,-99
7816224929,399.8463,154.2222,-99
7816258262,398.8217,154.7877,-99
7816291595,399.974,153.2732,-99
7816324928,397.3299,151.9315,-99
7816358261,397.0322,149.0282,-99
7816391594,397.7696,149.2875,-99
7816424927,398.2776,147.8758,-99
7816458260,399.5102,146.9707,-99
7816491593,401.0245,147.3675,-99
7816524926,401.1996,147.4146,-99
7816558259,400.9933,145.5248,-99
7816591592,400.7528,144.3515,-99
7816624925,400.1221,144.7002,-99
7816658258,400.147,145.0668,-99
7816691591,399.9126,146.148,-99
7816724924,400.5088,147.3048,-99
7816758257,401.4679,147.795,-99
7816791590,401.2397,147.5142,-99
7816824923,401.096,146.9643,-99
7816858256,400.6066,147.7728,-99
7816891589,399.971,146.8079,-99
7816924922,399.8473,144.8524,-99
7816958255,399.4187,144.056,-99
7816991588,399.9539,144.5101,-99
7817024921,399.7598,144.3883,-99
7817058254,399.603,145.0866,-99
7817091587,398.2339,145.4524,-99
7817124920,397.1855,145.8118,-99
7817158253,397.8542,146.688,-99
7817191586,397.7832,146.5842,-99
7817224919,398.6173,146.9778,-99
7817258252,398.4067,144.8496,-99
7817291585,398.5696,146.7316,-99
7817324918,399.6774,144.5333,-99
7817358251,400.4858,141.8605,-99
7817391584,402.206,140.0664,-99
7817427246,406.8316,140.1193,-99
7817460579,410.2017,139.6068,-99
7817493912,414.1013,139.5948,-99
7817527245,417.7936,140.8943,-99
7817560578,420.2988,142.3708,-99
7817593911,422.0551,145.0534,-99
7817627244,422.6259,147.1389,-99
7817660577,424.0096,148.4415,-99
7817693910,426.4972,150.1309,-99
7817727243,428.5132,152.178,-99
7817760576,430.7982,153.5757,-99
7817793909,434.1637,154.6628,-99
7817827242,435.1086,156.9374,-99
7817860575,435.2821,159.1558,-99
7817893908,439.0721,162.2095,-99
7817927241,442.3077,166.0298,-99
7817960574,446.0895,169.5524,-99
7817993907,449.5961,171.3709,-99
7818027240,449.9978,172.1792,-99
7818060573,451.4368,171.9356,-99
7818093906,454.6367,172.6915,-99
7818127239,457.6271,173.7229,-99
7818160572,460.0954,175.2801,-99
7818193905,462.4614,176.1773,-99
7818227238,463.2076,172.9503,-99
7818260571,466.0396,180.8206,-99
7818293904,465.5966,183.6818,-99
7818327237,465.2366,185.8168,-99
7818360570,466.737,189.5877,-99
7818393903,468.6201,196.2793,-99
7818427236,467.8502,199.664,-99
7818460569,470.7833,201.3667,-99
7818493902,468.9687,207.8715,-99
7818527235,465.692,205.4787,-99
7818560568,459.8228,201.0229,-99
7818593901,463.5244,198.9067,-99
7818627234,461.2188,192.0729,-99
7818660567,461.925,188.2875,-99
7818693900,466.129,189.4194,-99
7818727233,459.7692,197.3077,-99
7818760566,461.7667,181,-99
7818793899,461.7941,184.2412,-99
7818827232,465.9307,185.6931,-99
7818860565,464.0444,187.5444,-99
7818893898,466.6092,189.6264,-99
7818927231,466.5082,193.4044,-99
7818960564,466.5739,196.6667,-99
7818993897,471.3529,199.2284,-99
7819027230,474.9226,198.4675,-99
7819060563,479.1025,198.2579,-99
7819093896,476.9854,196.3324,-99
7819127229,471.0985,195.5871,-99
7819160562,477.8073,196.901,-99
7819193895,481.5581,197.3116,-99
7819227228,482.9307,197.0462,-99
7819260561,482.5819,195.2469,-99
7819293894,485.0111,195.3475,-99
7819327227,484.8297,194.3478,-99
7819360560,484.7151,192.9128,-99
7819393893,484.7878,191.5504,-99
7819427226,484.7776,189.8597,-99
7819460559,485.7063,191.2937,-99
7819493892,486.8128,194.3744,-99
7819527225,486.9436,191.8742,-99
7819560558,486.7699,187.8849,-99
7819593891,487.4303,190.1514,-99
7819627224,483.9595,191.1301,-99
7819660557,481.3127,190.9642,-99
7819693890,477.0138,188.731,-99
7819727223,478.0124,185.8509,-99
7819760556,485.311,189.4449,-99
7819793889,470.9074,184.9198,-99
7819827222,483.777,189.8327,-99
7819860555,483.3109,195.4523,-99
7819893888,483.0115,199.4669,-99
7819927221,482,195.8278,-99
7819960554,477.9004,192.3911,-99
7819993887,475.5115,193.2212,-99
7820027220,479.6926,194.2222,-99
7820060553,484.0557,192.0053,-99
7820093886,485.2411,188.9368,-99
7820127219,482.1176,189.8235,-99
7820160552,484.0149,188.1144,-99
7820193885,482.5077,187.3846,-99
7820227218,489.859,186.2692,-99
7820260551,511,191,-99
7820293884,511.4066,191.5385,-99
7820327217,511.277,194.9797,-99
7820360550,508.453,190.1838,-99
7820393883,507.1815,188.7066,-99
7820427216,506.9305,192.6586,-99
7820460549,507.5925,194.3613,-99
7820493882,507.97,195.691,-99
7820527215,509.7174,196.8913,-99
7820560548,504.4118,195.1765,-99
7820593881,507.6702,194,-99
7820627214,508.6372,185.2019,-99
7820660547,509.2911,181.962,-99
7820693880,509.4834,180.5703,-99
7820727213,510.6119,179.0297,-99
7820760311,512.1008,178.2762,-99
7820793644,513.1699,177.1523,-99
7820826977,513.8818,177.6931,-99
7820860310,514.3358,178.19,-99
7820893643,515.028,178.5669,-99
7820926976,517.2201,180.0116,-99
7820960309,517.7458,181.5378,-99
7820993642,518.4211,183.2765,-99
7821026975,518.0934,182.6389,-99
7821060308,518.082,185.0458,-99
7821093641,516.209,184.1852,-99
7821126974,514.7261,184.1147,-99
7821160307,514.8677,181.8995,-99
7821193640,516.6519,185.3746,-99
7821226973,516.9172,185.4066,-99
7821260306,516.6453,185.3181,-99
7821293639,515.8434,184.953,-99
7821326972,515.6371,185.4946,-99
7821360305,515.4768,184.7439,-99
7821393638,515.5497,184.3467,-99
7821426971,515.2258,183.5645,-99
7821460304,514.4012,183.0594,-99
7821493637,513.4821,182.0156,-99
7821526970,512.4873,181.7797,-99
7821560303,512.6013,180.8568,-99
7821593636,512.8578,179.8217,-99
7821626969,514.1201,179.3799,-99
7821660302,514.5187,179.0187,-99
7821693635,512.628,180.7338,-99
7821726968,515.2447,180.852,-99
7821760301,516.6447,180.8882,-99
7821793634,519.8411,173.9813,-99
7821826967,516.0455,163.2727,-99
7821860300,512.3251,158.9816,-99
7821893633,511.9402,162.7958,-99
7821926966,513.126,166.5174,-99
7821960299,513.1134,168.1263,-99
7821993632,513.0864,169.8168,-99
7822026965,513.587,171.602,-99
7822060298,514.2087,173.8376,-99
7822093631,514.3527,176.087,-99
7822126964,514.1833,178.1883,-99
7822160297,513.895,180.2306,-99
7822193630,513.0855,181.9834,-99
7822226963,512.8199,184.0439,-99
7822260296,512.5206,186.9782,-99
7822293629,511.9052,188.7057,-99
7822326962,510.9641,191.382,-99
7822360295,509.7692,194.2524,-99
7822393628,508.0086,195.6196,-99
7822426961,506.0956,194.4743,-99
7822460294,505.0632,196.7895,-99
7822493627,506.6329,207.7722,-99
7822526960,503.6393,202.2848,-99
7822560293,504.5872,200.6239,-99
7822593626,508.6746,198.3458,-99
7822626959,507.3753,195.2,-99
7822660292,506.1538,195.7508,-99
7822693625,508.0121,192.4859,-99
7822726958,508.7585,190.6886,-99
7822760291,508.7242,189.9504,-99
7822793624,507.9295,189.1568,-99
7822826957,505.6946,187.6376,-99
7822860290,504.1782,191.3247,-99
7822893623,501.9618,196.0278,-99
7822926956,498.4984,202.0229,-99
7822960289,494.8338,205.5757,-99
7822993622,490.7967,212.8524,-99
7823026955,486.454,218.7946,-99
7823060288,481.81,225.1636,-99
7823093621,477.9691,229.5954,-99
7823126954,473.8561,233.5285,-99
7823160287,470.1483,235.8065,-99
7823193620,466.1089,236.7135,-99
7823226953,462.138,238.2563,-99
7823260286,459.5702,238.9198,-99
7823293619,455.8529,239.2561,-99
7823326952,453.1371,239.1167,-99
7823360285,450.8015,239.9952,-99
7823393618,448.9938,240.7967,-99
7823426951,447.5077,240.6197,-99
7823460284,446.5409,241.0459,-99
7823493617,445.6762,240.069,-99
7823526950,448.7784,241.9824,-99
7823560283,450.5955,244.2045,-99
7823593616,452.4383,244.1916,-99
7823626949,453.9975,246.7303,-99
7823660282,454.5224,248.6951,-99
7823693615,458.8182,246.3994,-99
7823726948,456.3399,247.6576,-99
7823760281,455.7759,248.9832,-99
7823793614,458.7989,245.815,-99
7823826947,460.8622,247.5059,-99
7823860280,462.0145,247.9687,-99
7823893613,463.1954,248.1632,-99
7823926946,462.5119,245.9604,-99
7823960279,460.9639,244.6779,-99
7823993612,460.8495,240.8622,-99
7824026945,459.7333,240.6026,-99
7824060278,462.332,240.9799,-99
7824095940,464.22,240.0295,-99
7824129273,466.8474,239.6504,-99
7824162606,470.1568,241.7108,-99
7824195939,472.5443,242.8557,-99
7824229272,473.944,244.1143,-99
7824262605,478.3667,246.0292,-99
7824295938,479.2143,246.3381,-99
7824329271,480.4228,248.1758,-99
7824362604,481.1707,250.6543,-99
7824395937,481.3112,253.8333,-99
7824429270,480.6998,257.925,-99
7824462603,480.8771,261.5293,-99
7824495936,478.5231,266.5011,-99
7824529269,479.9131,269.5507,-99
7824562602,479.9251,274.5067,-99
7824595935,478.1613,277.9355,-99
7824629268,477.2064,283.0442,-99
7824662601,477.3839,288.2654,-99
7824695934,476.2039,294.1974,-99
7824729267,475.3193,300.5699,-99
7824762600,473.8117,306.5649,-99
7824795933,472.462,313.6414,-99
7824829266,470.695,320.4706,-99
7824862599,468.5189,324.4962,-99
7824895932,466.5352,326.3191,-99
7824929265,465.2675,325.6389,-99
7824962598,462.9005,325.0796,-99
7824995931,461.7959,322.3979,-99
7825029264,460.7494,321.0402,-99
7825062597,459.3686,318.9407,-99
7825095930,456.5778,317.2984,-99
7825129263,455.0707,316.894,-99
7825162596,456.583,316.0237,-99
7825195929,460.9299,316.7866,-99
7825229262,461.5291,315.5029,-99
7825262595,463.2111,312.8496,-99
7825295928,464.3799,310.438,-99
7825329261,463.7195,310.3567,-99
7825362594,464.028,309.9412,-99
7825395927,463.6589,310.7289,-99
7825429260,465.8593,309.9539,-99
7825462593,465.6531,309.8808,-99
7825495926,465.7124,309.2254,-99
7825529259,464.4129,309.7614,-99
7825562592,463.9027,309.3432,-99
7825595925,462.8071,308.9733,-99
7825629258,461.6309,309.265,-99
7825662591,460.9862,308.9697,-99
7825695924,459.7747,309.0169,-99
7825729257,459.3,309.3055,-99
7825768138,458.1857,310.06,-99
7825801471,458.1441,310.8127,-99
7825834804,456.9695,310.8842,-99
7825868137,457.7202,310.7895,-99
7825901470,456.4524,310.8899,-99
7825934803,457.124,310.7339,-99
7825968136,457.9565,310.4517,-99
7826001469,458.1361,310.4059,-99
7826034802,459.1471,310.1742,-99
7826068135,459.49,308.8803,-99
7826101468,458.0439,308.4396,-99
7826134801,459.27,308.5057,-99
7826168134,463.8517,309.6017,-99
7826201467,465.7542,310.7943,-99
7826234800,467.7046,311.1467,-99
7826268133,468.8473,312.5275,-99
7826301466,468.1651,312.684,-99
7826334799,467.2161,314.2487,-99
7826368132,467.0854,315.7603,-99
7826401465,466.3984,317.4934,-99
7826434798,465.3753,320.2905,-99
7826468131,464.3866,322.518,-99
7826501464,463.3013,324.9823,-99
7826534797,461.8587,327.1277,-99
7826568130,461.1625,329.022,-99
7826601463,459.5279,332.3198,-99
7826634796,458.5762,337.1816,-99
7826668129,458.2031,339.989,-99
7826701462,457.3077,342.2391,-99
7826734795,456.6876,344.7744,-99
7826768128,454.4658,346.243,-99
7826801461,454.88,347.3644,-99
7826834794,454.5322,348.4811,-99
7826868127,452.6827,347.3229,-99
7826901460,449.3539,349.0509,-99
7826934793,446.0498,351.5265,-99
7826968126,441.0692,353.5871,-99
7827001459,435.1055,354.1985,-99
7827034792,432.7234,354.7259,-99
7827068125,429.2393,356.2686,-99
7827101458,425.8072,361.864,-99
7827134791,422.1643,365.6643,-99
7827168124,419.7106,368.4414,-99
7827201457,417.8088,372.1599,-99
7827234790,414.688,374.938,-99
7827268123,413.946,380.388,-99
7827301456,411.0763,384.2519,-99
7827334789,407.662,387.9678,-99
7827368122,401.4874,391.3177,-99
7827401455,396.4507,392.7086,-99
7827434788,390.4337,393.2702,-99
7827468121,387.8887,393.3617,-99
7827501454,386.1349,392.5194,-99
7827534787,384.1887,393.0094,-99
7827568120,381.4567,396.2484,-99
7827601453,377.8746,398.1104,-99
7827634786,372.8055,399.501,-99
7827668119,370.1212,400.5036,-99
7827701452,367.2213,405.6824,-99
7827734785,365.4636,409.3107,-99
7827768118,362.58,409.7548,-99
7827801451,360.2518,410.9026,-99
7827834784,357.3557,411.0696,-99
7827868117,353.4712,411.3245,-99
7827901450,351.0653,410.4499,-99
7827934783,346.9874,410.5777,-99
7827968116,344.0484,410.1221,-99
7828001449,341.3463,408.6291,-99
7828034782,338.4442,406.8808,-99
7828068115,335.6318,407.454,-99
7828101448,333.0383,407.4745,-99
7828134781,330.6012,407.4589,-99
7828168114,329.9133,408.3467,-99
7828201447,323.9801,408.1949,-99
7828234780,321.7238,408.9098,-99
7828268113,319.0988,409.1149,-99
7828301446,316.0053,409.0637,-99
7828334779,311.868,408.1557,-99
7828368112,307.3592,407.519,-99
7828401445,304.4393,406.1563,-99
7828434778,302.609,405.0714,-99
7828468111,300.1335,404.5777,-99
7828501444,298.108,405.9784,-99
7828534777,295.2889,406.2155,-99
7828568110,292.0468,408.4744,-99
7828601443,290.8178,410.1412,-99
7828634776,289.2668,412.0762,-99
7828668109,287.4323,412.1092,-99
7828701442,284.818,410.9748,-99
7828734775,282.8444,409.6259,-99
7828768108,280.0421,408.3987,-99
7828801441,279.9181,407.9181,-99
7828834774,278.4864,407.0105,-99
7828868107,278.4366,405.2851,-99
7828901440,276.1967,404.125,-99
7828934773,273.815,401.5096,-99
7828968106,273.0873,401.1855,-99
7829001439,272.7,401.0018,-99
7829034772,270.9747,401.3358,-99
7829068105,269.6787,400.8755,-99
7829103735,268.203,400.9814,-99
7829137068,267.0309,400.1475,-99
7829170401,265.948,398.9158,-99
7829203734,264.3481,397.1694,-99
7829237067,263.3234,395.9142,-99
7829270400,261.8185,394.3609,-99
7829303733,260.5403,393.7479,-99
7829337066,259.8699,393.6393,-99
7829370399,258.2793,392.6802,-99
7829403732,255.9326,392.5348,-99
7829437065,253.7921,393.1519,-99
7829470398,252.825,392.3479,-99
7829503731,251.2423,390.1785,-99
7829537064,252.6576,388.8619,-99
7829570397,251.3206,385.9582,-99
7829603730,251.5141,384.6325,-99
7829637063,250.7463,383.7351,-99
7829670396,249.9836,383.7975,-99
7829703729,251.3242,384.7656,-99
7829737062,250.201,384.3463,-99
7829770395,248.9067,384.2751,-99
7829803728,247.9691,383.9786,-99
7829837061,247.2732,382.8979,-99
7829870394,246.2844,382.6084,-99
7829903727,245.6832,381.0724,-99
7829937060,246.5632,381.074,-99
7829970393,245.7366,378.6253,-99
7830003726,245.0024,377.8585,-99
7830037059,244.6778,378.18,-99
7830070392,243.0258,377.9977,-99
7830103725,240.4364,378.3273,-99
7830137058,239.612,377.8781,-99
7830170391,237.8364,379.4562,-99
7830203724,235.9196,381.3522,-99
7830237057,234.4054,383.0983,-99
7830270390,232.8188,384.5046,-99
7830303723,231.5353,386.1143,-99
7830337056,231.0553,387.625,-99
7830370389,229.3078,386.674,-99
7830403722,228.0202,386.4504,-99
7830437055,224.7586,385.1414,-99
7830470388,224.351,386.556,-99
7830503721,221.8206,385.3443,-99
7830537054,219.77,383.466,-99
7830570387,219.0348,380.6776,-99
7830603720,217.8595,378.7664,-99
7830637053,218.3397,377.0778,-99
7830670386,218.6817,378.2922,-99
7830703719,218.9649,375.7939,-99
7830737052,218.4009,374.3986,-99
7830775965,217.4468,372.1366,-99
7830809298,216.4302,370.5788,-99
7830842631,216.9258,369.4112,-99
7830875964,216.5959,366.8497,-99
7830909297,216.4513,364.6247,-99
7830942630,216.5897,362.7744,-99
7830975963,216.1044,361.4442,-99
7831009296,215.3702,360.1827,-99
7831042629,213.9874,358.8864,-99
7831075962,213.3062,357.9426,-99
7831109295,211.8967,357.6784,-99
7831142628,210.8,357.5371,-99
7831175961,210.6563,357.9615,-99
7831209294,209.6441,358.1235,-99
7831242627,209.1163,358.1977,-99
7831275960,208.5561,358.715,-99
7831309293,207.6418,359.704,-99
7831342626,206.6714,359.8548,-99
7831375959,207.298,360.2118,-99
7831409292,205.4785,358.0815,-99
7831442625,205.5624,356.2976,-99
7831475958,205.7149,355.2416,-99
7831509291,205.5596,354.3174,-99
7831542624,206.8624,352.405,-99
7831575957,206.6104,351.7972,-99
7831609290,207.3315,349.8994,-99
7831642623,208.0084,349.5924,-99
7831675956,208.6535,348.4912,-99
7831709289,208.5718,350.2068,-99
7831742622,208.4495,348.9808,-99
7831775955,210.3333,348.1219,-99
7831809288,210.2683,347.0951,-99
7831842621,209.3293,346.6829,-99
7831875954,208.3542,345.3566,-99
7831909287,207.9951,343.9407,-99
7831942620,207.2611,342.9883,-99
7831975953,206.0909,343.1376,-99
7832009286,205.113,342.9877,-99
7832042619,202.6186,341.4523,-99
7832075952,199.8447,341.3519,-99
7832109285,196.9799,339.995,-99
7832142618,195.7876,337.2578,-99
7832175951,194.4925,333.547,-99
7832209284,193.3971,331.4761,-99
7832242617,192.7947,329.1643,-99
7832275950,191.6468,330.1818,-99
7832309283,190.4122,327.5649,-99
7832342616,189.7348,326.2147,-99
7832375949,189.3003,322.681,-99
7832409282,187.6909,320.8333,-99
7832442615,187.2886,318.6368,-99
7832475948,187.7938,316.7242,-99
7832509281,187.1295,314.7772,-99
7832542614,186.9024,311.5515,-99
7832575947,186.522,310.6463,-99
7832609280,185.651,306.8532,-99
7832642613,185.3266,305.9271,-99
7832675946,185.7956,302.5477,-99
7832709279,184.9561,300.3075,-99
7832742612,184.4949,298.2704,-99
7832775945,183.5357,295.4863,-99
7832809278,182.5114,294.4046,-99
7832842611,181.4195,292.4644,-99
7832875944,179.8247,291.8027,-99
7832909277,178.8132,292.0718,-99
7832942610,177.7418,291.967,-99
7832975943,176.9263,292.7139,-99
7833009276,176.6223,292.4294,-99
7833042609,176.169,290.8698,-99
7833075942,177.1125,288.3138,-99
7833109275,176.1586,287.3839,-99
7833142608,175.9143,285.4119,-99
7833175941,175.4465,284.7267,-99
7833209274,175.1234,284.2665,-99
7833242607,175.0795,282.649,-99
7833275940,174.2153,283.1526,-99
7833309273,173.9948,281.3429,-99
7833342606,174.7034,279.0459,-99
7833375939,175.9692,277.6898,-99
7833409272,178.121,276.5555,-99
7833442605,179.6705,274.2557,-99
7833475938,180.6444,271.0597,-99
7833509271,180.0226,268.6975,-99
7833542604,179.4453,266.4224,-99
7833575937,177.6457,265.5338,-99
7833609270,176.5154,263.9406,-99
7833642603,175.519,263.5995,-99
7833675936,174.1306,262.7588,-99
7833709269,172.5874,263.3798,-99
7833742602,171.2139,263.2056,-99
7833775935,169.5671,263.2986,-99
7833809268,168.3722,262.0945,-99
7833842601,168.717,257.9329,-99
7833875934,167.697,257.2378,-99
7833909267,167.9937,256.6131,-99
7833942600,168.1886,254.1798,-99
7833975933,168.0855,254.0233,-99
7834009266,167.3756,254.2824,-99
7834042599,168.7989,251.9603,-99
7834075932,169.49,251.6752,-99
7834103483,169.8804,249.687,-99
7834136816,172.0865,248.0135,-99
7834170149,173.3401,246.1509,-99
7834203482,174.7197,245.0728,-99
7834236815,176.6842,243.3406,-99
7834270148,179.4435,241.6935,-99
7834303481,182.2359,241.2974,-99
7834336814,184.4451,240.8983,-99
7834370147,184.2603,238.737,-99
7834403480,184.0174,237.7762,-99
7834436813,183.219,236.5742,-99
7834470146,182.39,236.3708,-99
7834503479,180.1373,235.3284,-99
7834536812,177.7098,234.4171,-99
7834570145,175.936,233.7813,-99
7834603478,192.8954,233.7859,-99
7834636811,195.2407,232.8685,-99
7834670144,172.9008,229.7879,-99
7834703477,173.9532,229.1481,-99
7834736810,175.9533,224.1274,-99
7834770143,177.2191,223.9761,-99
7834803476,177.2129,221.0366,-99
7834836809,177.7191,219.6319,-99
7834870142,177.5242,220.1232,-99
7834903475,175.1483,217.6948,-99
7834936808,176.5025,217.3061,-99
7834970141,175.1837,214.6035,-99
7835003474,176.4783,213.6803,-99
7835036807,176.7649,213.3739,-99
7835070140,176.7283,212.2717,-99
7835103473,176.3273,211.1021,-99
7835136806,177.6629,210.059,-99
7835170139,178.5068,209.5913,-99
7835203472,181.8409,208.3091,-99
7835236805,183.3099,208.3732,-99
7835270138,185.5069,208.4541,-99
7835303471,187.1015,206.852,-99
7835336804,186.7605,204.4889,-99
7835370137,187.6169,205.5598,-99
7835403470,187.6599,201.5908,-99
7835436803,189.0057,201.1051,-99
7835470136,191.3974,200.5211,-99
7835503469,192.2565,197.7927,-99
7835536802,193.5753,196.8493,-99
7835570135,195.4339,195.0299,-99
7835603468,196.576,193.5253,-99
7835636801,197.376,192.6323,-99
7835670134,197.2568,192.1811,-99
7835703467,197.7917,191.1078,-99
7835736800,196.9974,189.8307,-99
7835768258,196.2817,187.9211,-99
7835801591,196.2193,186.8616,-99
7835834924,194.6639,184.5656,-99
7835868257,194.9419,183.4343,-99
7835901590,194.1118,181.3811,-99
7835934923,194.8387,179.2655,-99
7835968256,194.9196,177.4209,-99
7836001589,195.1157,176.697,-99
7836034922,198.744,175.446,-99
7836068255,199.6395,175.7167,-99
7836101588,199.4204,176.4268,-99
7836134921,200.7622,175.3356,-99
7836168254,201.0458,174.3229,-99
7836201587,198.625,173.8984,-99
7836234920,198.8963,172.492,-99
7836268253,199.6441,169.9792,-99
7836301586,199.0674,168.8006,-99
7836334919,200.3725,167.1505,-99
7836368252,200.3908,166.1675,-99
7836401585,201.1516,165.2507,-99
7836434918,205.2551,163.5144,-99
7836468251,206.6786,162.8571,-99
7836501584,208.551,162.0551,-99
7836534917,209.0852,161.8251,-99
7836568250,209.3049,162.1421,-99
7836601583,210.9811,161.5243,-99
7836634916,213.0823,159.527,-99
7836668249,215.4005,158.6902,-99
7836701582,216.861,157.4932,-99
7836734915,218.1444,156.0882,-99
7836768248,219.1969,155.6726,-99
7836801581,220.3578,155.481,-99
7836834914,221.3512,154.3944,-99
7836868247,222.6263,154.629,-99
7836901580,224.2122,153.4244,-99
7836934913,224.9845,150.9482,-99
7836968246,225.2074,149.758,-99
7837001579,224.5127,150.5101,-99
7837034912,224.2538,149.7538,-99
7837068245,223.7513,148.6692,-99
7837101578,223.6998,146.0534,-99
7837134911,223.4324,145.8886,-99
7837168244,225.0883,145.3018,-99
7837201577,225.6823,145.2814,-99
7837234910,226.2867,145.7856,-99
7837268243,228.5535,146.1111,-99
7837301576,229.3701,145.3149,-99
7837334909,228.9072,145.536,-99
7837368242,229.4605,144.739,-99
7837401575,230.0602,144.1518,-99
7837438158,230.6575,143.6461,-99
7837471491,232.2758,140.8042,-99
7837504824,234.0242,139.9657,-99
7837538157,235.7782,139.8486,-99
7837571490,237.4025,140.1787,-99
7837604823,239.2842,140.9332,-99
7837638156,241.1932,141.9123,-99
7837671489,243.6571,142.2442,-99
7837704822,244.1139,142.2471,-99
7837738155,246.1304,140.5562,-99
7837771488,245.791,139.6128,-99
7837804821,247.0302,137.1385,-99
7837838154,249.435,137.1273,-99
7837871487,251.3173,135.3947,-99
7837904820,253.0809,133.0601,-99
7837938153,255.3636,133.1869,-99
7837971486,257.2756,132.6142,-99
7838004819,259.3048,131.6417,-99
7838038152,261.3061,130.5153,-99
7838071485,263.1575,129.0931,-99
7838104818,265.1308,128.5487,-99
7838138151,266.7057,127.7214,-99
7838171484,267.4792,125.9792,-99
7838204817,269.6133,125.0468,-99
7838238150,271.2649,124.9405,-99
7838271483,272.9333,123.9653,-99
7838304816,274.6826,121.6146,-99
7838338149,275.9258,121.25,-99
7838371482,276.9003,119.4286,-99
7838404815,277.0465,117.5698,-99
7838438148,276.8476,117.3262,-99
7838471481,277.2025,117.1494,-99
7838504814,277.6684,115.8132,-99
7838538147,280.5434,115.2727,-99
7838571480,281.0193,115.676,-99
7838604813,282.0064,115.7318,-99
7838638146,283.859,115.6035,-99
7838671479,285.4909,115.3022,-99
7838704812,286.903,114.9842,-99
7838738145,288.9049,114.7346,-99
7838771478,291.3705,114.1277,-99
7838804811,292.3604,113.6396,-99
7838838144,293.7189,112.7304,-99
7838871477,294.8899,111.8099,-99
7838904810,296.3978,109.8761,-99
7838938143,297.4289,108.8728,-99
7838971476,299.8249,108.297,-99
7839004809,301.4189,108.7481,-99
7839038142,303.2107,109.1501,-99
7839071475,305.4645,109.8778,-99
7839113607,310.3963,111.5421,-99
7839146940,312.8513,112.0212,-99
7839180273,314.4345,112.2562,-99
7839213606,313.9195,112.3839,-99
7839246939,314.325,111.3625,-99
7839280272,315.6247,111.7204,-99
7839313605,317.0053,112.0317,-99
7839346938,318.5,109.6222,-99
7839380271,319.4179,108.7564,-99
7839413604,320.0511,108.3095,-99
7839446937,319.8877,106.1417,-99
7839480270,318.7726,106.0904,-99
7839513603,317.9629,105.1832,-99
7839546936,317.9583,105.888,-99
7839580269,321.1102,106.8025,-99
7839613602,322.1907,107.3444,-99
7839646935,323.525,107.7066,-99
7839680268,324.7245,108.9341,-99
7839713601,325.7865,110.0673,-99
7839746934,327.0441,110.6534,-99
7839780267,327.9219,111.501,-99
7839813600,330.2398,111.6264,-99
7839846933,331.4008,112.0115,-99
7839880266,333.2424,111.9065,-99
7839913599,336.5797,112.4873,-99
7839946932,337.9314,113.3117,-99
7839980265,338.449,114.3,-99
7840013598,339.3956,116.6024,-99
7840046931,340.456,118.167,-99
7840080264,340.1338,119.493,-99
7840113597,340.3423,120.6248,-99
7840146930,340.4757,119.6113,-99
7840180263,340.2687,118.9229,-99
7840213596,340.9005,117.4621,-99
7840246929,342.7445,116.0803,-99
7840280262,343.44,114.1307,-99
7840313595,343.8093,112.7575,-99
7840346928,344.2815,112.1743,-99
7840380261,343.5794,111.9638,-99
7840413594,343.6327,111.3539,-99
7840446927,343.8202,110.9494,-99
7840480260,343.8732,110.438,-99
7840513593,343.9744,110.1054,-99
7840546926,344.4871,111.2694,-99
7840580259,344.814,110.7093,-99
7840613592,344.971,110.4076,-99
7840646925,344.7854,110.1598,-99
7840680258,344.5225,109.6959,-99
7840713591,344.8149,109.6614,-99
7840746924,345.0939,109.5673,-99
7840780257,344.5077,109.6198,-99
7840813590,344.511,110.0661,-99
7840846923,343.912,110.044,-99
7840880256,343.6777,110.4123,-99
7840913589,343.518,110.6959,-99
7840946922,343.1575,110.2466,-99
7840980255,343.3704,111.0174,-99
7841013588,343.4292,110.8956,-99
7841046921,342.7743,111.3398,-99
7841080254,342.6187,111.1511,-99
7841113587,343.1198,112.6209,-99
7841146920,344.2601,112.7863,-99
7841180253,343.3531,113.8985,-99
7841213586,344.0306,115.0747,-99
7841246919,345.3869,116.2785,-99
7841280252,346.0413,117.2639,-99
7841313585,347.5373,118.7743,-99
7841346918,348.5512,120.0484,-99
7841380251,348.9899,121.1599,-99
7841413584,350.018,122.996,-99
7841446917,351.1223,123.8843,-99
7841480250,351.7485,124.9194,-99
7841513583,352.2017,125.8807,-99
7841546916,353.1794,125.5439,-99
7841580249,354.487,125.5352,-99
7841613582,356.0941,124.9765,-99
7841646915,356.0026,123.1814,-99
7841680248,358.1205,122.5692,-99
7841713581,359.0189,122.1368,-99
7841746914,359.4159,121.0607,-99
7841780247,360.1053,121.2356,-99
7841813580,361.4824,120.8693,-99
7841846913,362.8363,120.7084,-99
7841880246,364.8962,120.967,-99
7841913579,366.3537,120.7659,-99
7841946912,369.2879,121.3013,-99
7841980245,373.139,122.0456,-99
7842013578,376.0909,122.6435,-99
7842046911,379.2636,122.3895,-99
7842080244,381.0441,122.2222,-99
7842113577,382.8079,121.516,-99
7842146910,385.8692,121.086,-99
7842180243,385.4638,120.3542,-99
7842213576,387.1573,120.1097,-99
7842246909,390.2966,120.5986,-99
7842280242,390.8185,120.9887,-99
7842313575,391.7155,121.8954,-99
7842346908,393.4069,122.0283,-99
7842380241,395.7187,122.1492,-99
7842413574,398.0252,121.8272,-99
7842452455,398.7757,121.963,-99
7842485788,401.5637,122.4082,-99
7842519121,403.0153,122.8931,-99
7842552454,403.3802,123.3382,-99
7842585787,404.7414,124.7192,-99
7842619120,405.0278,125.0815,-99
7842652453,405.1816,125.602,-99
7842685786,406.2928,126.732,-99
7842719119,407.8766,127.9753,-99
7842752452,409.6221,129.6763,-99
7842785785,411.7198,131.3759,-99
7842819118,413.2093,133.2147,-99
7842852451,414.6021,134.5645,-99
7842885784,415.9773,136.6843,-99
7842919117,417.345,138.4686,-99
7842952450,418.6827,141.1345,-99
7842985783,420.3159,143.5388,-99
7843019116,421.2941,145.1725,-99
7843052449,422.7223,148.0382,-99
7843085782,424.5643,150.0141,-99
7843119115,425.3581,150.9676,-99
7843152448,426.9051,153.3293,-99
7843185781,428.0206,153.833,-99
7843219114,429.8571,154.4306,-99
7843252447,431.6176,155.4499,-99
7843285780,432.8297,156.4589,-99
7843319113,433.5908,157.0838,-99
7843352446,435.1347,158.4061,-99
7843385779,436.4857,160.5625,-99
7843419112,436.7126,162.4858,-99
7843452445,437.2289,165.5711,-99
7843485778,438.0283,166.4764,-99
7843519111,440.2036,168.8702,-99
7843552444,443.0648,172.2611,-99
7843585777,444.1071,173.8164,-99
7843619110,445.8585,175.7472,-99
7843652443,446.9102,176.7286,-99
7843685776,448.6844,177.8252,-99
7843719109,450.3779,179.2633,-99
7843752442,452.0453,180.7598,-99
7843785775,453.2737,181.8974,-99
7843819108,454.1489,184.2282,-99
7843852441,455.1059,185.502,-99
7843885774,455.1509,185.783,-99
7843919107,454.6809,187.9749,-99
7843952440,454.0532,189.6658,-99
7843985773,453.35,190.1607,-99
7844019106,454.3568,197.3116,-99
7844052439,454.3959,200.7767,-99
7844085772,454.5104,203.2772,-99
7844121434,456.2546,204.8657,-99
7844154767,459.3517,206.3278,-99
7844188100,461.2667,207.8476,-99
7844221433,459.779,202.9789,-99
7844254766,465.6078,203.3233,-99
7844288099,465.1074,206.8593,-99
7844321432,464.2516,206.4308,-99
7844354765,465.5031,207.4182,-99
7844388098,467.5223,208.7229,-99
7844421431,468.907,209.8671,-99
7844454764,471.2727,210.6653,-99
7844488097,469.6559,214.2957,-99
7844521430,469,229.9412,-99
7844554763,468.8247,234.6289,-99
7844588096,467.9057,237.2641,-99
7844621429,466.716,233.2781,-99
7844654762,466.7747,235.0478,-99
7844688095,465.1,238.5565,-99
7844721428,468.4559,232.8382,-99
7844754761,468.5766,237.5363,-99
7844788094,467.7303,242.997,-99
7844821427,468.7623,247.7049,-99
7844854760,471.5175,251.9455,-99
7844888093,472.8344,255.2417,-99
7844921426,471.806,256.3791,-99
7844954759,472.2157,255.3642,-99
7844988092,472.6862,254.0377,-99
7845021425,472.9938,251.5723,-99
7845054758,469.8652,253.2727,-99
7845088091,471.3481,259.7377,-99
7845121424,471.9219,267.8662,-99
7845154757,468.285,270.375,-99
7845188090,469.6136,269.3227,-99
7845221423,471.3833,271.2867,-99
7845254756,472.4359,272.5604,-99
7845288089,471.1323,278.1362,-99
7845321422,471.9142,284.0821,-99
7845354755,472.4698,287.1678,-99
7845388088,472.157,287.2184,-99
7845421421,471.606,289.1576,-99
7845454754,468.7467,290.8428,-99
7845488087,465.3988,293.3804,-99
7845521420,461.5714,297.4,-99
7845554753,467.0787,293.1296,-99
7845588086,465.7696,290.7461,-99
7845621419,464.4116,293.4286,-99
7845654752,463.4152,295.7022,-99
7845688085,463.0408,296.8866,-99
7845721418,464.9164,296.3844,-99
7845754751,462.7715,300.1099,-99
7845788084,463.1477,301.3291,-99
7845821417,463.749,302.4712,-99
7845854750,464.027,303.7264,-99
7845888083,464.2884,305.4421,-99
7845921416,462.7896,303.3552,-99
7845954749,466.1801,301.3824,-99
7845988082,463.1414,302.8552,-99
7846021415,459.8401,306.0508,-99
7846054748,459.5,309.3701,-99
7846088081,456.7108,315.8127,-99
7846121414,451.8963,317.4815,-99
7846154747,452.4948,317.7163,-99
7846188080,454.4824,317.7265,-99
7846221413,454.6484,319.5821,-99
7846254746,454.9254,321.2514,-99
7846288079,453.7793,322.5184,-99
7846321412,453.5508,323.2578,-99
7846354745,454.572,323.8813,-99
7846388078,457.5488,325.942,-99
7846421411,459.1111,326.5812,-99
7846454744,460.7494,327.4271,-99
7846488077,461.2887,328.4691,-99
7846521410,462.4801,329.053,-99
7846554743,464.437,328.0987,-99
7846588076,466.5172,327.9391,-99
7846621409,468.1765,328.1176,-99
7846654742,468.8427,329.1491,-99
7846688075,469.706,330.7619,-99
7846721408,471.7187,330.2225,-99
7846754741,472.7949,330.0077,-99
7846788074,472.0425,330.1775,-99
7846821407,471.0739,329.4049,-99
7846854740,472.0647,330.3,-99
7846888073,471.6685,331.116,-99
7846921406,472.1304,331.9437,-99
7846954739,471.6418,333.3756,-99
7846988072,471.0881,333.7979,-99
7847021405,470.687,333.3766,-99
7847054738,469.7124,333.3964,-99
7847088071,468.302,333.4473,-99
7847121404,469.9021,332.4709,-99
7847154737,468.1585,332.3743,-99
7847188070,467.5641,333.3704,-99
7847221403,467.6047,332.5157,-99
7847254736,467.7912,332.9042,-99
7847288069,464.8065,331.8915,-99
7847321402,462.9969,332.2675,-99
7847354735,460.9908,332.3611,-99
7847388068,458.7221,332.7507,-99
7847421401,457.4161,332.471,-99
7847454500,455.7722,334.3417,-99
7847487833,454.4598,335.1834,-99
7847521166,451.7963,334.463,-99
7847554499,450.536,334.1092,-99
7847587832,450.514,333.8436,-99
7847621165,453.0472,333.1888,-99
7847654498,453.0539,333.3024,-99
7847687831,448.9925,335.0625,-99
7847721164,446.9677,336.2055,-99
7847754497,444.9355,337.4532,-99
7847787830,444.0021,337.9252,-99
7847821163,443.4977,338.6916,-99
7847854496,445.4741,338.8161,-99
7847887829,444.2792,340.6895,-99
7847921162,445.1105,341.9377,-99
7847954495,445.4412,343.2177,-99
7847987828,446.0457,344.2457,-99
7848021161,446.2762,345.061,-99
7848054494,446.2741,347.4518,-99
7848087827,446.6684,348.7841,-99
7848121160,445.3064,351.6299,-99
7848154493,442.9384,353.3768,-99
7848187826,441.4344,354.5012,-99
7848221159,441.0732,356.205,-99
7848254492,437.8066,355.7946,-99
7848287825,438.4568,356.7459,-99
7848321158,440.1284,359.9008,-99
7848354491,440.1468,362.0489,-99
7848387824,439.8078,364.0893,-99
7848421157,441.1027,365.2132,-99
7848454490,440.1764,367.583,-99
7848487823,439.0677,370.5056,-99
7848521156,438.2668,373.1606,-99
7848554489,438.0902,373.9897,-99
7848587822,438.0824,371.1761,-99
7848621155,432.2782,371.5602,-99
7848654488,431.5794,371.4392,-99
7848687821,430.9248,370.8691,-99
7848721154,430.3861,372.1175,-99
7848754487,428.2727,373.8004,-99
7848787820,425.4698,370.0872,-99
7848821153,421.8123,370.6958,-99
7848854486,419.6305,370.4203,-99
7848887819,418.1414,370.2862,-99
7848921152,416.493,369.8601,-99
7848954485,412.8108,373.554,-99
7848987818,414.547,375.5084,-99
7849021151,413.807,375.9088,-99
7849054484,414.0479,381.0732,-99
7849087817,413.2482,380.9928,-99
7849121150,413.0493,381.0517,-99
7849154483,412.8512,382.6529,-99
7849187816,408.4465,383.6,-99
7849221149,406.4393,383.0289,-99
7849254482,406.6812,383.0917,-99
7849287815,405.8371,382.7556,-99
7849321148,403.0555,382.782,-99
7849354481,403.0047,383.1868,-99
7849387814,401.1034,383.4202,-99
7849421147,401.3303,384.3372,-99
7849454480,399.7571,386.2594,-99
7849487813,399.5976,388.3238,-99
7849521146,399.7217,389.8424,-99
7849554479,399.2522,392.7188,-99
7849587812,399.2477,394.3201,-99
7849621145,398.1881,397.2723,-99
7849654478,393.9041,397.0978,-99
7849687811,392.1595,396.8292,-99
7849721144,390.7202,394.1873,-99
7849754477,387.868,394.5857,-99
7849787810,386.6218,394.7355,-99
7849821143,384.8565,395.4051,-99
7849854476,381.5208,396.166,-99
7849887809,378.0167,397.8308,-99
7849921142,374.6203,399.8351,-99
7849954475,371.5957,400.4023,-99
7849987808,369.7815,402.6555,-99
7850021141,367.7032,404.0558,-99
7850054474,366.998,404.9819,-99
7850087807,366.0341,405.032,-99
7850121140,362.8019,404.649,-99
7850154473,359.9052,403.1296,-99
7850187806,356.9639,402.6192,-99
7850221139,354.5484,402.6387,-99
7850254472,350.7549,400.9844,-99
7850287805,348.0718,400.0227,-99
7850321138,345.2046,399.455,-99
7850354471,342.8757,399.6048,-99
7850387804,340.6982,400.7456,-99
7850421137,339.8996,401.6763,-99
7850454470,337.8796,402.6258,-99
7850487803,336.6531,403.0363,-99
7850521136,335.1143,404.7354,-99
7850554469,333.9669,405.8018,-99
7850587802,332.5398,406.2013,-99
7850621135,328.2852,405.7292,-99
7850654468,326.5735,405.5115,-99
7850687801,323.8427,404.9915,-99
7850721134,321.4687,404.6617,-99
7850754467,320.0973,405.5468,-99
7850786878,317.5578,405.6187,-99
7850820211,314.2252,404.3387,-99
7850853544,312.9153,403.2787,-99
7850886877,309.9159,403.4895,-99
7850920210,306.4411,402.9,-99
7850953543,304.9156,404.2811,-99
7850986876,302.4211,405.0506,-99
7851020209,299.2495,405.2711,-99
7851053542,297.185,404.896,-99
7851086875,293.8267,403.9477,-99
7851120208,292.1881,403.27,-99
7851153541,289.485,402.3352,-99
7851186874,288.182,399.818,-99
7851220207,286.3145,398.9336,-99
7851253540,283.951,397.3371,-99
7851286873,283.5726,397.7016,-99
7851320206,283.1835,399.4587,-99
7851353539,280.8764,400.3478,-99
7851386872,279.7675,401.3947,-99
7851420205,278.2387,403.4392,-99
7851453538,277.0583,404.63,-99
7851486871,272.9404,403.6201,-99
7851520204,270.6126,402.8865,-99
7851553537,267.4826,400.6302,-99
7851586870,265.7554,398.2912,-99
7851620203,264.6357,396.3012,-99
7851653536,263.3788,393.9731,-99
7851686869,263.204,392.1857,-99
7851720202,262.714,393.3721,-99
7851753535,260.7611,392.3091,-99
7851786868,258.5446,391.9084,-99
7851820201,255.6107,392.1865,-99
7851853534,252.4655,392.0958,-99
7851886867,249.7894,391.1004,-99
7851920200,248.6536,389.0987,-99
7851953533,247.6047,388.0593,-99
7851986866,246.4503,385.955,-99
7852020199,245.7592,383.5992,-99
7852053532,246.3789,382.8084,-99
7852086865,246.1654,382.4839,-99
7852120198,245.5049,381.8861,-99
7852153531,245.7297,381.6314,-99
7852186864,244.2051,383.0117,-99
7852220197,242.6189,385.3606,-99
7852253530,241.3287,386.662,-99
7852286863,241.2072,388.2199,-99
7852320196,240.7682,387.7891,-99
7852353529,240.8316,388.5867,-99
7852386862,240.2704,388.8342,-99
7852420195,239.3864,389.0375,-99
7852462326,238.6223,390.5569,-99
7852495659,238.4369,392.3055,-99
7852528992,236.4729,393.6652,-99
7852562325,235.0438,392.4324,-99
7852595658,233.4562,391.8864,-99
7852628991,232.0276,391.2517,-99
7852662324,231.2173,390.4231,-99
7852695657,231.6774,386.666,-99
7852728990,231.3741,381.7168,-99
7852762323,232.0984,379.4151,-99
7852795656,233.7854,378.4713,-99
7852828989,233.5442,376.9954,-99
7852862322,234.432,375.1026,-99
7852895655,233.2428,374.2813,-99
7852928988,231.2813,374.1678,-99
7852962321,229.8425,374.5251,-99
7852995654,228.1256,375.2462,-99
7853028987,227.6208,374.6772,-99
7853062320,227.0967,373.6439,-99
7853095653,226.4853,372.7901,-99
7853128986,226.5337,371.0751,-99
7853162319,225.7042,367.9514,-99
7853195652,225.5551,366.4117,-99
7853228985,226.0467,367.1057,-99
7853262318,224.8938,366.7161,-99
7853295651,222.7354,366.2791,-99
7853328984,221.7045,365.0295,-99
7853362317,218.2959,364.389,-99
7853395650,215.9439,364.2321,-99
7853428983,213.7867,362.7109,-99
7853462316,213.6116,361.4791,-99
7853495649,211.9179,359.8557,-99
7853528982,212.2513,358.7897,-99
7853562315,213.0368,356.4717,-99
7853595648,212.6897,355.4907,-99
7853628981,213.5485,354.8469,-99
7853662314,213.9357,355.1984,-99
7853695647,212.9183,356.0074,-99
7853728980,211.7284,356.9036,-99
7853762313,210.293,358.0565,-99
7853795646,208.4559,358.6549,-99
7853828979,208.2957,359.3684,-99
7853862312,206.9564,359.1385,-99
7853895645,205.8537,360.1487,-99
7853928978,204.5381,361.516,-99
7853962311,204.2914,362.3062,-99
7853995644,201.8105,364.1823,-99
7854028977,200.6359,365.7157,-99
7854062310,199.0379,367.1161,-99
7854095643,197.7879,369.0361,-99
7854128976,195.8136,368.6335,-99
7854162309,194.9657,368.2628,-99
7854195642,194.4186,368.5853,-99
7854228975,195.1654,369.5901,-99
7854262308,197.2411,372.8814,-99
7854295641,198.4312,376.0497,-99
7854328974,198.6272,378.9263,-99
7854362307,199.197,381.6862,-99
7854395640,197.5975,384.4507,-99
7854428973,198.7495,387.2587,-99
7854462306,198.6524,389.2918,-99
7854495639,198.5329,392.0679,-99
7854528972,196.7791,393.376,-99
7854562305,195.6119,394.7593,-99
7854595638,194.7861,397.1522,-99
7854628971,196.138,399.3167,-99
7854662304,195.9275,400.5406,-99
7854695637,194.687,400.0518,-99
7854728970,192.2316,400.8644,-99
7854762303,191.2613,401.7874,-99
7854795636,191.3812,402.3131,-99
7854828969,192.8225,401.4238,-99
7854862302,193.2105,401.2996,-99
7854895635,192.4417,401.2371,-99
7854928968,190.5832,400.7383,-99
7854962301,190.7774,400.2505,-99
7854995634,192.8242,399.5868,-99
7855028967,194.3269,398.3692,-99
7855062300,196.7455,399.5394,-99
7855095633,195.7792,399.2357,-99
7855128966,194.2701,396.7876,-99
7855162299,195.2407,395.09,-99
7855195632,197.5011,394.6613,-99
7855228965,197.2332,393.4286,-99
7855262298,197.9587,392.7128,-99
7855295631,198.0337,392.7368,-99
7855328964,198.0544,392.7929,-99
7855362297,198.1534,392.895,-99
7855395630,198.162,393.2708,-99
7855428963,198.2156,393.2748,-99
7855462296,198.0729,393.05,-99
7855495629,198.0979,392.7313,-99
7855528962,197.2177,392.3307,-99
7855562295,197.3606,392.1971,-99
7855595628,196.9448,392.1411,-99
7855628961,196.7134,391.8923,-99
7855662294,196.5976,392.2616,-99
7855695627,197.2571,392.0101,-99
7855728960,196.8891,392.4173,-99
7855762293,197.0992,392.3988,-99
7855791454,196.6503,392.8814,-99
7855824787,197.556,392.3458,-99
7855858120,197.1568,392.6517,-99
7855891453,197.8297,392.0396,-99
7855924786,196.8592,392.3541,-99
7855958119,197.6759,391.753,-99
7855991452,196.8574,392.2417,-99
7856024785,197.8374,391.6301,-99
7856058118,198.0043,392.1926,-99
7856091451,197.841,391.8018,-99
7856124784,197.322,392.161,-99
7856158117,196.039,392.0862,-99
7856191450,196.9469,392.9533,-99
7856224783,197.009,393.2828,-99
7856258116,196.6859,393.2393,-99
7856291449,197.1149,393.3153,-99
7856324782,196.7672,393.0539,-99
7856358115,196.7808,393.0251,-99
7856391448,196.5942,392.5507,-99
7856424781,195.7929,391.9393,-99
7856458114,195.6971,391.3905,-99
7856491447,195.6431,391.5927,-99
7856524780,197.6891,391.5587,-99
7856558113,197.7451,391.7711,-99
7856591446,198.1121,392.1429,-99
7856624779,197.8998,391.4826,-99
7856658112,198.3528,391.4286,-99
7856691445,195.5489,389.0453,-99
7856724778,195.5609,387.157,-99
7856758111,194.8767,383.3617,-99
7856791444,195.2412,378.7125,-99
7856824777,194.6495,374.5747,-99
7856858110,195.6838,370.5086,-99
7856891443,196.2392,363.9379,-99
7856924776,198.7404,357.342,-99
7856958109,200.8526,352.1773,-99
7856991442,203.056,350.3642,-99
7857024775,203.8522,348.1863,-99
7857058108,205.1893,347.6667,-99
7857091441,204.791,348.0594,-99
7857124774,205.0802,347.9115,-99
7857158107,205.3275,349.1429,-99
7857191440,205.7554,348.7039,-99
7857224773,206.1598,349.0994,-99
7857258106,207.3695,348.6973,-99
7857291439,209.1109,349.0162,-99
7857324772,210.3532,350.7714,-99
7857358105,212.6266,348.4856,-99
7857391438,213.733,346.4937,-99
7857424771,213.9523,346.4598,-99
7857457182,213.3333,344.5794,-99
7857490515,212.4578,342.6651,-99
7857523848,210.8753,343,-99
7857557181,208.1405,343.6324,-99
7857590514,204.5541,343.3034,-99
7857623847,201.4377,341.5159,-99
7857657180,198.7132,340.77,-99
7857690513,197.6855,339.915,-99
7857723846,196.9015,337.1921,-99
7857757179,196.1281,336.206,-99
7857790512,196.0538,332.0989,-99
7857823845,195.5123,331.5864,-99
7857857178,195.1991,330.8658,-99
7857890511,195.388,329.4108,-99
7857923844,194.7672,329.6176,-99
7857957177,193.4498,330.0678,-99
7857990510,192.3641,328.9923,-99
7858023843,190.992,327.2708,-99
7858057176,190.6692,325.5959,-99
7858090509,189.9715,324.627,-99
7858123842,189.8329,322.9761,-99
7858157175,191.0588,318.9706,-99
7858190508,192.9581,316.9224,-99
7858223841,192.8443,317.4672,-99
7858257174,193.6747,316.2169,-99
7858290507,194.0526,315.1994,-99
7858323840,193.9119,315.0104,-99
7858357173,192.5854,314.4195,-99
7858390506,190.0844,314.0102,-99
7858423839,188.1231,313.7667,-99
7858457172,185.8845,314.2388,-99
7858490505,183.4212,312.6615,-99
7858523838,182.4635,310.9349,-99
7858557171,181.4363,310.3922,-99
7858590504,179.8476,307.6842,-99
7858623837,181,304.9123,-99
7858657170,181.1712,301.8927,-99
7858690503,181.2787,300.2684,-99
7858723836,181.9105,298.2642,-99
7858757169,180.7467,296.78,-99
7858790502,180.3301,297.8422,-99
7858823835,178.7082,295.8159,-99
7858857168,176.47,294.1566,-99
7858890501,175.4423,293.1126,-99
7858923834,174.6079,291.6018,-99
7858957167,174.6098,291.1344,-99
7858990500,173.2961,290.5428,-99
7859023833,175.1889,290.2333,-99
7859057166,174.2571,287.8588,-99
7859090499,175.8807,287.3381,-99
7859131021,175.9945,286.4588,-99
7859164354,177.3307,284.9173,-99
7859197687,177.3419,283.6439,-99
7859231020,177.6704,283.0332,-99
7859264353,177.0125,282.37,-99
7859297686,178.1636,280.2494,-99
7859331019,177.0027,278.926,-99
7859364352,177.216,277.4027,-99
7859397685,175.8406,275.0724,-99
7859431018,176.5755,274.4557,-99
7859464351,176.2638,272.7275,-99
7859497684,174.8395,270.7526,-99
7859531017,173.951,269.933,-99
7859564350,173.34,270.375,-99
7859597683,171.9413,270.5485,-99
7859631016,170.2513,269.8957,-99
7859664349,169.8216,269.1725,-99
7859697682,168.2434,267.7068,-99
7859731015,168.886,267.329,-99
7859764348,168.3929,266.0791,-99
7859797681,167.7179,263.3212,-99
7859831014,168.3316,263.0933,-99
7859864347,170.1979,261.7888,-99
7859897680,169.3177,259.3867,-99
7859931013,169.8291,259.1148,-99
7859964346,171.0175,259.5585,-99
7859997679,170,258.7018,-99
7860031012,171.0023,255.8409,-99
7860064345,172.0491,254.8594,-99
7860097678,172.7263,253.8918,-99
7860131011,173.5069,252.9954,-99
7860164344,173.9908,252.9632,-99
7860197677,173.5862,252.9284,-99
7860231010,174.3971,251.2029,-99
7860264343,174.587,249.4294,-99
7860297676,175.3103,249.0716,-99
7860331009,174.1971,248.3412,-99
7860364342,173.9825,246.9009,-99
7860397675,173.0132,245.7593,-99
7860431008,172.7132,245.3616,-99
7860464341,171.9048,243.6399,-99
7860497674,172.168,243.1488,-99
7860531007,171.4447,242.0691,-99
7860564340,171.8859,241.7527,-99
7860597673,171.9006,241.6133,-99
7860631006,173.1111,241.2222,-99
7860664339,173.6497,241.123,-99
7860697672,172.7161,239.4807,-99
7860731005,173.9167,238.0134,-99
7860764338,173.4829,237.3228,-99
7860797671,173.5396,235.6921,-99
7860831004,175.03,233.63,-99
7860864337,174.5921,232.5237,-99
7860897670,175.5664,230.3252,-99
7860931003,177.2084,229.5211,-99
7860964336,178.9215,229.3037,-99
7860997669,178.9835,227.6501,-99
7861031002,179.24,225.3743,-99
7861064335,181.9051,225.4538,-99
7861097668,182.5175,224.9623,-99
7861131001,181.8947,222.0146,-99
7861164334,183.6081,221.4432,-99
7861197667,184.2813,219.4141,-99
7861231000,183.9472,216.7944,-99
7861264333,184.7673,215.6682,-99
7861297666,183.5704,213.8522,-99
7861330999,182.0668,212.0535,-99
7861364332,181.6195,212.6375,-99
7861397665,179.8159,213.0639,-99
7861430998,178.0602,212.9005,-99
7861464331,177.4588,212.9562,-99
7861497664,176.6432,213.4948,-99
7861530997,175.8895,212.4842,-99
7861564330,176.8266,208.2085,-99
7861597663,180.1723,207.7542,-99
7861630996,181.0118,204.2063,-99
7861664329,183.1157,203.9907,-99
7861697662,185.5,202.868,-99
7861730995,185.2854,200.3584,-99
7861764328,186.0588,201.1979,-99
7861797661,187.1504,197.2006,-99
7861830994,187.6982,196.7189,-99
7861864327,188.804,194.4472,-99
7861897660,188.8517,193.3488,-99
7861930993,189.2608,191.3952,-99
7861964326,190.0339,191.2188,-99
7861997659,189.376,189.4512,-99
7862030992,190.0704,188.1181,-99
7862064325,191.1809,186.5653,-99
7862097658,192.3994,185.5315,-99
7862130991,192.2667,185.3528,-99
7862164324,193.0221,184.7873,-99
7862197657,194.2017,183.7928,-99
7862230990,196.9528,182.3112,-99
7862264323,197.6985,180.8829,-99
7862297656,198.4292,180.8196,-99
7862330989,198.3761,180.2252,-99
7862364322,198.8112,178.7663,-99
7862397655,198.0293,178.3108,-99
7862430988,198.3034,177.9657,-99
7862463399,199.1345,175.2767,-99
7862496732,200.0757,174.6241,-99
7862530065,201.7865,174.0135,-99
7862563398,201.9017,173.0253,-99
7862596731,202.1092,170.34,-99
7862630064,202.3188,169.9614,-99
7862663397,201.7933,169.292,-99
7862696730,202.86,167.8753,-99
7862730063,202.4323,166.4167,-99
7862763396,202.5583,166.4306,-99
7862796729,202.4987,165.5831,-99
7862830062,202.9357,164.9893,-99
7862863395,202.6911,163.4607,-99
7862896728,205.4298,162.1425,-99
7862930061,205.8512,161.7252,-99
7862963394,206.356,161.7538,-99
7862996727,205.5805,161.3983,-99
7863030060,205.9568,160.2114,-99
7863063393,207.1022,159.2043,-99
7863096726,206.706,157.6853,-99
7863130059,207.7706,157.7035,-99
7863163392,208.6804,157.3353,-99
7863196725,210.0942,156.6308,-99
7863230058,210.9743,156.7767,-99
7863263391,211.5389,157.072,-99
7863296724,212.7088,157.0522,-99
7863330057,214.4193,156.9764,-99
7863363390,215.6094,157.1395,-99
7863396723,216.7278,156.8969,-99
7863430056,216.1508,158.7839,-99
7863463389,217.933,160.4768,-99
7863496722,219.0967,160.3002,-99
7863530055,219.8154,160.2518,-99
7863563388,220.2835,158.3714,-99
7863596721,218.9599,157.8326,-99
7863630054,216.47,157.5444,-99
7863663387,214.3045,157.9356,-99
7863696720,212.1547,156.1432,-99
7863730053,209.3061,154.7007,-99
7863763386,206.9684,154.395,-99
7863796719,204.9353,154.7344,-99
7863830052,202.8923,154.9204,-99
7863863385,200.9725,154.789,-99
7863896718,199.2368,155.4402,-99
7863930051,197.263,155.391,-99
7863963384,194.8636,154.9139,-99
7863996717,192.1005,154.4021,-99
7864030050,189.1906,154.5822,-99
7864063383,185.3823,154.643,-99
7864096716,182.0023,155.1215,-99
7864138848,178.2546,155.8991,-99
7864172181,174.2612,157.0918,-99
7864205514,170.3304,158.3638,-99
7864238847,166.7329,160.4373,-99
7864272180,164.2071,162.7929,-99
7864305513,160.9059,164.1323,-99
7864338846,158.2955,165.5227,-99
7864372179,155.0024,166.1755,-99
7864405512,153.704,167.3781,-99
7864438845,150.6959,168.2068,-99
7864472178,149.2281,168.8762,-99
7864505511,148.5037,169.9402,-99
7864538844,147.5288,169.9198,-99
7864572177,147.5352,170.7161,-99
7864605510,147.2827,171.1283,-99
7864638843,148.017,171.801,-99
7864672176,148.1889,171.5884,-99
7864705509,148.4697,171.3002,-99
7864738842,149.7679,170.9593,-99
7864772175,150.3844,169.9057,-99
7864805508,152.4839,169.5261,-99
7864838841,153.9822,169.4695,-99
7864872174,154.8009,167.9906,-99
7864905507,156.8129,167.441,-99
7864938840,158.2968,166.0695,-99
7864972173,160.1934,165.6646,-99
7865005506,161.77,165.4476,-99
7865038839,163.1745,165.3851,-99
7865072172,164.2985,164.9702,-99
7865105505,165.8369,165.5863,-99
7865138838,168.5612,165.8218,-99
7865172171,170.9656,165.054,-99
7865205504,175.2152,165.6982,-99
7865238837,180.9865,163.7578,-99
7865272170,187.1779,163.3885,-99
7865305503,193.6876,163.2417,-99
7865338836,200.0204,164.7027,-99
7865372169,204.8286,166.3297,-99
7865405502,209.6427,167.6777,-99
7865438835,211.511,170.0049,-99
7865472168,212.1737,170.3395,-99
7865505501,213.326,170.337,-99
7865538834,214.0807,169.1172,-99
7865572167,213.9919,168.4103,-99
7865605500,213.9724,165.9599,-99
7865638833,214.4608,166.3367,-99
7865672166,215.862,165.7167,-99
7865705499,218.1111,164.9394,-99
7865738832,220.5464,162.4887,-99
7865772165,221.9124,161.8757,-99
7865805498,223.3221,161.5844,-99
7865838831,223.5223,160.0363,-99
7865872164,222.5862,158.2539,-99
7865905497,220.7623,156.9536,-99
7865938830,218.4339,155.7385,-99
7865972163,217.3048,155.0277,-99
7866005496,215.9911,152.821,-99
7866038829,215.2527,152.4368,-99
7866072162,215.2552,152.1905,-99
7866105495,214.5548,154.6868,-99
7866138828,215.4156,156.8704,-99
7866172161,216.8296,159.3008,-99
7866205494,219.5657,161.3286,-99
7866238827,221.4115,163.2871,-99
7866272160,223.3819,165.0795,-99
7866305493,225.6568,166.16,-99
7866338826,228.1944,166.97,-99
7866372159,227.5812,167.8483,-99
7866405492,227.6456,167.587,-99
7866438825,228.8651,167.6944,-99
7866472158,227.872,167.3167,-99
7866505491,227.1626,166.5345,-99
7866538824,227.7488,165.6982,-99
7866572157,229.3325,165.1116,-99
7866605490,230.0049,165.699,-99
7866638823,232.1503,164.0222,-99
7866672156,233.7685,161.2719,-99
7866705489,235.1225,159.6575,-99
7866738822,236.1985,156.7764,-99
7866772155,238.9571,152.3941,-99
7866805488,239.4135,148.3709,-99
7866838821,241.8294,145.258,-99
7866872154,242.8574,140.8289,-99
7866905487,242.9289,138.8243,-99
7866938820,243.4608,135.5483,-99
7866972153,243.2911,134.6352,-99
7867005486,242.4326,133.6522,-99
7867038819,241.2209,132.9929,-99
7867072152,241.7462,131.7424,-99
7867105485,242.5143,131.9057,-99
7867138818,242.2885,131.1462,-99
7867172151,244.0097,131.2476,-99
7867205484,244.4873,131.097,-99
7867238817,246.0137,131.2164,-99
7867272150,247.5528,131.8067,-99
7867305483,250.3326,132.448,-99
7867338816,252.718,132.908,-99
7867372149,255.6364,132.5027,-99
7867405482,257.3568,132.8577,-99
7867438815,257.1336,132.392,-99
7867473523,258.6667,130.7214,-99
7867506856,260.6934,129.2652,-99
7867540189,261.5901,129.0749,-99
7867573522,263.9784,127.3693,-99
7867606855,265.4063,125.5848,-99
7867640188,269.528,124.7039,-99
7867673521,272.9124,123.6673,-99
7867706854,273.71,122.944,-99
7867740187,277.623,121.354,-99
7867773520,278.2543,120.1581,-99
7867806853,279.0027,118.9894,-99
7867840186,281.8454,117.4663,-99
7867873519,284.2245,117.3943,-99
7867906852,286.2171,115.9171,-99
7867940185,287.3905,112.971,-99
7867973518,287.5393,113.0449,-99
7868006851,287.9751,109.8366,-99
7868040184,289.0359,109.0426,-99
7868073517,291.5841,107.0832,-99
7868106850,292.9109,107.0174,-99
7868140183,294.3455,106.2309,-99
7868173516,296.3475,106.5933,-99
7868206849,298.0944,107.6526,-99
7868240182,300.1125,108.7711,-99
7868273515,304.2352,109.1185,-99
7868306848,306.9498,109.9591,-99
7868340181,309.0088,109.8923,-99
7868373514,312.5733,109.8,-99
7868406847,312.5747,109.5291,-99
7868440180,314.9625,109.7426,-99
7868473513,316.5211,109.6763,-99
7868506846,319.8765,110.7855,-99
7868540179,323.3354,111.6115,-99
7868573512,324.7721,113.3142,-99
7868606845,327.1191,114.1684,-99
7868640178,328.388,115.4846,-99
7868673511,330.7426,115.9148,-99
7868706844,332.4739,117.5201,-99
7868740177,334.3582,117.9168,-99
7868773510,336.8533,117.7246,-99
7868806843,338.7184,118.3429,-99
7868840176,341.6266,117.6726,-99
7868873509,344.5943,117.7135,-99
7868906842,346.7289,117.8981,-99
7868940175,347.6646,117.2229,-99
7868973508,350.6114,117.1694,-99
7869006841,352.4262,117.1566,-99
7869040174,354.0686,117.4216,-99
7869073507,356.0041,117.7419,-99
7869106840,358.6402,118.2081,-99
7869146675,360.5858,119.948,-99
7869180008,362.6099,120.8918,-99
7869213341,365.1034,121.4938,-99
7869246674,368.4202,122.3276,-99
7869280007,370.1476,121.9764,-99
7869313340,373.2389,122.1883,-99
7869346673,375.9826,123.27,-99
7869380006,377.35,123.8673,-99
7869413339,379.0619,125.0525,-99
7869446672,379.9277,125.5215,-99
7869480005,381.239,127.0115,-99
7869513338,382.6339,128.4759,-99
7869546671,382.6759,129.8597,-99
7869580004,383.8601,130.7975,-99
7869613337,384.4039,131.5204,-99
7869646670,385.8096,132.4208,-99
7869680003,387.7809,133.8438,-99
7869713336,388.3031,133.7819,-99
7869746669,390.0725,133.7366,-99
7869780002,391.2452,134.388,-99
7869813335,392.002,134.491,-99
7869846668,393.6483,135.6135,-99
7869880001,395.9697,136.0101,-99
7869913334,397.3701,135.8254,-99
7869946667,398.6373,136.8657,-99
7869980000,400.7706,138.7688,-99
7870013333,402.144,140.3166,-99
7870046666,400.6848,141.6261,-99
7870079999,401.688,143.1007,-99
7870113332,404.3044,144.813,-99
7870146665,406.3875,145.5803,-99
7870179998,408.9047,146.5253,-99
7870213331,411.4499,146.4764,-99
7870246664,414.4756,145.6589,-99
7870279997,417.1886,145.7276,-99
7870313330,419.4181,146.3972,-99
7870346663,422.2961,147.1773,-99
7870379996,422.2358,148.0437,-99
7870413329,423.4588,149.8494,-99
7870446662,425.637,151.5363,-99
7870479995,426.6866,153.424,-99
7870513328,429.3127,154.5155,-99
7870546661,432.5208,156.9623,-99
7870579994,433.9943,157.9489,-99
7870613327,435.9664,158.836,-99
7870646660,437.2639,160.0746,-99
7870679993,439.6706,161.4221,-99
7870713326,441.4405,164.0186,-99
7870746659,441.5612,165.5316,-99
7870779992,441.8411,168.577,-99
7870813325,442.8894,170.0319,-99
7870846658,443.8723,173.6217,-99
7870879991,445.792,175.5168,-99
7870913324,446.5224,176.8396,-99
7870946657,447.2455,178.2032,-99
7870979990,447.9803,179.1183,-99
7871013323,449.9143,179.2876,-99
7871046656,449.6645,179.5188,-99
7871079989,450.8055,181.3965,-99
7871113322,452.287,183.1906,-99
7871146655,452.384,183.2784,-99
7871179988,453.2516,181.6993,-99
7871213321,455.2357,182.5095,-99
7871246654,455.6283,188.5757,-99
7871279987,455.9109,192.5374,-99
7871313320,454.7409,196.2798,-99
7871346653,457.5221,198.1746,-99
7871379986,458.9261,200.3752,-99
7871413319,459.9002,201.4615,-99
7871446652,461.7267,203.0559,-99
7871479985,463.5416,204.7057,-99
7871513318,465.3326,205.9112,-99
7871546651,466.9228,207.9833,-99
7871579984,467.501,210.8232,-99
7871613317,467.9154,213.2904,-99
7871646650,468.1956,213.6821,-99
7871679983,467.7442,214.9767,-99
7871713316,468.8509,218.3478,-99
7871746649,468.2381,221.0254,-99
7871779982,468.5625,226.6563,-99
7871813315,469.5056,230.1264,-99
7871846648,469.5406,231.7099,-99
7871879981,470.0739,232.4908,-99
7871913314,470.3145,232.8552,-99
7871946647,469.7434,233.1905,-99
7871979980,470.5793,236.2015,-99
7872013313,471.1026,237.2718,-99
7872046646,471.5871,239.2649,-99
7872079979,472.3984,240.5515,-99
7872113312,472.0959,242.3238,-99
7872146645,473.2816,244.1395,-99
7872179978,473.6949,245.4077,-99
7872213311,474.1636,246.4512,-99
7872246644,474.8333,249.1425,-99
7872279977,475.4082,249.9589,-99
7872313310,475.2233,251.7467,-99
7872346643,475.6149,254.3403,-99
7872379976,474.9317,257.4536,-99
7872413309,476.6216,261.2368,-99
7872446642,477.7692,264.3346,-99
7872474193,477.4867,266.64,-99
7872507526,475.4682,266.7023,-99
7872540859,477.4677,268.4212,-99
7872574192,476.4119,272.1974,-99
7872607525,475.9329,273.8896,-99
7872640858,475.3055,275.8483,-99
7872674191,475.7046,277.124,-99
7872707524,475.3583,277.7896,-99
7872740857,475.9283,278.557,-99
7872774190,476.5161,279.5743,-99
7872807523,474.8418,279.882,-99
7872840856,474.899,281.6768,-99
7872874189,474.9815,282.8364,-99
7872907522,475.5912,283.0746,-99
7872940855,475.8595,283.6809,-99
7872974188,476.1113,284.7915,-99
7873007521,475.2259,285.9529,-99
7873040854,474.7677,286.0687,-99
7873074187,473.4677,286.1526,-99
7873107520,473.8562,286.2178,-99
7873140853,474.1155,286.2248,-99
7873174186,475.2761,287.5685,-99
7873207519,477.7016,285.0565,-99
7873240852,479.1118,284.7822,-99
7873274185,480.9294,284.7203,-99
7873307518,482.3557,284.5627,-99
7873340851,483.4641,283.0249,-99
7873374184,486.0297,282.2803,-99
7873407517,490.3963,279.6829,-99
7873574182,476.4167,292.5972,-99
7873607515,480.521,284.1437,-99
7873640848,474.1097,292.4594,-99
7873674181,472.7739,289.7186,-99
7873707514,468.517,291.1481,-99
7873740847,464.745,290.4275,-99
7873774180,460.5322,290.852,-99
7873807513,457.3386,292.9439,-99
7873840846,454.5959,295.1192,-99
7873874179,451.9557,296.9254,-99
7873907512,448.483,299.576,-99
7873940845,446.5816,301.4456,-99
7873974178,451.4576,304.8708,-99
7874007511,450.2547,306.2329,-99
7874040844,448.1967,306.2798,-99
7874074177,447.7084,307.9019,-99
7874107510,446.7389,308.9269,-99
7874142218,446.1905,310.6642,-99
7874175551,446.582,313.619,-99
7874208884,445.8757,315.5952,-99
7874242217,447.3802,318.1068,-99
7874275550,449.4752,321.5497,-99
7874308883,447.927,325.7397,-99
7874342216,448.9488,327.2803,-99
7874375549,445.4197,329.2426,-99
7874408882,447.6546,332.632,-99
7874442215,448.1308,334.6731,-99
7874475548,447.7841,338.1228,-99
7874508881,447.6986,340.6517,-99
7874542214,446.1946,341.7611,-99
7874575547,446.7053,343.7053,-99
7874608880,446.371,346.543,-99
7874642213,447.634,350.008,-99
7874675546,449.1602,352.4077,-99
7874708879,449.481,354.4229,-99
7874742212,450.4647,355.6808,-99
7874775545,450.9253,356.5021,-99
7874808878,450.2549,358.257,-99
7874842211,448.6918,358.7717,-99
7874875544,446.7154,359.5898,-99
7874908877,444.4163,361.2463,-99
7874942210,442.4936,362.5678,-99
7874975543,439.8803,363.8629,-99
7875008876,436.4731,365.5735,-99
7875042209,433.8059,366.9656,-99
7875075542,430.6061,368.533,-99
7875108875,427.6911,371.2111,-99
7875142208,424.6427,375.3713,-99
7875175541,421.7054,377.56,-99
7875208874,419.671,378.5874,-99
7875242207,416.2366,377.8676,-99
7875275540,415.8034,381.666,-99
7875308873,413.7884,382.0457,-99
7875342206,409.998,382.5922,-99
7875375539,409.2466,383.7995,-99
7875408872,408.675,382.2325,-99
7875442205,408.4655,385.0891,-99
7875475538,407.3687,383.6287,-99
7875508871,407.0128,384.2333,-99
7875542204,407.7453,384.6368,-99
7875575537,409.1959,387.944,-99
7875608870,408.9075,391.3326,-99
7875642203,409.7413,394.3383,-99
7875675536,405.2488,396.512,-99
7875708869,402.1809,394.3619,-99
7875742202,400.7286,393.708,-99
7875775535,401.0146,395.3406,-99
7875815338,398.6552,396.1231,-99
7875848671,396.3913,397.1991,-99
7875882004,394.9332,398.5189,-99
7875915337,392.5764,401.628,-99
7875948670,390.9983,403.5688,-99
7875982003,388.9764,405.4815,-99
7876015336,387.0748,407.4088,-99
7876048669,385.4547,407.8995,-99
7876082002,381.2382,406.5644,-99
7876115335,377.351,405.127,-99
7876148668,375.2008,403.3535,-99
7876182001,370.3462,401.5611,-99
7876215334,364.9926,398.8099,-99
7876248667,364.4328,400.2372,-99
7876282000,363.0298,399.3158,-99
7876315333,363.6443,399.9055,-99
7876348666,361.2905,398.3568,-99
7876381999,358.0182,397.7205,-99
7876415332,355.6767,398.0954,-99
7876448665,352.3517,397.731,-99
7876481998,349.4304,397.2984,-99
7876515331,345.0088,397.2359,-99
7876548664,341.7146,397.6386,-99
7876581997,338.7751,397.5396,-99
7876615330,334.8057,397.9823,-99
7876648663,331.4923,398.8462,-99
7876681996,329.2933,400.2333,-99
7876715329,326.1648,401.6727,-99
7876748662,321.0896,402.7075,-99
7876781995,318.0686,403.3636,-99
7876815328,316.1493,405.0256,-99
7876848661,314.1924,407.0404,-99
7876881994,310.1413,409.1173,-99
7876915327,302.9135,408.3326,-99
7876948660,301.3575,407.5145,-99
7876981993,297.6241,409.0273,-99
7877015326,297.2867,410.2911,-99
7877048659,295.3694,411.6157,-99
7877081992,292.0569,411.1195,-99
7877115325,289.635,411.2354,-99
7877148658,288.4865,410.9225,-99
7877181991,287.0386,409.9598,-99
7877215324,286.0343,407.9183,-99
7877248657,286.0341,407.4785,-99
7877281990,284.7217,407.023,-99
7877315323,283.7188,405.4771,-99
7877348656,283.0796,404.4023,-99
7877381989,281.9953,404.3888,-99
7877415322,279.6124,404.6468,-99
7877448655,277.8337,404.3371,-99
7877481988,275.75,403.4838,-99
7877515321,273.2737,402.9502,-99
7877548654,271.1435,402.1276,-99
7877581987,268.1841,400.3217,-99
7877615320,265.6073,397.5236,-99
7877648653,263.3659,395.475,-99
7877681986,260.8828,393.5126,-99
7877715319,258.6479,392.5621,-99
7877748652,256.3333,391.7936,-99
7877781985,254.0721,391.9698,-99
7877815318,251.6449,392.9106,-99
7877848651,250.2152,393.352,-99
7877881984,248.0355,392.2798,-99
7877915317,245.1366,389.918,-99
7877948650,244.2638,388.2086,-99
7877981983,243.8133,385.5135,-99
7878015316,244.0308,382.7228,-99
7878048649,243.9129,381.9393,-99
7878081982,243.5101,380.1721,-99
7878115315,241.9704,380.1531,-99
7878148648,240.06,378.746,-99
7878181981,237.6366,377.7639,-99
7878215314,235.5627,377.4019,-99
7878248647,234.1619,376.6238,-99
7878281980,233.9634,376.2439,-99
7878315313,233.309,374.9387,-99
7878348646,232.9189,374.3268,-99
7878381979,232.1829,373.4259,-99
7878415312,231.4317,373.539,-99
7878448645,230.9437,373.4507,-99
7878481978,230.42,373.6277,-99
7878515311,230.4743,374.1076,-99
7878548644,229.0404,374.1212,-99
7878581977,227.8889,374.9396,-99
7878615310,226.872,375.5942,-99
7878648643,225.7719,376.3786,-99
7878681976,225.3553,376.0638,-99
7878715309,225.8809,375.6352,-99
7878748642,225.0421,374.4836,-99
7878781975,224.816,372.9395,-99
7878815308,224.3852,372.3728,-99
7878848641,224.5836,372.1247,-99
7878881974,225.098,372.1483,-99
7878915307,224.9605,371.9876,-99
7878948640,224.8663,371.3933,-99
7878981973,224.866,370.6863,-99
7879015306,224.6716,370.1866,-99
7879048639,224.8462,369.3123,-99
7879081972,225.056,368.9684,-99
7879115305,224.6788,368.0104,-99
7879150045,224.7621,367.4604,-99
7879183378,224.6005,367.2112,-99
7879216711,224.2359,366.7174,-99
7879250044,223.3788,366.1963,-99
7879283377,222.2843,366.6226,-99
7879316710,221.3149,366.6226,-99
7879350043,220.016,365.9315,-99
7879383376,218.1496,364.81,-99
7879416709,216.8175,362.98,-99
7879450042,216.5661,361.7053,-99
7879483375,215.5749,359.5848,-99
7879516708,214.9648,358.5176,-99
7879550041,213.9415,357.86,-99
7879583374,214.409,357.1771,-99
7879616707,213.6378,356.3622,-99
7879650040,212.7549,355.7791,-99
7879683373,212.2015,356.0099,-99
7879716706,211.1873,356.2084,-99
7879750039,211.0202,356.5139,-99
7879783372,211.1371,356.5711,-99
7879816705,211.7244,356.7415,-99
7879850038,212.4988,357.2458,-99
7879883371,212.7682,357.4792,-99
7879916704,212.8662,358.326,-99
7879950037,213.9028,358.8875,-99
7879983370,214.121,358.9605,-99
7880016703,214.1406,357.424,-99
7880050036,215.0559,356.2327,-99
7880083369,216.3178,354.832,-99
7880116702,219.1248,351.5453,-99
7880150035,220.3122,351.0898,-99
7880183368,223,348.7682,-99
7880216701,224.4795,347.7856,-99
7880250034,226.0837,347.2731,-99
7880283367,226.4547,345.856,-99
7880316700,226.9645,346.4621,-99
7880350033,226.9391,345.7517,-99
7880383366,226.7419,347.0251,-99
7880416699,226.7052,347.2094,-99
7880450032,227.3333,347.0325,-99
7880483365,228.11,346.445,-99
7880516698,228.3183,345.947,-99
7880550031,228.7929,342.9697,-99
7880583364,229.1021,341.886,-99
7880616697,229.1902,341.5861,-99
7880650030,228.3877,341.7187,-99
7880683363,227.392,342.4523,-99
7880716696,226.0925,342.6775,-99
7880750029,224.2,343.9917,-99
7880783362,223.3673,344.7493,-99
7880819024,221.2558,344.3343,-99
7880852357,220.1745,343.7784,-99
7880885690,217.4251,342.7826,-99
7880919023,214.9839,341.594,-99
7880952356,212.6067,339.6607,-99
7880985689,209.041,337.1447,-99
7881019022,205.7074,336.9211,-99
7881052355,202.6042,335.3113,-99
7881085688,199.824,334.824,-99
7881119021,196.2195,334.4854,-99
7881152354,194.3636,333.7273,-99
7881185687,192.2768,331.7606,-99
7881219020,190.4229,330.6675,-99
7881252353,188.2138,328.1892,-99
7881285686,186.6927,326.4662,-99
7881319019,185.0339,324.1514,-99
7881352352,183.8917,322.6121,-99
7881385685,182.2846,320.4069,-99
7881419018,181.2126,318.664,-99
7881452351,180.4655,317.3939,-99
7881485684,180.4847,315.6964,-99
7881519017,180.595,314.1025,-99
7881552350,180.9304,311.2256,-99
7881585683,182.1627,310.0971,-99
7881619016,183.2774,306.6692,-99
7881652349,183.3288,304.6794,-99
7881685682,183.6923,303.0051,-99
7881719015,183.7949,299.1573,-99
7881752348,183.0226,296.5689,-99
7881785681,182.7103,295.1385,-99
7881819014,181.144,290.6196,-99
7881852347,181.1809,288.186,-99
7881885680,180.5871,287.1421,-99
7881919013,181.3406,284.1594,-99
7881952346,179.7621,285.6359,-99
7881985679,179.9882,284.8585,-99
7882019012,179.9703,281.2375,-99
7882052345,180.1856,277.7946,-99
7882085678,181.4078,275.4693,-99
7882119011,182.2114,272.6028,-99
7882152344,183.7741,271.9862,-99
7882185677,184.5939,271.5856,-99
7882219010,184.9429,271.0595,-99
7882252343,183.6626,270.577,-99
7882285676,180.5035,268.8245,-99
7882319009,176.8955,267.8532,-99
7882352342,174.5054,267.7903,-99
7882385675,171.6247,267.2279,-99
7882419008,171.003,267.7278,-99
7882452341,171.4605,266.0395,-99
7882485674,171.7073,265.4363,-99
7882519007,172.0866,264.7045,-99
7882552340,171.5829,262.0497,-99
7882585673,172.3468,260.7984,-99
7882619006,170.3307,258.6667,-99
7882652339,169.6341,257.2303,-99
7882685672,168.7989,255.1901,-99
7882719005,167.2487,255.0969,-99
7882752338,166.5216,254.1703,-99
7882785671,167.3598,252.418,-99
7882819004,168.3034,251.3596,-99
7882852337,167.8704,247.8197,-99
7882885670,171.244,246.4536,-99
7882919003,171.768,243.652,-99
7882952336,173.5161,241.5161,-99
7882985669,174.1829,239.7104,-99
7883019002,176,237.5696,-99
7883052335,176.3994,235.6983,-99
7883085668,178.3653,233.9413,-99
7883119001,179.6747,233.1129,-99
7883152334,179.9392,229.1409,-99
7883185667,182.611,228.5927,-99
7883219000,182.0565,225.0349,-99
7883252333,183.3374,223.759,-99
7883285666,184.4124,221.129,-99
7883318999,184.3132,219.4789,-99
7883352332,184.1349,217.5332,-99
7883385665,183.0784,215.7941,-99
7883418998,182.7026,214.192,-99
7883452331,182.0876,211.5839,-99
7883485664,181.4164,209.6493,-99
7883518997,181.6423,206.6277,-99
7883552330,184.2381,203.8844,-99
7883585663,185.6979,200.1915,-99
7883618996,186.8877,199.2807,-99
7883652329,188.4934,198.4408,-99
7883685662,186.4667,196.9556,-99
7883718995,187.8763,195.4973,-99
7883752328,188.1261,192.7135,-99
7883785661,189.2603,190.1469,-99
7883818994,189.9428,188.8392,-99
7883852327,189.604,185.1083,-99
7883885660,190.2082,182.9507,-99
7883918993,190.7926,180.4915,-99
7883952326,192.4133,180.8353,-99
7883985659,194.5641,178.5974,-99
7884018992,195.9858,177.1222,-99
7884052325,197.651,176.5263,-99
7884085658,198.5822,176.3046,-99
7884118991,199.349,174.6371,-99
7884156262,199.7554,174.6532,-99
7884189595,199.7162,173.748,-99
7884222928,199.8489,170.073,-99
7884256261,200.2941,169.1059,-99
7884289594,200.7211,167.6507,-99
7884322927,201.1328,166.5024,-99
7884356260,202.7519,166.1969,-99
7884389593,204.0477,165.4121,-99
7884422926,206.0217,164.4511,-99
7884456259,208.1589,163.7474,-99
7884489592,207.821,163.9659,-99
7884522925,208.7769,162.0997,-99
7884556258,209.8717,161.0733,-99
7884589591,210.8545,157.754,-99
7884622924,211.9458,156.8239,-99
7884656257,211.6788,156.4022,-99
7884689590,211.7988,155.7087,-99
7884722923,214.7676,154.7934,-99
7884756256,216.1475,154.6242,-99
7884789589,218.284,153.751,-99
7884822922,219.7396,152.7153,-99
7884856255,220.9172,152.1786,-99
7884889588,219.969,151.5401,-99
7884922921,220.7647,149.6299,-99
7884956254,222.7172,148.8406,-99
7884989587,223.9086,147.4914,-99
7885022920,225.2146,146.1818,-99
7885056253,227.5647,145.8582,-99
7885089586,231.1737,145.7105,-99
7885122919,234.6261,145.5598,-99
7885156252,236.7104,145.3891,-99
7885189585,238.5514,146.044,-99
7885222918,239.4619,145.9955,-99
7885256251,239.3358,145.0746,-99
7885289584,240.2047,144.3446,-99
7885322917,241.0354,141.9595,-99
7885356250,241.8107,141.7187,-99
7885389583,243.5024,138.0316,-99
7885422916,244.1272,137.1985,-99
7885456249,244.872,132.8841,-99
7885489582,246.3969,133.0979,-99
7885522915,248.4926,130.2635,-99
7885556248,249.433,129.5799,-99
7885589581,251.2565,127.1099,-99
7885622914,252.6667,125.7077,-99
7885656247,253.8235,125.3657,-99
7885689580,255.1447,124.7183,-99
7885722913,256.1546,123.2268,-99
7885756246,257.8716,121.2395,-99
7885789579,262.0447,120.8723,-99
7885825210,264.3121,120.7598,-99
7885858543,267.3464,120.0391,-99
7885891876,269.6147,119.9004,-99
7885925209,270.6718,120.3807,-99
7885958542,273.7691,120.3137,-99
7885991875,277.0681,120.2325,-99
7886025208,278.8239,120.7538,-99
7886058541,280.369,121.283,-99
7886091874,282.5904,122.3909,-99
7886125207,285.7373,123.1446,-99
7886158540,288.4559,123.4743,-99
7886191873,289.9452,123.8263,-99
7886225206,291.478,123.8425,-99
7886258539,291.112,125.268,-99
7886291872,289.8818,125.9384,-99
7886325205,291.6085,126.4646,-99
7886358538,293.6227,126.3906,-99
7886391871,293.9229,126.0553,-99
7886425204,294.0039,124.9451,-99
7886458537,293.9127,123.3428,-99
7886491870,294.056,122.4351,-99
7886525203,294.7487,121.6169,-99
7886558536,295.2027,120.4932,-99
7886591869,295.7668,118.8735,-99
7886625202,296.4797,117.6294,-99
7886658535,297.0555,117.099,-99
7886691868,300.7076,116.2515,-99
7886725201,302.217,115.234,-99
7886758534,302.4082,114.8857,-99
7886791867,303.5132,114.1303,-99
7886825200,303.4774,112.4466,-99
7886858533,304.9286,111.9357,-99
7886891866,306.3912,112.5337,-99
7886925199,307.8528,111.1167,-99
7886958532,308.4265,109.9858,-99
7886991865,307.5913,110.1034,-99
7887025198,308.4584,110.4408,-99
7887058531,310.8232,110.2581,-99
7887091864,313.0535,111.4811,-99
7887125197,316.3967,111.858,-99
7887158530,317.7758,112.3556,-99
7887191863,318.855,111.79,-99
7887225196,320.6915,111.7812,-99
7887258529,319.9616,111.3657,-99
7887291862,321.9695,111.0891,-99
7887325195,324.5515,111.2559,-99
7887358528,327.1106,109.3266,-99
7887391861,329.356,108.9545,-99
7887425194,329.5932,108.7821,-99
7887458527,330.0763,108.7357,-99
7887491860,330.3766,107.961,-99
7887525193,330.4621,107.7042,-99
7887558526,331.7775,107.9325,-99
7887591859,334.6035,109.3027,-99
7887625192,335.8781,109.9045,-99
7887658525,339.004,110.2811,-99
7887691858,340.8171,111.482,-99
7887725191,341.8967,112.5826,-99
7887758524,344.4611,113.4278,-99
7887791857,345.301,113.4436,-99
7887825190,347.4519,113.4558,-99
7887858523,349.4803,113.1739,-99
7887891856,350.5782,112.5093,-99
7887925189,352.9037,112.5241,-99
7887958522,353.7853,112.7644,-99
7887991855,356.2755,113.4561,-99
7888025188,360.4059,115.0184,-99
7888058521,361.899,115.64,-99
7888091854,365.1641,116.8053,-99
7888125187,366.5974,117.0076,-99
7888158520,367.3375,116.8561,-99
7888191853,369.5151,117.5075,-99
7888225186,372.5649,117.8499,-99
7888258519,375,117.5885,-99
7888291852,375.4848,118.3878,-99
7888325185,376.9711,118.2205,-99
7888358518,378.2878,118.072,-99
7888391851,379.3673,117.5689,-99
7888425184,380.6985,117.625,-99
7888458517,383.8545,118.5468,-99
7888491850,384.1847,118.1017,-99
7888525183,386.3958,118.4209,-99
7888558516,386.8218,118.6257,-99
7888591849,388.7138,118.2913,-99
7888625182,390.4255,117.8618,-99
7888658515,391.4854,117.7646,-99
7888691848,393.7918,117.7249,-99
7888725181,395.9442,118.0339,-99
7888758514,399.0952,118.776,-99
7888791847,400.2851,118.8772,-99
7888825180,400.1896,118.6161,-99
7888858513,400.7596,119.2115,-99
7888891846,401.0649,119.4675,-99
7888925179,401.0487,120.0681,-99
7888958512,401.5206,120.8668,-99
7888991845,401.2884,121.1833,-99
7889025178,401.7129,119.9975,-99
7889058511,402.1671,118.2095,-99
7889091844,401.7686,117.876,-99
7889125177,402.9115,115.7396,-99
7889157588,402.7372,112.4592,-99
7889190921,401.5863,109.2538,-99
7889224254,400.5555,104.7494,-99
7889257587,399.1158,100.9526,-99
7889290920,396.8504,96.62992,-99
7889324253,393.9454,92.0397,-99
7889357586,390.5142,88.31266,-99
7889390919,387.0914,84.06789,-99
7889424252,383.696,79.63352,-99
7889457585,380.0681,76.04954,-99
7889490918,376.6607,72.61012,-99
7889524251,374.785,71.69159,-99
7889557584,371.7081,69.2236,-99
7889590917,370.0612,67.78134,-99
7889624250,369.9828,66.4212,-99
7889657583,370.202,66.50253,-99
7889690916,368.8781,66.78607,-99
7889724249,369.1101,66.07127,-99
7889757582,370.4641,66.33987,-99
7889790915,371.7452,67.82378,-99
7889824248,373.5392,71.22025,-99
7889857581,376.0802,73.15367,-99
7889890914,379.3607,76.6484,-99
7889924247,382.6536,80.72113,-99
7889957580,386.7269,86.39955,-99
7889990913,391.05,92.65218,-99
7890024246,396.2215,100.9599,-99
7890057579,398.2332,109.1936,-99
7890090912,399.7558,116.1349,-99
7890124245,400.3473,122.7016,-99
7890157578,400.3318,126.9475,-99
7890190911,399.3963,129.58,-99
7890224244,399.3478,132.1039,-99
7890257577,398.4077,132.9769,-99
7890290910,398.7076,133.4781,-99
7890324243,399.4486,134.3838,-99
7890357576,400.3372,134.8827,-99
7890390909,401.0244,135.1585,-99
7890424242,401.5957,134.0505,-99
7890457575,402.2102,132.3693,-99
7890490908,403.9682,132.3623,-99
7890524241,405.3162,132.6956,-99
7890557574,406.4758,132.8508,-99
7890590907,408.0772,133.7008,-99
7890624240,408.8668,133.7949,-99
7890657573,408.3744,133.3473,-99
7890690906,408.6151,137.3605,-99
7890724239,409.4989,138.032,-99
7890757572,410.5159,140.8849,-99
7890790905,411.4288,142.3308,-99
7890833037,413.023,143.5105,-99
7890866370,414.1581,144.2135,-99
7890899703,416.5761,145.0036,-99
7890933036,418.2134,145.094,-99
7890966369,418.6288,143.5258,-99
7890999702,419.9069,141.0213,-99
7891033035,420.7932,141.5727,-99
7891066368,421.9523,140.6535,-99
7891099701,423.2738,140.6447,-99
7891133034,422.8053,141.0307,-99
7891166367,423.3153,142.6362,-99
7891199700,423.6726,144.873,-99
7891233033,424.1765,146.6588,-99
7891266366,424.329,148.2477,-99
7891299699,424.476,149.9559,-99
7891333032,424.9944,151.4579,-99
7891366365,425.7875,152.7436,-99
7891399698,427.0987,154.9049,-99
7891433031,427.7669,156.2045,-99
7891466364,429.4165,157.501,-99
7891499697,431.6945,159.442,-99
7891533030,432.499,161.229,-99
7891566363,433.7664,160.6431,-99
7891599696,434.8484,162.4601,-99
7891633029,435.7843,163.3782,-99
7891666362,436.3918,164.7507,-99
7891699695,436.9755,167.3775,-99
7891733028,438.2597,170.6279,-99
7891766361,439.4223,172.1324,-99
7891799694,440.319,174.3581,-99
7891833027,442.4246,176.3408,-99
7891866360,443.3799,178.7364,-99
7891899693,445.3605,180.4649,-99
7891933026,446.3678,182.6673,-99
7891966359,448.3193,184.0478,-99
7891999692,448.85,185.3212,-99
7892033025,448.9583,184.7819,-99
7892066358,449.6622,185.555,-99
7892099691,446.9324,186.6723,-99
7892133024,447.6909,187.8255,-99
7892166357,451.7419,191.0462,-99
7892199690,451.8802,192.1369,-99
7892233023,453.0139,192.8268,-99
7892266356,457.1484,193.8839,-99
7892299689,463.7879,198.0379,-99
7892333022,464.5304,196.3478,-99
7892366355,459.1535,200.3614,-99
7892399688,454.36,201.65,-99
7892433021,456.3405,200.3081,-99
7892466354,459.3633,204.4658,-99
7892499687,464.2639,205.4822,-99
7892533020,461.1974,206.0132,-99
7892566353,464.6979,207.2604,-99
7892599686,470.0385,219.0128,-99
7892633019,475.7368,222.6184,-99
7892666352,471.4562,222.8875,-99
7892699685,468.0625,223.517,-99
7892733018,464.0714,223.4702,-99
7892766351,464.8363,226.4342,-99
7892799684,468.1694,228.6279,-99
7892833017,474.3191,232.0467,-99
7892866350,475.9562,239.938,-99
7892899683,474.7911,241.4241,-99
7892933016,474.1415,241.7569,-99
7892966349,475.2457,238.7171,-99
7892999682,476.5363,238.2067,-99
7893033015,477.3099,238.8275,-99
7893066348,478.5207,239.9301,-99
7893099681,478.5441,241.6323,-99
7893133014,478.8357,243.2785,-99
7893166347,478.8241,247.1414,-99
7893199680,479.0237,250.0751,-99
7893233013,476.848,251.888,-99
7893266346,475.2042,248.042,-99
7893299679,473.1185,245.5972,-99
7893333012,470.5103,244.6,-99
7893366345,473.0303,245.1894,-99
7893399678,473,247.1727,-99
7893433011,469.1419,250.0387,-99
7893466344,468.77,255.145,-99
7893499677,469.1474,261.6314,-99
7893533010,473.5461,267.7796,-99
7893566343,472.2744,274.7488,-99
7893599676,469.9143,272.6524,-99
7893633009,472.3903,271.5068,-99
7893666342,473.0736,273.285,-99
7893699675,472.2928,276.5136,-99
7893733008,471.5755,278.6557,-99
7893766341,470.4378,281.8777,-99
7893799674,470.0661,285.4525,-99
7893833007,469.8352,286.6185,-99
7893866340,471.0167,286.663,-99
7893899673,469.968,290.6705,-99
7893933006,469.4578,292.3544,-99
7893966339,468.626,293.6996,-99
7893999672,467.0105,296.1195,-99
7894033005,467.2611,296.4919,-99
7894066338,462.547,297.953,-99
7894099671,461.1646,300.1057,-99
7894133004,461.1406,301.9401,-99
7894165415,460.0193,303.6916,-99
7894198748,457.3708,308.7933,-99
7894232081,457.9453,307.0977,-99
7894265414,460.3898,310.5484,-99
7894298747,461.7682,312.933,-99
7894332080,460.7299,313.6473,-99
7894365413,458.8122,315.4319,-99
7894398746,456.8398,318.0303,-99
7894432079,454.1464,318.2403,-99
7894465412,450.4599,321.6604,-99
7894498745,445.9119,324.6392,-99
7894532078,444.794,328.8896,-99
7894565411,443.9446,332.0897,-99
7894598744,444.4453,331.65,-99
7894632077,444.0575,335.1123,-99
7894665410,444.1596,334.765,-99
7894698743,444.6915,336.4876,-99
7894732076,447.6351,341.0973,-99
7894765409,447.1359,343.586,-99
7894798742,446.9424,345.5809,-99
7894832075,447.0258,347.9044,-99
7894865408,444.5314,348.8228,-99
7894898741,441.6555,349.5184,-99
7894932074,441.4467,352.7522,-99
7894965407,440.2322,357.3415,-99
7894998740,438.875,360.3693,-99
7895032073,435.8438,360.5739,-99
7895065406,430.9959,358.2632,-99
7895098739,429.4483,358.5287,-99
7895132072,429.3084,360.9156,-99
7895165405,427.963,364.963,-99
7895198738,426.3994,366.0963,-99
7895232071,427.1762,366.0046,-99
7895265404,425.4457,366.7331,-99
7895298737,425.6105,363.5544,-99
7895332070,424.5246,363.1606,-99
7895365403,421.451,362.4019,-99
7895398736,416.8252,363.0284,-99
7895432069,414.9445,363.0439,-99
7895465402,411.8238,365.5238,-99
7895498735,410.0258,364.2398,-99
7895532068,412.086,366.7708,-99
7895565401,410.7928,370.4841,-99
7895598734,414.5,371.3419,-99
7895632067,412.1987,375.0171,-99
7895665400,412.4976,374.9399,-99
7895698733,412.2806,376.2806,-99
7895732066,410.1241,377.8431,-99
7895765399,406.9828,378.3948,-99
7895798732,405.0732,379.0753,-99
7895832753,405.3136,379.1778,-99
7895866086,401.2655,379.4757,-99
7895899419,397.9179,379.2567,-99
7895932752,394.1288,380.5624,-99
7895966085,393.8254,382.6035,-99
7895999418,394.1513,383.6,-99
7896032751,393.1047,385.0499,-99
7896066084,393.2662,385.9398,-99
7896099417,390.0925,388.2021,-99
7896132750,386.2099,389.9074,-99
7896166083,384.9837,389.9721,-99
7896199416,383.0561,389.9626,-99
7896232749,380.8147,389.2974,-99
7896266082,378.7853,388.5235,-99
7896299415,377.7049,389.1486,-99
7896332748,378.0981,390.9902,-99
7896366081,376.0516,392.8587,-99
7896399414,374.8408,393.5159,-99
7896432747,371.4782,393.5009,-99
7896466080,369.3056,394.4828,-99
7896499413,365.6655,396.2939,-99
7896532746,364.5717,396.7763,-99
7896566079,362.8409,397.25,-99
7896599412,360.6849,397.5151,-99
7896632745,358.4417,397.6157,-99
7896666078,355.3473,397.7495,-99
7896699411,351.9514,398.7167,-99
7896732744,349.6224,398.8629,-99
7896766077,345.5668,399.4101,-99
7896799410,341.8932,399.2937,-99
7896832743,339.9502,398.0173,-99
7896866076,337.6413,397.3184,-99
7896899409,336.3935,394.5217,-99
7896932742,336.8787,396.0786,-99
7896966075,335.2602,396.6697,-99
7896999408,333.7345,397.7987,-99
7897032741,332.1785,398.5398,-99
7897066074,331.0247,400.2539,-99
7897099407,329.5033,401.4811,-99
7897132740,328.2654,402.4189,-99
7897166073,326.0702,403.1513,-99
7897199406,322.7022,403.1227,-99
7897232739,318.6714,402.3339,-99
7897266072,317.0623,402.5498,-99
7897299405,315.1397,404.1086,-99
7897332738,312,403.4196,-99
7897366071,308.8687,403.1882,-99
7897399404,305.5055,403.7748,-99
7897432737,302.4484,404.567,-99
7897466070,300.1615,405.2854,-99
7897501732,297.5151,406.1559,-99
7897535065,292.9927,405.6509,-99
7897568398,291.1965,404.4053,-99
7897601731,289.505,403.3893,-99
7897635064,288.2468,403.1792,-99
7897668397,287.2766,402.5852,-99
7897701730,285.7472,402.5122,-99
7897735063,285.05,402.35,-99
7897768396,283.1452,399.6391,-99
7897801729,282.0497,398.8206,-99
7897835062,282.0541,400.2121,-99
7897868395,281.6495,401.2897,-99
7897901728,280.3914,401.5453,-99
7897935061,279.1816,400.8924,-99
7897968394,278.6117,400.6501,-99
7898001727,277.1288,399.6347,-99
7898035060,275.7388,398.2988,-99
7898068393,275.2297,396.7703,-99
7898101726,274.8326,395.1101,-99
7898135059,275.0995,393.6713,-99
7898168392,275.3141,392.9261,-99
7898201725,275.6409,392.9893,-99
7898235058,276.0936,393.3585,-99
7898268391,275.834,393.5504,-99
7898301724,274.9503,394.792,-99
7898335057,275.6362,394.8772,-99
7898368390,275.731,395.419,-99
7898401723,275.7438,394.8866,-99
7898435056,274.5936,394.5639,-99
7898468389,274.8562,393.9795,-99
7898501722,273.4099,392.6896,-99
7898535055,272.4539,391.809,-99
7898568388,271.8786,393.2286,-99
7898601721,270.637,393.4429,-99
7898635054,268.7348,393.6382,-99
7898668387,265.6512,393.5408,-99
7898701720,262.5574,393.6487,-99
7898735053,260.5129,393.6141,-99
7898768386,258.723,393.0869,-99
7898801719,256.5876,389.9959,-99
7898835052,254.4801,388.1021,-99
7898868385,253.1758,385.9962,-99
7898901718,253.1587,384.7698,-99
7898935051,252.2469,382.8408,-99
7898968384,251.3673,382.6267,-99
7899001717,250.416,380.8906,-99
7899035050,249.1499,381.575,-99
7899068383,249.711,382.2028,-99
7899101716,246.7766,382.1106,-99
7899135049,244.6269,381.5982,-99
7899173930,243.1496,381.1094,-99
7899207263,241.8126,380.6343,-99
7899240596,240.6081,379.9501,-99
7899273929,240.795,378.7563,-99
7899307262,238.5798,377.9906,-99
7899340595,237.3406,377.0657,-99
7899373928,235.7482,376.6716,-99
7899407261,233.8857,376.8005,-99
7899440594,230.7721,377.1324,-99
7899473927,229.6265,377.792,-99
7899507260,227.5126,378.2677,-99
7899540593,225.9301,378.3753,-99
7899573926,224.5419,378.6355,-99
7899607259,224.0856,378.3009,-99
7899640592,223.3065,377.5691,-99
7899673925,221.8141,374.5596,-99
7899707258,221.5287,376.7282,-99
7899740591,220.5938,376.4303,-99
7899773924,220.0752,375.8277,-99
7899807257,219.5771,374.9743,-99
7899840590,218.3404,374.7019,-99
7899873923,217.8267,374.2904,-99
7899907256,217.4917,374.2684,-99
7899940589,217.1991,373.4283,-99
7899973922,218.47,373.06,-99
7900007255,218.2446,371.3669,-99
7900040588,219.8458,370.0181,-99
7900073921,220.661,369.1561,-99
7900107254,220.189,368.4091,-99
7900140587,220.5121,368.7923,-99
7900173920,219.9155,369.3647,-99
7900207253,219.3105,370.0183,-99
7900240586,218.8951,371.178,-99
7900273919,219.6485,371.1568,-99
7900307252,219.326,371.6471,-99
7900340585,219.5479,370.744,-99
7900373918,220.0149,370.1915,-99
7900407251,220.341,367.881,-99
7900440584,220.6899,366.6563,-99
7900473917,221.35,365.035,-99
7900507250,222.3566,363.106,-99
7900540583,223.145,361.9466,-99
7900573916,223.6747,360.6425,-99
7900607249,222.9288,359.8372,-99
7900640582,223.6026,359.4359,-99
7900673915,223.1912,359.509,-99
7900707248,223.2807,359.2632,-99
7900740581,223.0846,359.6359,-99
7900773914,223.6609,359.2426,-99
7900807247,223.0181,359.3549,-99
7900840580,222.145,358.8244,-99
7900873913,222.5357,358.6607,-99
7900907246,222.1193,358.716,-99
7900940579,222.4612,358.6591,-99
7900973912,221.9975,358.9773,-99
7901007245,221.9757,359.1436,-99
7901040578,220.7798,359.2461,-99
7901073911,219.9623,358.8467,-99
7901107244,220.5229,355.7784,-99
7901140577,220.4174,353.9216,-99
7901173910,221.7868,351.7112,-99
7901207243,221.5328,352.1127,-99
7901240576,222.3419,349.8454,-99
7901273909,222.7265,349.1602,-99
7901307242,223.1058,348.1867,-99
7901340575,222.7914,347.7975,-99
7901373908,221.7078,349.1775,-99
7901407241,220.9896,350.4145,-99
7901440574,219.5235,349.5975,-99
7901473907,219.4921,346.9101,-99
7901507240,219.5768,346.5441,-99
7901540573,219.2458,344.5331,-99
7901573906,219.0956,342.2843,-99
7901607239,216.8337,339.067,-99
7901640572,216.4952,337.8493,-99
7901673905,213.0525,336.3063,-99
7901707238,210.5327,334.5598,-99
7901740571,207.5046,333.968,-99
7901773904,204.5414,332.8412,-99
7901807237,201.7433,331.6683,-99
7901840570,198.8982,331.2901,-99
7901873903,196.307,329.6859,-99
7901907236,194.1776,327.6585,-99
7901940569,192.384,325.798,-99
7901973902,189.5409,323.5198,-99
7902007235,187.8481,322.1038,-99
7902040568,185.6098,320.6718,-99
7902073901,183.932,319.6119,-99
7902107234,182.4805,318.2234,-99
7902140567,180.776,316.6797,-99
7902173900,179.9098,314.8302,-99
7902207233,178.4468,314.0107,-99
7902240566,178.8931,311.5347,-99
7902273899,178.5662,310.5533,-99
7902307232,179.604,306.2231,-99
7902340565,179.9216,303.2865,-99
7902373898,180.4755,302.1569,-99
7902407231,180.4948,298.2268,-99
7902440564,179.9863,295.0082,-99
7902473897,180.805,292.0864,-99
7902509558,180.3531,290.1284,-99
7902542891,178.2434,286.1296,-99
7902576224,178.027,284.3198,-99
7902609557,176.872,282.416,-99
7902642890,174.9873,280.5742,-99
7902676223,173.8889,279.0278,-99
7902709556,172.6043,278.801,-99
7902742889,170.8607,275.7432,-99
7902776222,169.4716,274.9753,-99
7902809555,170.0377,271.6523,-99
7902842888,170.6736,270.9478,-99
7902876221,170.4362,268.1064,-99
7902909554,170.8109,266.2985,-99
7902942887,169.8038,263.2656,-99
7902976220,169.1398,262.3307,-99
7903009553,168.189,262.8189,-99
7903042886,169.0686,260.9894,-99
7903076219,169.4777,260.0534,-99
7903109552,169.6364,257.4495,-99
7903142885,170.3743,255.2156,-99
7903176218,171.9305,253.1096,-99
7903209551,172.3494,251.9176,-99
7903242884,173.4571,250.6411,-99
7903276217,175.2338,249.4675,-99
7903309550,175.6005,249.0349,-99
7903342883,174.9708,246.5248,-99
7903376216,176.5415,245.6062,-99
7903409549,175.5232,243.8065,-99
7903442882,175.8409,241.4574,-99
7903476215,175.5957,238.9515,-99
7903509548,176.0844,237.2032,-99
7903542881,175.6563,233.4535,-99
7903576214,177.6606,233.2021,-99
7903609547,177.9513,229.0344,-99
7903642880,180.0726,229.1855,-99
7903676213,179.7546,225.295,-99
7903709546,180.9052,222.1092,-99
7903742879,181.6717,219.1529,-99
7903776212,181.3692,216.3423,-99
7903809545,179.8214,213.2827,-99
7903842878,180.4733,211.8981,-99
7903876211,178.9655,210.9942,-99
7903909544,178.9059,209.55,-99
7903942877,180.6506,209.2152,-99
7903976210,182.8801,207.9668,-99
7904009543,185.8083,205.8845,-99
7904042876,185.9471,205.4851,-99
7904076209,184.8355,206.2219,-99
7904109542,185.7534,204.8356,-99
7904142875,188.4348,202.643,-99
7904176208,190.6179,200.5494,-99
7904209541,189.941,200.4054,-99
7904242874,188.8,199.7486,-99
7904276207,190.0735,199.1848,-99
7904309540,191.4972,196.7889,-99
7904342873,193.3411,194.6168,-99
7904376206,194.5255,191.0949,-99
7904409539,196.2701,190.1818,-99
7904442872,196.0272,186.4728,-99
7904476205,197.2775,186.4643,-99
7904509538,197.2269,182.2586,-99
7904542871,197.1351,180.6149,-99
7904576204,197.9672,177.8763,-99
7904609537,197.5,176.225,-99
7904642870,197.6215,173.3192,-99
7904676203,198.6199,170.1837,-99
7904709536,198.5452,169.0671,-99
7904742869,200.2217,166.9723,-99
7904776202,202.5084,164.7374,-99
7904809535,205.8438,163.0466,-99
7904842868,208.4603,161.9782,-99
7904876201,209.7343,161.0453,-99
7904909534,211.9512,160.4013,-99
7904942867,213.0667,160.2,-99
7904976200,213,158.6641,-99
7905009533,214.3733,157.9666,-99
7905042866,214.2382,157.8403,-99
7905076199,214.2354,156.5847,-99
7905109532,214.1671,155.5216,-99
7905142865,214.237,154.3047,-99
7905176198,214.9919,154.1653,-99
7905209531,215.3517,153.9449,-99
7905242864,216.9425,152.9325,-99
7905276197,218.8872,152.3358,-99
7905309530,221.5992,150.6952,-99
7905342863,223.332,150.5316,-99
7905376196,224.3718,149.8355,-99
7905409529,224.2382,149.8037,-99
7905442862,225.641,145.7051,-99
7905476195,228.2342,145.4079,-99
7905509528,231.3252,143.6286,-99
7905542861,232.3218,141.669,-99
7905576194,232.8315,141.0871,-99
7905609527,233.8619,139.3646,-99
7905642860,237.2043,138.1456,-99
7905676193,238.838,136.566,-99
7905709526,241.1589,135.6182,-99
7905742859,242.6136,135.3657,-99
7905776192,243.5155,135.1988,-99
7905809525,245.1991,134.9015,-99
7905842625,247.2672,134.8448,-99
7905875958,246.7614,133.3096,-99
7905909291,249.0851,133.0567,-99
7905942624,251.0054,132.8342,-99
7905975957,253.1676,131.7899,-99
7906009290,254.3641,130.4749,-99
7906042623,254.9266,130.724,-99
7906075956,256.3562,129.8499,-99
7906109289,259.0907,130.0021,-99
7906142622,262.2242,128.8519,-99
7906175955,263.3638,128.2519,-99
7906209288,263.2522,127.5739,-99
7906242621,264.8337,126.2757,-99
7906275954,268.1188,124.9387,-99
7906309287,266.6217,122.9735,-99
7906342620,269.6472,120.8604,-99
7906375953,271.7886,119.935,-99
7906409286,274.3316,118.481,-99
7906442619,277.1599,118.2589,-99
7906475952,281.3394,119.1758,-99
7906509285,283.2188,118.8206,-99
7906542618,283.4153,116.778,-99
7906575951,285.0526,115.8842,-99
7906609284,285.7155,112.8238,-99
7906642617,285.6457,113.5144,-99
7906675950,285.7174,111.058,-99
7906709283,285.8894,110.0302,-99
7906742616,286.3918,108.9669,-99
7906775949,285.8656,108.4005,-99
7906809282,286.0309,108.3753,-99
7906842615,287.231,108.6447,-99
7906875948,287.1936,109.375,-99
7906909281,288.072,109.9152,-99
7906942614,289.5763,110.5947,-99
7906975947,290.4901,111.2085,-99
7907009280,290.252,112.2069,-99
7907042613,290.7344,113.0352,-99
7907075946,290.9117,112.2701,-99
7907109279,290.8051,112.565,-99
7907142612,290.8619,112.2174,-99
7907175945,290.5338,112.0703,-99
7907209278,291.3433,111.564,-99
7907242611,294.7307,112.1253,-99
7907275944,295.3577,112.6462,-99
7907309277,296.6986,113.6849,-99
7907342610,298.3739,114.4696,-99
7907375943,300.0532,115.1255,-99
7907409276,302.5629,115.5216,-99
7907442609,303.0866,116.0736,-99
7907475942,302.5199,115.1045,-99
7907511572,303.6302,114.3906,-99
7907544905,305.701,113.5799,-99
7907578238,306.7321,112.3469,-99
7907611571,308.0235,111.9437,-99
7907644904,311.8654,112.0635,-99
7907678237,314.0321,111.743,-99
7907711570,314.8676,110.6691,-99
7907744903,316.9428,109.6542,-99
7907778236,319.5169,110.8,-99
7907811569,322.8621,112.3578,-99
7907844902,324.0699,114.0297,-99
7907878235,326.6608,114.8304,-99
7907911568,329.037,115.9168,-99
7907944901,329.846,116.1129,-99
7907978234,332.6848,116.4669,-99
7908011567,335.5924,116.2552,-99
7908044900,338.2754,115.7409,-99
7908078233,340.7004,116.1929,-99
7908111566,342.5582,116.4935,-99
7908144899,343.441,115.1181,-99
7908178232,345.6029,116.2574,-99
7908211565,348.2506,117.3838,-99
7908244898,350.3145,118.8387,-99
7908278231,352.2321,119.5304,-99
7908311564,353.3656,120.7554,-99
7908344897,354.4835,120.0382,-99
7908378230,356.6253,119.7844,-99
7908411563,359.278,119.5756,-99
7908444896,361.8631,119.1939,-99
7908478229,364.8835,118.0602,-99
7908511562,365.6652,117.3921,-99
7908544895,367.8548,117.0242,-99
7908578228,370.8337,116.2225,-99
7908611561,374.3962,115.6019,-99
7908644894,375.3365,114.6941,-99
7908678227,377.739,115.7878,-99
7908711560,379.3642,117.9591,-99
7908744893,381.085,119.6797,-99
7908778226,383.4642,121.1721,-99
7908811559,384.286,121.8387,-99
7908844892,386.9717,122.7131,-99
7908878225,389.3885,123.497,-99
7908911558,390.1856,122.1832,-99
7908944891,392.1008,121.9537,-99
7908978224,393.9598,121.4236,-99
7909011557,395.0847,121.7434,-99
7909044890,396.8191,121.6482,-99
7909078223,398.1763,122.9722,-99
7909111556,400.5395,124.8696,-99
7909144889,401.4762,126.3869,-99
7909178222,402.0596,127.8128,-99
7909211555,403.3354,128.0524,-99
7909244888,405.3812,129.197,-99
7909278221,406.6021,130.8262,-99
7909311554,407.467,133.057,-99
7909344887,409.1289,134.4733,-99
7909378220,408.6175,136.5613,-99
7909411553,409.8376,138.7046,-99
7909444886,413.9341,140.7051,-99
7909478219,416.0253,142.5794,-99
7909511552,418.332,144.3065,-99
7909544885,422.1639,146.7923,-99
7909578218,422.7605,147.0256,-99
7909611551,424.7808,148.6946,-99
7909644884,426.6085,151.3617,-99
7909678217,428.1619,152.8448,-99
7909711550,430.8628,155.1692,-99
7909744883,431.6094,155.7339,-99
7909778216,433.1548,156.8921,-99
7909811549,435.1567,159.3608,-99
7909844882,436.0502,160.722,-99
7909878215,438.3532,162.8152,-99
7909911548,439.8195,164.7573,-99
7909944881,442.1038,166.9377,-99
7909978214,443.5269,168.5885,-99
7910011547,445.5551,170.8246,-99
7910044880,446.507,171.8563,-99
7910078213,447.9199,174.0343,-99
7910111546,448.5714,174.1352,-99
7910144879,449.7006,175.2912,-99
7910178212,450.7765,177.2736,-99
7910211545,450.6489,178.7089,-99
7910244878,449.6641,181.3256,-99
7910278211,450.4607,183.2722,-99
7910311544,451.0366,184.8773,-99
7910344877,452.2076,188.8167,-99
7910378210,452.8841,192.1008,-99
7910411543,456.5825,195.1495,-99
7910444876,458.5653,198.3694,-99
7910478209,459.4368,200.3004,-99
7910511542,462.4283,201.5913,-99
7910544875,463.6036,203.7151,-99
7910578208,464.8871,204.2628,-99
7910611541,465.9081,205.5673,-99
7910644874,467.446,206.7923,-99
7910678207,468.5647,208.1863,-99
7910711540,470.012,209.86,-99
7910744873,470.0909,211.0444,-99
7910778206,470.7718,212.7738,-99
7910811539,472.3223,215.3965,-99
7910850451,472.8492,216.8393,-99
7910883784,473.9147,217.7659,-99
7910917117,474.6821,220.8471,-99
7910950450,474.5613,222.1809,-99
7910983783,475.6245,223.8481,-99
7911017116,474.4568,224.8786,-99
7911050449,473.8519,227.1602,-99
7911083782,473.5375,229.2231,-99
7911117115,471.0833,229.5686,-99
7911150448,471.1392,230.884,-99
7911183781,469.872,233.5733,-99
7911217114,469.55,234.7421,-99
7911250447,468.0107,237.9388,-99
7911283780,467.2173,239.5404,-99
7911317113,466.0074,241.9778,-99
7911350446,465.611,246.0623,-99
7911383779,466.9072,248.7785,-99
7911417112,466.725,251.1833,-99
7911450445,466.4978,253.9203,-99
7911483778,466.6792,256.1438,-99
7911517111,466.3485,258.21,-99
7911550444,466.317,260.5149,-99
7911583777,465.8934,261.8188,-99
7911617110,465.9643,264.0672,-99
7911650443,465.7953,264.6013,-99
7911683776,465.9754,266.1116,-99
7911717109,465.5011,268.9852,-99
7911750442,466.0099,270.662,-99
7911783775,464.7953,273.5338,-99
7911817108,464.4896,273.8833,-99
7911850441,464.5827,269.1511,-99
7911883774,461.7675,275.9225,-99
7911917107,450.6021,287.6021,-99
7911950440,450.2414,275.931,-99
7911983773,450.6977,275.2558,-99
7912017106,447.1286,281.65,-99
7912050439,443.9737,287.5395,-99
7912083772,443.5924,288.6848,-99
7912117105,446.9302,286.0569,-99
7912150438,444.6309,286.4408,-99
7912183771,440.6832,286.0305,-99
7912217104,434.5952,280.619,-99
7912250437,431.7301,282.0797,-99
7912283770,429.119,281.0952,-99
7912317103,427.4417,280.0833,-99
7912350436,425.7108,278.7973,-99
7912383769,423.7607,276.1919,-99
7912417102,420.8632,274.4304,-99
7912450435,418.7704,271.8367,-99
7912483768,416.4107,267.6133,-99
7912519399,416.0279,266.0557,-99
7912552732,412.5471,264.7177,-99
7912586065,411.1856,264.4183,-99
7912619398,408.3899,261.5919,-99
7912652731,407.2152,260.7578,-99
7912686064,406.838,259.9445,-99
7912719397,406.688,258.927,-99
7912752730,405.1358,257.7854,-99
7912786063,403.8302,256.8358,-99
7912819396,403.8378,255.2252,-99
7912852729,403.5739,253.5758,-99
7912886062,404.4253,252.5931,-99
7912919395,403.9422,251.0139,-99
7912952728,404.7002,250.4151,-99
7912986061,406.2635,251.2833,-99
7913019394,407.1942,250.4761,-99
7913052727,406.436,251.625,-99
7913086060,406.752,252.2171,-99
7913119393,406.9121,253.7855,-99
7913152726,407.3733,256.4877,-99
7913186059,408.0475,258.2374,-99
7913219392,408.1708,261.3471,-99
7913252725,408.8352,264.081,-99
7913286058,411.4747,267.0285,-99
7913319391,415.1299,269.0997,-99
7913352724,418.7681,270.5361,-99
7913386057,423.2571,276.0179,-99
7913419390,427.536,281.976,-99
7913452723,431.5372,284.2162,-99
7913486056,435.8327,287.0558,-99
7913519389,440.8874,289.2253,-99
7913552722,445.4774,291.8759,-99
7913586055,448.6111,292.7549,-99
7913619388,451.3056,295.3083,-99
7913652721,455.3577,296.8355,-99
7913686054,459.6555,298.0411,-99
7913719387,465.1456,298.8608,-99
7913752720,468.7198,296.8677,-99
7913786053,469.9449,298.6273,-99
7913819386,473.9588,298.3242,-99
7913852719,476.5461,297.5256,-99
7913886052,478.3526,296.8917,-99
7913919385,479.9577,296.5282,-99
7913952718,480.6009,296.5476,-99
7913986051,481.9118,295.8315,-99
7914019384,481.2087,296.2174,-99
7914052717,480.4804,298.1637,-99
7914086050,478.0615,300.3204,-99
7914119383,478.8315,299.0353,-99
7914152716,477.7711,300.2658,-99
7914186049,476.1862,302.0714,-99
7914219382,474.5873,303.0279,-99
7914252715,472.0946,304.6547,-99
7914286048,468.7869,306.0773,-99
7914319381,465.2067,306.81,-99
7914352714,461.1095,306.7762,-99
7914386047,457.2064,305.0476,-99
7914419380,453.9759,306.4529,-99
7914452713,450.2505,307.2989,-99
7914486046,448.3641,306.051,-99
7914519379,447.7782,307.4677,-99
7914552712,448.093,308.4837,-99
7914586045,449.3828,308.0651,-99
7914619378,449.0416,309.7922,-99
7914652711,449.2015,312.4858,-99
7914686044,447.873,315.2676,-99
7914719377,446.5296,318.3478,-99
7914752710,447.366,319.3766,-99
7914786043,447.9713,320.4305,-99
7914819376,446.9827,321.2052,-99
7914852709,445.9096,322.9377,-99
7914886042,444.6465,324.2058,-99
7914919375,444.7977,325.07,-99
7914952708,444,327.4734,-99
7914986041,444.9179,328.8213,-99
7915019374,446.3852,330.4832,-99
7915052707,447.6414,331.7603,-99
7915086040,448.3054,333.2538,-99
7915119373,448.3814,336.5299,-99
7915152706,449.5105,339.3848,-99
7915186039,448.0724,339.4464,-99
7915219372,446.3217,342.0203,-99
7915252705,446.9514,345.2046,-99
7915286038,446.294,347.0236,-99
7915319371,447.8481,348.4304,-99
7915352704,448.8322,349.3914,-99
7915386037,449.1146,349.7966,-99
7915419370,448.3454,351.3402,-99
7915452703,447.5547,353.6803,-99
7915486036,446.972,353.6285,-99
7915519369,443.628,354.744,-99
7915552702,446.3062,354.7531,-99
7915586035,446.0675,356.075,-99
7915619368,446.61,359.8822,-99
7915652701,445.7921,362.0862,-99
7915686034,445.4496,363.2275,-99
7915719367,443.5303,364.0668,-99
7915752700,440.4803,362.8504,-99
7915786033,438.0747,361.951,-99
7915819366,435.6688,362.7426,-99
7915858278,432.1608,363.7703,-99
7915891611,428.8769,361.4255,-99
7915924944,424.1169,361.5325,-99
7915958277,422.8664,360.0688,-99
7915991610,424.2258,361.5134,-99
7916024943,421.1942,360.8107,-99
7916058276,418.3091,361.223,-99
7916091609,417.0024,363.0024,-99
7916124942,415.5601,364.5433,-99
7916158275,414.6525,366.13,-99
7916191608,413.5513,367.2649,-99
7916224941,412.669,368.7447,-99
7916258274,411.1841,370.1469,-99
7916291607,410.0542,372.0862,-99
7916324940,409.1972,373.6241,-99
7916358273,408.8936,375.4232,-99
7916391606,409.3159,376.7954,-99
7916424939,408.8716,379.2972,-99
7916458272,409.3359,381.7468,-99
7916491605,409.0109,384.4076,-99
7916524938,408.6408,387.4247,-99
7916558271,406.692,388.0047,-99
7916591604,404.3092,390.1535,-99
7916624937,402.5579,391.1694,-99
7916658270,399.5094,392.1677,-99
7916691603,399.8735,393.0836,-99
7916724936,399.2193,394.9301,-99
7916758269,397.8122,397.7643,-99
7916791602,397.7988,396.5581,-99
7916824935,395.7505,397.0824,-99
7916858268,394.324,396.9676,-99
7916891601,390.6967,399.605,-99
7916924934,385.963,400.3518,-99
7916958267,383.8347,399.9947,-99
7916991600,384.1895,401.3265,-99
7917024933,385.0613,401.7547,-99
7917058266,384.2618,400.2425,-99
7917091599,382.3058,400.2386,-99
7917124932,381.2163,397.744,-99
7917158265,381.2592,397.4946,-99
7917191598,380.7152,396.1634,-99
7917224931,378.1547,395.8453,-99
7917258264,376.82,395.5722,-99
7917291597,375.9314,395.6751,-99
7917324930,374.9875,395.2367,-99
7917358263,377.0889,395.0956,-99
7917391596,376.7191,394.0966,-99
7917424929,375.5099,393.1854,-99
7917458262,374.1356,392.6178,-99
7917491595,372.8761,392.8495,-99
7917527225,371.4943,393.2916,-99
7917560558,371.6529,394.0713,-99
7917593891,371.2289,395.6269,-99
7917627224,371.9789,396.5129,-99
7917660557,373.1342,397.9293,-99
7917693890,374.6941,401.0183,-99
7917727223,375.8267,403.3068,-99
7917760556,378.4082,405.4928,-99
7917793889,380.8642,408.6651,-99
7917827222,383.8546,412.3922,-99
7917860555,386.527,414.6135,-99
7917893888,388.537,416.9127,-99
7917927221,390.4888,418.6758,-99
7917960554,390.9935,421.2935,-99
7917993887,390.3664,421.6697,-99
7918027220,394.3857,422.8228,-99
7918060553,398.1861,426.0532,-99
7918093886,399.5902,426.8118,-99
7918127219,400.7117,427.8206,-99
7918160552,402.0116,428.1467,-99
7918193885,403.0097,428.383,-99
7918227218,403.8278,428.1664,-99
7918260551,405.0461,428.3167,-99
7918293884,405.491,428.1237,-99
7918327217,406.6387,428.5978,-99
7918360550,406.7385,428.9942,-99
7918393883,406.7705,429.1436,-99
7918427216,407.0733,429.032,-99
7918460549,406.7784,429.5456,-99
7918493882,405.7463,428.913,-99
7918527215,404.5346,428.3963,-99
7918560548,401.788,425.614,-99
7918593881,397.465,425.7091,-99
7918627214,396.2066,425.9502,-99
7918660547,394.3109,423.3277,-99
7918693880,391.8413,423.0337,-99
7918727213,388.2433,422.2162,-99
7918760546,383.533,421.126,-99
7918793879,383.6587,418.1336,-99
7918827212,382.0911,417.6859,-99
7918860545,380.5303,418.1041,-99
7918893878,379.2854,418.9481,-99
7918927211,378.9538,418.6326,-99
7918960544,379.0049,419.8941,-99
7918993877,380.3062,420.9019,-99
7919027210,382.2543,421.6741,-99
7919060543,385.0468,424.832,-99
7919093876,384.5167,426.5321,-99
7919127209,385.286,428.6209,-99
7919160542,383.8418,430.0411,-99
7919193875,383.5294,428.4482,-99
7919227208,385.4021,427.5335,-99
7919260541,386.8562,426.7015,-99
7919293874,386.3378,424.0838,-99
7919327207,384.2741,423.5305,-99
7919360540,382.1169,422.5448,-99
7919393873,380.9875,421.411,-99
7919427206,378.9523,421.8305,-99
7919460539,376.6729,422.5031,-99
7919493872,374.8083,421.17,-99
7919527205,372.6649,420.9202,-99
7919560538,369.5418,419.4901,-99
7919593871,366.9632,416.5447,-99
7919627204,367.3885,417.7268,-99
7919660537,367.8558,413.9474,-99
7919693870,365.7352,411.0183,-99
7919727203,366.5012,408.1801,-99
7919760536,365.9445,405.2778,-99
7919793869,364.553,403.7133,-99
7919827202,364.267,401.0187,-99
7919860535,363.7122,398.9457,-99
7919893868,362.9489,396.9075,-99
7919927201,362.7166,395.1451,-99
7919960534,362.2857,393.7388,-99
7919993867,362.6136,392.4239,-99
7920027200,363.2235,390.7741,-99
7920060533,363.2267,390.3651,-99
7920093866,362.7146,389.9911,-99
7920127199,363.0842,388.8942,-99
7920160532,362.6813,389.1686,-99
7920193865,362.2626,388.7899,-99
7920227198,361.675,388.9405,-99
7920260531,361.9392,388.9437,-99
7920293864,361.2506,389.6989,-99
7920327197,360.4518,390.4235,-99
7920360530,360.1643,390.7809,-99
7920393863,358.1211,390.9457,-99
7920427196,356.2717,391.1407,-99
7920460529,356.7755,390.9796,-99
7920493862,356.6029,391.8333,-99
7920527195,355.4892,391.196,-99
7920560528,356.4,392.226,-99
7920593861,357.7332,393.7332,-99
7920627194,357.0085,392.3129,-99
7920660527,356.0783,393.0582,-99
7920693860,356.0647,394.0622,-99
7920727193,355.6998,393.9723,-99
7920760526,355.7052,394.6768,-99
7920793859,355.8355,395.7137,-99
7920827192,356.9112,396.979,-99
7920853822,357.4518,399.9669,-99
7920887155,357.9686,398.6014,-99
7920920488,355.7495,398.178,-99
7920953821,356.071,398.9222,-99
7920987154,355.1432,399.3296,-99
7921020487,353.8818,399.9,-99
7921053820,353.2111,399.3667,-99
7921087153,351.8551,400.5584,-99
7921120486,349.6979,400.9555,-99
7921153819,348.0091,401.1164,-99
7921187152,345.2208,400.8565,-99
7921220485,340.6292,399.0499,-99
7921253818,338.4267,397.9744,-99
7921287151,336.7205,397.4353,-99
7921320484,336.1774,397.4839,-99
7921353817,333.6892,396.7117,-99
7921387150,332.4398,395.088,-99
7921420483,331.3318,394.1693,-99
7921453816,330.5855,394.0385,-99
7921487149,330.3365,394.5327,-99
7921520482,329.8795,395.0627,-99
7921553815,329.0736,395.9478,-99
7921587148,326.6557,396.3443,-99
7921620481,323.6682,397.2174,-99
7921653814,319.9257,397.4798,-99
7921687147,317.2054,398.1828,-99
7921720480,314.5799,398.8775,-99
7921753813,312.3758,399.8233,-99
7921787146,310.1261,400.3874,-99
7921820479,307.9153,400.8375,-99
7921853812,305.9335,401.1306,-99
7921887145,303.6598,401.8,-99
7921920478,301.5238,403.3175,-99
7921953811,300.5945,404.4401,-99
7921987144,297.8157,405.9193,-99
7922020477,295.7064,407.3135,-99
7922053810,293.3388,408.3552,-99
7922087143,291.141,408.6823,-99
7922120476,289.5861,408.673,-99
7922153809,288.5053,408.945,-99
7922187142,286.8687,407.3783,-99
7922220475,285.833,407.1478,-99
7922253808,284.2406,406.6372,-99
7922287141,282.2252,404.5712,-99
7922320474,281.4475,403.3867,-99
7922353807,280.021,404.1308,-99
7922387140,278.7805,402.9864,-99
7922420473,276.1904,400.6055,-99
7922453806,273.6735,398.8653,-99
7922487139,272.4568,396.6704,-99
7922520472,271.8422,394.25,-99
7922553805,270.8939,390.5485,-99
7922587138,269.0306,389.6612,-99
7922620471,268.7623,387.4731,-99
7922653804,267.4824,386.7953,-99
7922687137,265.3712,386.6473,-99
7922720470,263.0884,386.9698,-99
7922753803,260.7536,388.2679,-99
7922787136,258.6331,389.4388,-99
7922820469,257.3773,390.2893,-99
7922853802,255.6259,390.7668,-99
7922887135,254.2246,390.922,-99
7922920468,251.8605,389.8541,-99
7922953801,249.3896,387.6929,-99
7922987134,248.0152,386.4849,-99
7923020467,247.1167,385.4338,-99
7923053800,246.594,385.4568,-99
7923087133,244.4434,385.416,-99
7923120466,242.5737,385.5299,-99
7923153799,242.6531,386.864,-99
7923187132,240.1276,386.8863,-99
7923220465,238.025,386.5523,-99
7923253798,236.4503,386.3811,-99
7923287131,234.4764,385.2099,-99
7923320464,234.5111,384.2617,-99
7923353797,233.348,382.1277,-99
7923387130,233.6176,380.772,-99
7923420463,233.0114,378.6156,-99
7923453796,232.068,376.9563,-99
7923487129,232.0071,374.8123,-99
7923520462,229.5082,373.9247,-99
7923553795,227.2289,373.2434,-99
7923587128,226.058,372.1585,-99
7923620461,225.3205,371.8506,-99
7923653794,223.9809,371.8162,-99
7923687127,223.4048,371.5928,-99
7923720460,222.4099,371.7012,-99
7923753793,220.9621,371.5545,-99
7923787126,219.6302,371.6448,-99
7923820459,219.0857,371.4,-99
7923853792,217.9562,371.3795,-99
7923887125,215.8612,371.32,-99
7923920458,215.2289,370.8706,-99
7923953791,213.1746,368.7279,-99
7923987124,212.63,366.492,-99
7924020457,213.757,364.7671,-99
7924053790,213.4124,362.4397,-99
7924087123,213.7684,360.0863,-99
7924120456,214.3051,360.2513,-99
7924153789,213.9474,358.2055,-99
7924195920,214.1103,356.4812,-99
7924229253,212.7929,355.0177,-99
7924262586,210.3492,354.1212,-99
7924295919,208.2995,353.6863,-99
7924329252,207.3177,353.3694,-99
7924362585,206.4703,351.5742,-99
7924395918,206.4597,350.4052,-99
7924429251,205.678,348.2827,-99
7924462584,206.0091,345.7032,-99
7924495917,205.5797,342.8962,-99
7924529250,206.0685,341.1467,-99
7924562583,205.0485,338.5536,-99
7924595916,204.2663,336.1906,-99
7924629249,202.8247,334.1951,-99
7924662582,201.349,332.2396,-99
7924695915,199.5928,330.3892,-99
7924729248,198.0378,328.4358,-99
7924762581,197.0231,326.4769,-99
7924795914,196.6545,323.4939,-99
7924829247,194.4052,321.5457,-99
7924862580,191.8905,319.6691,-99
7924895913,191.0692,318.741,-99
7924929246,189.6578,317.8,-99
7924962579,187.0627,317.3735,-99
7924995912,184.6165,316.9799,-99
7925029245,183.2246,315.0535,-99
7925062578,180.8267,314.5247,-99
7925095911,178.1057,311.7426,-99
7925129244,177.5656,309.7737,-99
7925162577,178.4978,304.7711,-99
7925195910,178.5579,301.6805,-99
7925229243,179.2553,298.083,-99
7925262576,177.9798,298.8531,-99
7925295909,177.0251,294.8858,-99
7925329242,177.4512,293.7931,-99
7925362575,175.563,291.39,-99
7925395908,174.9773,290.3375,-99
7925429241,173.5069,287.2589,-99
7925462574,173.5242,286.1578,-99
7925495907,174.0168,282.7003,-99
7925529240,176.1989,279.8355,-99
7925562573,177.4255,277.42,-99
7925595906,179.5339,274.9648,-99
7925629239,180.5326,270.8616,-99
7925662572,180.3168,268.3901,-99
7925695905,178.7906,267.0576,-99
7925729238,177.4914,265.5725,-99
7925762571,175.639,264.8005,-99
7925795904,173.1429,264.0752,-99
7925829237,172.1563,263.2695,-99
7925868118,170.9116,261.4192,-99
7925901451,172.187,261.9621,-99
7925934784,171.7355,258.6366,-99
7925968117,173.3856,257.6702,-99
7926001450,174.0813,256.6179,-99
7926034783,175.2665,253.4274,-99
7926068116,175.5513,251.6393,-99
7926101449,176.1022,249.3309,-99
7926134782,174.4775,245.2102,-99
7926168115,175.4903,245.0748,-99
7926201448,174.9851,241.5025,-99
7926234781,174.0638,237.6522,-99
7926268114,175.6015,237.7146,-99
7926301447,178.0497,235.0414,-99
7926334780,180.103,233.3607,-99
7926368113,182.9647,233.457,-99
7926401446,185.2651,234.3398,-99
7926434779,187.0623,234.2206,-99
7926468112,188.4976,234.5667,-99
7926501445,188.6744,234.9692,-99
7926534778,186.0812,234.1765,-99
7926568111,184.2873,232.9887,-99
7926601444,182.7487,229.7256,-99
7926634777,180.8603,227.3578,-99
7926668110,179.2902,224.9425,-99
7926701443,178.8825,222.1547,-99
7926734776,179.0347,220.0053,-99
7926768109,181.2302,218.7903,-99
7926801442,182.0273,215.877,-99
7926834775,183.1053,213.3241,-99
7926868108,184.4556,211.0647,-99
7926901441,184.5983,208.2079,-99
7926934774,185.9147,206.8773,-99
7926968107,188.4315,205.5843,-99
7927001440,187.4772,205.0051,-99
7927034773,186.7649,204.7976,-99
7927068106,187.048,204.6893,-99
7927101439,187.2815,204.6686,-99
7927134772,187.73,204.5785,-99
7927168105,187.3058,203.022,-99
7927201438,186.9109,202.7405,-99
7927234771,186.0649,201.8243,-99
7927268104,185.9758,201.1694,-99
7927301437,186.1897,200.7069,-99
7927334770,186.3747,199.7143,-99
7927368103,187.9614,200.5372,-99
7927401436,189.6536,200.8296,-99
7927434769,190.9052,200.374,-99
7927468102,191.8591,199.6938,-99
7927501435,191.7146,199.0771,-99
7927534768,191.2962,198.9316,-99
7927568101,190.3017,198.0925,-99
7927601434,190.1811,197.4838,-99
7927634767,189.6425,195.9689,-99
7927668100,189.5572,194.8856,-99
7927701433,189.8868,193.8248,-99
7927734766,190.6061,192.7424,-99
7927768099,191.2302,191.4709,-99
7927801432,192.91,189.8863,-99
7927834765,193.1762,188.7383,-99
7927868098,193.4792,187.2005,-99
7927901431,194.4893,185.791,-99
7927934764,194.3806,184.1972,-99
7927968097,195.9068,182.0876,-99
7928001430,195.8939,180.8273,-99
7928034763,196.6892,179.4784,-99
7928068096,197.4893,178.2326,-99
7928101429,197.3395,177.5711,-99
7928134762,198.0402,176.9368,-99
7928168095,199.0444,176.6833,-99
7928201428,199.1167,175.8639,-99
7928234761,199.3254,174.6032,-99
7928268094,199.8032,174.3127,-99
7928301427,199.586,174.0806,-99
7928334760,201.1347,172.8304,-99
7928368093,203.7195,171.9525,-99
7928401426,204.4673,171.7361,-99
7928434759,204.9178,171.6101,-99
7928468092,207.0216,170.9838,-99
7928501425,209.5184,170.1711,-99
7928534758,211.3893,170.3947,-99
7928568091,212.9705,166.312,-99
7928601424,214.8155,165.9358,-99
7928634757,216.2867,162.5118,-99
7928668090,216.5137,161.5492,-99
7928701423,217.5922,158.0286,-99
7928734756,218.6429,157.4735,-99
7928768089,219.8201,155.8545,-99
7928801422,220.7423,153.5408,-99
7928834755,222.1499,152.8937,-99
7928868088,224,150.2732,-99
7928901421,226.0473,149.3905,-99
7928934754,227.2225,146.6806,-99
7928968087,230.5129,145.049,-99
7929001420,234.9884,143.838,-99
7929034753,237.7832,142.9093,-99
7929068086,239.8985,142.1546,-99
7929101419,240.9501,140.7795,-99
7929134752,243.281,140.8017,-99
7929168085,244.9522,139.3483,-99
7929203747,245.5589,136.789,-99
7929237080,246.2094,133.7383,-99
7929270413,246.517,132.8538,-99
7929303746,246.1409,131.6043,-99
7929337079,246.5657,129.6692,-99
7929370412,249.5241,129.0241,-99
7929403745,251.2922,128.5804,-99
7929437078,253.6695,127.9558,-99
7929470411,255.6879,126.9023,-99
7929503744,256.2482,125.4545,-99
7929537077,259.0567,124.0773,-99
7929570410,261.5722,122.2165,-99
7929603743,263.1925,121.3025,-99
7929637076,264.8987,121.544,-99
7929670409,265.5636,120.1792,-99
7929703742,268.7571,118.9693,-99
7929737075,271.7814,117.1597,-99
7929770408,272.4608,115.6097,-99
7929803741,273.8163,115.1002,-99
7929837074,276.4729,113.4747,-99
7929870407,276.7714,112.515,-99
7929903740,277.9319,111.1502,-99
7929937073,278.4911,110.0506,-99
7929970406,281.299,109.4412,-99
7930003739,283.6725,109.3526,-99
7930037072,285.6182,109.6597,-99
7930070405,287.9037,110.0807,-99
7930103738,290.4054,110.8034,-99
7930137071,293.0802,111.5189,-99
7930170404,294.8381,111.7154,-99
7930203737,295.7288,111.1158,-99
7930237070,297.5346,109.6158,-99
7930270403,299.5,108.8544,-99
7930303736,300.7747,108.272,-99
7930337069,302.2507,106.3193,-99
7930370402,303.1654,105.4784,-99
7930403735,303.6141,105.9318,-99
7930437068,305.2063,106.0825,-99
7930470401,308.7531,107.1469,-99
7930503734,310.4719,107.3285,-99
7930537067,313.1159,108.5404,-99
7930570400,315.9585,109.2846,-99
7930603733,318.3354,110.1687,-99
7930637066,320.6472,110.368,-99
7930670399,323.88,110.9924,-99
7930703732,325.5727,110.8141,-99
7930737065,326.8021,109.6915,-99
7930770398,329.4603,109.526,-99
7930803731,332.1088,108.9443,-99
7930837064,333.5648,108.4568,-99
7930870397,335.1821,108.153,-99
7930903730,336.6334,108.5885,-99
7930937063,339.1996,109.8158,-99
7930970396,341.1004,109.9665,-99
7931003729,343.4835,110.4725,-99
7931037062,346.3029,110.6679,-99
7931070395,348.1457,111.9075,-99
7931103728,350.7698,113.5861,-99
7931137061,352.1038,114.2208,-99
7931170394,353.9404,116.3702,-99
7931203727,355.7615,115.4905,-99
7931237060,357.9542,116.1196,-99
7931270393,359.5854,116.4426,-99
7931303726,359.7469,116.3598,-99
7931337059,360.5756,115.7215,-99
7931370392,362.2459,114.7268,-99
7931403725,364.6673,115.8416,-99
7931437058,365.6393,115.2635,-99
7931470391,368.2891,115.7822,-99
7931503724,369.6874,115.9141,-99
7931537057,371.2803,116.4735,-99
7931570390,374.2196,117.1964,-99
7931603723,376.3646,117.3592,-99
7931637056,378.5838,117.4694,-99
7931670389,380.8008,119.0677,-99
7931703722,382.247,119.836,-99
7931737055,383.8444,122.3195,-99
7931770388,385.0801,124.1927,-99
7931803721,386.9901,125.9646,-99
7931837054,388.9232,127.9405,-99
7931870387,390.4133,128.8791,-99
7931903720,394.0262,131.0075,-99
7931937053,396.0519,133.0427,-99
7931970386,398.1541,134.8289,-99
7932003719,400.6797,137.4124,-99
7932037052,402.3466,139.6413,-99
7932070385,403.9542,142.4669,-99
7932103718,406.135,145.6787,-99
7932137051,407.2837,147.3571,-99
7932170384,409.173,148.6181,-99
7932203717,411.1715,150.2846,-99
7932237050,412.2611,149.4163,-99
7932270383,414.5368,150.1684,-99
7932303716,415.9711,149.8627,-99
7932337049,418.3768,151.1698,-99
7932370382,420.3034,150.979,-99
7932403715,421.3333,150.3353,-99
7932437048,424.2463,151.0075,-99
7932470381,426.8333,151.9045,-99
7932503714,428.6264,152.5,-99
7932536813,431.4359,154.4359,-99
7932570146,433.4101,155.5936,-99
7932603479,436.0517,156.9814,-99
7932636812,439.0959,160.1687,-99
7932670145,440.7249,162.2849,-99
7932703478,441.4483,164.6734,-99
7932736811,442.4911,167.1631,-99
7932770144,443.8279,169.166,-99
7932803477,445.5234,171.7413,-99
7932836810,446.5126,174.1689,-99
7932870143,447.2691,176.3112,-99
7932903476,447.8857,177.8087,-99
7932936809,448.7678,177.9959,-99
7932970142,450.3991,179.4989,-99
7933003475,452.0402,181.4671,-99
7933036808,453.8814,181.8636,-99
7933070141,455.9981,183.1236,-99
7933103474,456.3681,184.2965,-99
7933136807,456.9768,185.8397,-99
7933170140,458.7392,188.8649,-99
7933203473,459.7541,190.7685,-99
7933236806,461.0655,192.621,-99
7933270139,460.8166,192.4269,-99
7933303472,461.8431,193.1373,-99
7933336805,460.1407,194.4667,-99
7933370138,460.188,200.1454,-99
7933403471,460.4011,206.7493,-99
7933436804,461.1183,209.9155,-99
7933470137,461.3264,213.8383,-99
7933503470,461.8249,217.5367,-99
7933536803,464.8444,222.2537,-99
7933570136,466.5485,225.1456,-99
7933603469,468.2609,227.4617,-99
7933636802,469.2134,230.7767,-99
7933670135,470.2185,231.6203,-99
7933703468,471.4838,231.635,-99
7933736801,471.7563,233.6377,-99
7933770134,470.87,233.0449,-99
7933803467,470.5013,234.7387,-99
7933836800,470.0831,237.5623,-99
7933870133,471.5199,239.0423,-99
7933903466,470.8831,242.7527,-99
7933936799,469.8079,245.8105,-99
7933970132,470.2599,249.8614,-99
7934003465,471.8474,252.4495,-99
7934036798,472.0273,254.6071,-99
7934070131,471.844,256.782,-99
7934103464,469.9454,258.1663,-99
7934136797,469.2734,260.4173,-99
7934170130,468.9231,261.7256,-99
7934203463,468.2397,263.0593,-99
7934236796,468.1164,265.3201,-99
7934270129,469.1243,267.0873,-99
7934303462,472.9608,270.7954,-99
7934336795,473.9719,272.4264,-99
7934370128,475.0177,273.1236,-99
7934403461,475.7371,273.3978,-99
7934436794,475.8681,272.0936,-99
7934470127,476.3715,273.0994,-99
7934503460,476.3814,274.2062,-99
7934536793,475.8602,274.2258,-99
7934570126,476.2934,274.7975,-99
7934603459,475.7771,275.7811,-99
7934636792,476.1137,277.6765,-99
7934670125,475.8554,278.9277,-99
7934703458,476.4418,279.7871,-99
7934736791,475.8798,280.4599,-99
7934770124,475.5874,280.8421,-99
7934803457,474.8469,280.6581,-99
7934836790,473.6606,281.2129,-99
7934870123,472.3724,282.6004,-99
7934903456,471.4796,282.6602,-99
7934936789,470.3992,283.8167,-99
7934970122,470.0345,284.743,-99
7935003455,470.4514,284.3142,-99
7935036788,469.481,279.7342,-99
7935136787,456.4706,284.9412,-99
7935170120,466.8689,289.5355,-99
7935203453,469.739,286.8365,-99
7935236786,472.9011,288.4725,-99
7935270119,471.6612,288.7166,-99
7935303452,472.4033,286.861,-99
7935336785,472.601,286.1399,-99
7935370118,472.5765,285.4441,-99
7935403451,472.2206,284.5618,-99
7935436784,471.3092,284.7283,-99
7935470117,468.537,286.2849,-99
7935503450,464.5438,287.0027,-99
7935536783,462.5235,288.6526,-99
7935570116,461.693,289.0702,-99
7935603449,460.1393,289.9056,-99
7935636782,458.2842,290.6496,-99
7935670115,456.2834,291.8323,-99
7935703448,454.7369,293.1857,-99
7935736781,453.697,294.0828,-99
7935770114,453.1529,295.4711,-99
7935803447,452.3568,296.1346,-99
7935836780,452.1718,296.089,-99
7935869191,448.1823,294.869,-99
7935902524,446.7794,294.1834,-99
7935935857,447.26,294.6622,-99
7935969190,446.4424,295.1702,-99
7936002523,445.8621,294.8621,-99
7936035856,446.6477,293.1032,-99
7936069189,444.99,291.7542,-99
7936102522,443.8429,290.1873,-99
7936135855,442.3819,289.6731,-99
7936169188,442.7333,290.2772,-99
7936202521,441.2924,289.0686,-99
7936235854,441.9842,291.2595,-99
7936269187,440.3443,292.459,-99
7936302520,440.5317,292.0436,-99
7936335853,440.7148,292.5513,-99
7936369186,439.585,288.34,-99
7936402519,439.3723,287.5065,-99
7936435852,442.9522,291.5758,-99
7936469185,442.6955,291.9213,-99
7936502518,443.1566,292.3929,-99
7936535851,443.3581,292.6074,-99
7936569184,443.7219,292.7444,-99
7936602517,444.0059,293.041,-99
7936635850,444.7284,293.7015,-99
7936669183,445.0616,294.0997,-99
7936702516,445.0029,294.7068,-99
7936735849,445.8151,294.7339,-99
7936769182,445.1045,294.4407,-99
7936802515,445.6805,294.7889,-99
7936835848,444.5943,294.7339,-99
7936869181,443.1355,295.8581,-99
7936902514,442.675,296.2795,-99
7936935847,442.2267,296.6437,-99
7936969180,443.8243,295.427,-99
7937002513,443.5703,295.4557,-99
7937035846,444.3499,295.3747,-99
7937069179,443.345,295.3477,-99
7937102512,442.7864,292.3119,-99
7937135845,443.2492,294.4551,-99
7937169178,443.9758,297.2976,-99
7937202511,444.5197,297.9727,-99
7937235844,444.4973,300.9497,-99
7937269177,444.0882,305.2124,-99
7937302510,446.3385,310.2568,-99
7937335843,446.8015,313.0578,-99
7937369176,446.6833,317.5042,-99
7937402509,446.7602,320.6679,-99
7937435842,444.4914,321.3643,-99
7937469175,443.8327,323.9466,-99
7937502508,441.8175,328.2433,-99
7937544639,437.75,330.9535,-99
7937577972,438.8111,331.5254,-99
7937611305,440.7318,334.7277,-99
7937644638,439.8112,338.9171,-99
7937677971,438.5365,341.6075,-99
7937711304,438.188,344.3663,-99
7937744637,438.5235,347.0706,-99
7937777970,438.3901,349.4846,-99
7937811303,438.8844,351.2163,-99
7937844636,439.303,353.6,-99
7937877969,439.5335,355.4414,-99
7937911302,440.0262,355.5207,-99
7937944635,440.2767,356.8742,-99
7937977968,439.5367,358.0985,-99
7938011301,438.0459,359.8246,-99
7938044634,436.6383,360.0514,-99
7938077967,434.7183,361.6278,-99
7938111300,433.7842,362.1214,-99
7938144633,432.3531,363.4332,-99
7938177966,431.2793,364.5957,-99
7938211299,429.9833,365.2944,-99
7938244632,428.8835,366.4584,-99
7938277965,426.9395,368.1169,-99
7938311298,423.3839,368.7172,-99
7938344631,420.2396,367.312,-99
7938377964,417.5601,367.3639,-99
7938411297,414.4018,369.6556,-99
7938444630,413.4227,373.049,-99
7938477963,410.7825,375.0955,-99
7938511296,412.4424,374.5576,-99
7938544629,411.0515,377.9636,-99
7938577962,411.3506,380.0454,-99
7938611295,410.1869,381.4221,-99
7938644628,409.2585,383.4694,-99
7938677961,408.9126,385.1748,-99
7938711294,407.8192,388.0627,-99
7938744627,405.4164,389.0318,-99
7938777960,403.062,388.6589,-99
7938811293,398.0199,386.9569,-99
7938844626,397.5263,389.3835,-99
7938877959,396.4542,389.1834,-99
7938911292,396.1905,389.6044,-99
7938944625,395.0469,389.908,-99
7938977958,393.744,390.0802,-99
7939011291,393.2463,390.5056,-99
7939044624,391.8393,391.7826,-99
7939077957,390.3675,392.0705,-99
7939111290,389.9389,393.7023,-99
7939144623,390.8705,395.5372,-99
7939177956,388.6093,396.9286,-99
7939213618,387.4526,396.5494,-99
7939246951,384.6831,396.7541,-99
7939280284,382.4423,395.9272,-99
7939313617,379.572,394.7691,-99
7939346950,377.8214,393.268,-99
7939380283,377.7921,392.3638,-99
7939413616,376.5341,393.6727,-99
7939446949,372.6284,396.0257,-99
7939480282,374.9052,397.5885,-99
7939513615,374.2992,401.0458,-99
7939546948,372.4823,400.1206,-99
7939580281,369.3159,401.0213,-99
7939613614,367.3165,400.8708,-99
7939646947,368.9042,401.7033,-99
7939680280,365.2643,400.2172,-99
7939713613,362.1608,400.5461,-99
7939746946,361.3873,399.4976,-99
7939780279,359.7263,399.571,-99
7939813612,359.3704,401.9202,-99
7939846945,360.1375,403.3908,-99
7939880278,365,404.2738,-99
7939913611,364.2134,405.2982,-99
7939946944,364.2954,406.3011,-99
7939980277,364.9666,405.7112,-99
7940013610,364.0727,401.9749,-99
7940046943,361.1584,401.3094,-99
7940080276,360.9644,401.6169,-99
7940113609,359.5551,400.8833,-99
7940146942,356.1038,400.3848,-99
7940180275,354.6413,400.4756,-99
7940213608,351.9754,402.2646,-99
7940246941,353.2909,407.7091,-99
7940280274,354.1833,409.7667,-99
7940313607,354.3294,409.6872,-99
7940346940,353.2904,409.3349,-99
7940380273,350.5398,408.7699,-99
7940413606,347.7422,407.5489,-99
7940446939,344.2213,406.6979,-99
7940480272,341.1521,405.2081,-99
7940513605,338.9618,403.1444,-99
7940546938,338.1059,402.5203,-99
7940580271,337.1342,402.7199,-99
7940613604,336.6589,402.1706,-99
7940646937,335.5899,403.3684,-99
7940680270,334.8186,405.8435,-99
7940713603,334.2068,406.6159,-99
7940746936,333.2375,408.6393,-99
7940780269,331.6613,409.9049,-99
7940813602,328.1978,409.0036,-99
7940846935,326.1949,409.2346,-99
7940880268,324.1424,409.4528,-99
7940913601,323.2432,410.6887,-99
7940946934,320.7884,409.6068,-99
7940980267,317.1053,409.6842,-99
7941013600,316.6849,411.8385,-99
7941046933,313.9888,410.1834,-99
7941080266,312.6162,410.0632,-99
7941113599,309.3462,410.4366,-99
7941146932,306.7081,409.8388,-99
7941180265,302.931,408.6287,-99
7941213598,299.2316,406.2178,-99
7941246931,296.7081,404.7872,-99
7941280264,293.6259,402.6444,-99
7941313597,292.0775,400.2132,-99
7941346930,291.5133,400.5978,-99
7941380263,290.6414,400.269,-99
7941413596,290.2817,400.5329,-99
7941446929,289.3148,401.1736,-99
7941480262,287.344,403.4128,-99
7941513595,286.4315,404.3991,-99
7941546928,285.4673,404.991,-99
7941580261,283.2998,405.5172,-99
7941613594,282.051,405.5454,-99
7941646927,278.6863,402.9582,-99
7941680260,276.6972,401.7383,-99
7941713593,275.2574,400.5551,-99
7941746926,273.0876,400.0931,-99
7941780259,271.8654,399.1584,-99
7941813592,269.5535,398.0131,-99
7941846925,266.4583,396.817,-99
7941880258,265.9017,397.5085,-99
7941913591,264.6464,396.9742,-99
7941946924,261.7711,396.2169,-99
7941980257,259.175,392.0327,-99
7942013590,257.825,389.4477,-99
7942046923,257.7143,388.1801,-99
7942080256,256.48,385.3091,-99
7942113589,257.1285,385.6993,-99
7942146922,256.8294,386.1635,-99
7942180255,255.5844,385.0098,-99
7942213588,254.4682,384.1929,-99
7942246921,252.7112,384.3699,-99
7942280254,251.3651,384.1953,-99
7942313587,250.1858,384.3227,-99
7942346920,249.7689,383.6959,-99
7942380253,247.5947,379.831,-99
7942413586,247.4139,378.3407,-99
7942446919,246.1601,377.5672,-99
7942480252,246.5831,379.2744,-99
7942513585,246.157,378.3503,-99
7942545996,245.2385,377.6009,-99
7942579329,242.3783,376.3373,-99
7942612662,239.7448,375.9356,-99
7942645995,238.4386,375.2892,-99
7942679328,236.1775,375.048,-99
7942712661,235.0205,374.6378,-99
7942745994,233.054,374.3075,-99
7942779327,231.1742,373.7422,-99
7942812660,230.1232,373.5427,-99
7942845993,229.215,373.4807,-99
7942879326,227.7097,373.67,-99
7942912659,227.1619,373.3262,-99
7942945992,226.0838,372.6142,-99
7942979325,224.205,371.1125,-99
7943012658,223.6458,369.5972,-99
7943045991,221.6294,366.5711,-99
7943079324,222.2729,365.5995,-99
7943112657,221.7702,363.5795,-99
7943145990,220.9631,361.682,-99
7943179323,220.4826,360.1903,-99
7943212656,220.0738,359.3511,-99
7943245989,219.4527,358.1317,-99
7943279322,218.1414,357.6725,-99
7943312655,217.9098,358.0268,-99
7943345988,217.5537,357.0716,-99
7943379321,216.3909,355.0648,-99
7943412654,215.437,354.6504,-99
7943445987,213.4421,353.9787,-99
7943479320,211.9653,352.6452,-99
7943512653,210.2678,351.4816,-99
7943545986,209.0785,351.2329,-99
7943579319,206.7438,350.6995,-99
7943612652,204.7927,350.1293,-99
7943645985,203.2536,349.5193,-99
7943679318,201.1503,348.5923,-99
7943712651,199.3793,346.7758,-99
7943745984,196.8282,345.0573,-99
7943779317,196.5545,341.6949,-99
7943812650,195.6432,340.327,-99
7943845983,195.8747,337.8797,-99
7943879316,194.7748,336.0429,-99
7943912649,194.1225,334.31,-99
7943945982,192.3172,332.1909,-99
7943979315,190.7603,331.0964,-99
7944012648,189.6169,330.1567,-99
7944045981,189.3736,329.0302,-99
7944079314,189.8038,327.8692,-99
7944112647,190.5905,326.5251,-99
7944145980,190.6824,325.1365,-99
7944179313,191.4251,323.7192,-99
7944213334,190.4286,323.6327,-99
7944246667,189.516,324.5936,-99
7944280000,188.374,326.0776,-99
7944313333,188.0531,326.8462,-99
7944346666,187.9129,326.8311,-99
7944379999,187.6623,326.2487,-99
7944413332,186.6082,325.3534,-99
7944446665,185.6859,324.6937,-99
7944479998,184.7781,326.2567,-99
7944513331,184.2969,327.7135,-99
7944546664,182.8493,328.6545,-99
7944579997,182.5924,328.6304,-99
7944613330,181.5657,327.7954,-99
7944646663,181.9825,326.4662,-99
7944679996,181.9611,326.3213,-99
7944713329,183.2912,325.5387,-99
7944746662,184.1496,324.5686,-99
7944779995,184.8409,324.1167,-99
7944813328,185.4429,323.9484,-99
7944846661,186.3913,324.2813,-99
7944879994,186.7093,324.1173,-99
7944913327,186.8686,324.0536,-99
7944946660,187.9921,322.571,-99
7944979993,188.4834,321.8177,-99
7945013326,190.0829,319.044,-99
7945046659,192.0938,316.2813,-99
7945079992,192.9476,315.11,-99
7945113325,194.733,314.5966,-99
7945146658,194.5847,313.4294,-99
7945179991,194.259,312.9063,-99
7945213324,192.7666,312.0027,-99
7945246657,190.8964,311.2941,-99
7945279990,188.4786,310.5856,-99
7945313323,187.238,309.3291,-99
7945346656,186.625,307.7261,-99
7945379989,185.9032,305.7146,-99
7945413322,187.0932,303.5068,-99
7945446655,187.1833,301.3288,-99
7945479988,188.394,299.8985,-99
7945513321,187.9201,296.9256,-99
7945546654,186.9164,294.7076,-99
7945579987,186.0547,292.5625,-99
7945613320,185.41,291.2271,-99
7945646653,183.1616,288.5014,-99
7945679986,182.5305,286.6366,-99
7945713319,181.7314,283.3378,-99
7945746652,181.0213,281.2267,-99
7945779985,181.5237,278.9053,-99
7945813318,182.3949,276.6676,-99
7945846651,182.3369,274.7951,-99
7945879984,182.762,272.5348,-99
7945913317,181.7357,270.3317,-99
7945946650,180.3744,269.5402,-99
7945979983,177.8512,268.4326,-99
7946013316,175.6077,267.3923,-99
7946046649,174.0622,266.9482,-99
7946079982,173.3808,267.3836,-99
7946113315,171.8496,264.195,-99
7946146648,172.9453,262.1771,-99
7946179981,172.7756,259.9801,-99
7946213314,174.6887,258.5454,-99
7946246647,175.0482,256.5693,-99
7946279980,174.9669,253.8072,-99
7946313313,175.1754,251.6901,-99
7946346646,174.5553,248.1022,-99
7946379979,175.6925,245.6675,-99
7946413312,174.6099,242.9164,-99
7946446645,176.3802,241.3698,-99
7946479978,177.4944,240.7917,-99
7946513311,177.6704,237.0754,-99
7946546644,180.3834,237.3164,-99
7946579977,180.288,233.3071,-99
7946613310,182.9597,231.9078,-99
7946646643,184.3179,229.2554,-99
7946679976,184.5924,226.9076,-99
7946713309,185.2407,224.3995,-99
7946746642,185.4975,222.1305,-99
7946779975,185.2119,220.3954,-99
7946813308,185.9066,219.6515,-99
7946846641,184.3008,217.4624,-99
7946879974,184.5028,216.9775,-99
7946913307,184.7401,215.2822,-99
7946946640,185.3205,213.2538,-99
7946979973,187.5812,212.2635,-99
7947013306,187.6776,211.2965,-99
7947046639,187.3937,210.0105,-99
7947079972,187.8371,209.1826,-99
7947113305,189.6877,207.6448,-99
7947146638,189.5977,204.7644,-99
7947179971,190.5303,202.3258,-99
7947213304,190.6501,200.5802,-99
7947246637,190.9944,199.4274,-99
7947279970,190.7239,197.2535,-99
7947313303,191.1158,196.7825,-99
7947346636,190.0714,193.3363,-99
7947379969,189.3646,192.8343,-99
7947413302,189.7629,192.6314,-99
7947446635,191,190.1584,-99
7947479968,192.0931,189.2192,-99
7947513301,193.9306,186.4087,-99
7947548009,195.5322,184.8743,-99
7947581342,197.2778,182.6063,-99
7947614675,199.1111,180.8589,-99
7947648008,201.4453,179.1493,-99
7947681341,203.7682,177.9542,-99
7947714674,206.1017,176.8571,-99
7947748007,208.0058,175.6985,-99
7947781340,209.9641,174.721,-99
7947814673,211.7973,173.9378,-99
7947848006,212.8187,174.3599,-99
7947881339,213.2443,173.3249,-99
7947914672,214.1572,171.5696,-99
7947948005,215.2903,170.1532,-99
7947981338,216.4987,169.4164,-99
7948014671,217.2818,168.3794,-99
7948048004,217.5877,165.521,-99
7948081337,217.814,166.0243,-99
7948114670,217.9785,165.8954,-99
7948148003,217.9348,164.416,-99
7948181336,218.0517,162.1835,-99
7948214669,219.7734,160.8281,-99
7948248002,220.8015,158.0645,-99
7948281335,222.3646,157.7443,-99
7948314668,223.4324,157.1671,-99
7948348001,224.9043,156.7367,-99
7948381334,226.1212,156.5399,-99
7948414667,227.3482,156.8189,-99
7948448000,227.737,156.6358,-99
7948481333,228.2768,156.1161,-99
7948514666,227.8165,155.8956,-99
7948547999,229.3596,157.0468,-99
7948581332,230.3561,157.6781,-99
7948614665,231.7856,158.9856,-99
7948647998,232.4525,159.9876,-99
7948681331,233.5638,160.5876,-99
7948714664,234.3243,160.9534,-99
7948747997,232.8564,160.8351,-99
7948781330,234.1859,158.2462,-99
7948814663,234.9562,157.7191,-99
7948847996,236.7069,153.8014,-99
7948881329,238.6993,149.9332,-99
7948914662,241.1089,148.6788,-99
7948947995,242.6762,144.8316,-99
7948981328,244.3179,145.1128,-99
7949014661,246.9974,143.387,-99
7949047994,250.285,142.4962,-99
7949081327,253.2872,141.7633,-99
7949114660,255.9327,140.7631,-99
7949147993,256.8936,141.4894,-99
7949181326,257.8886,137.5569,-99
7949214659,258.469,136.3639,-99
7949247992,258.5944,132.8393,-99
7949281325,259.2997,130.2654,-99
7949314658,259.9632,128.3026,-99
7949347991,262.655,127.0019,-99
7949381324,263.9022,125.4691,-99
7949414657,265.5757,125.4962,-99
7949447990,267.3042,124.9886,-99
7949481323,268.9905,124.1701,-99
7949514656,270.3103,124.1272,-99
7949547989,269.3253,122.6425,-99
7949581322,271.5211,122.1079,-99
7949614655,273.4119,121.3226,-99
7949647988,275.6228,120.8685,-99
7949681321,278.16,119.6,-99
7949714654,280.7593,119.507,-99
7949747987,284.3784,119.6956,-99
7949781320,286.037,117.8667,-99
7949814653,288.7753,117.4148,-99
7949847986,291.9828,117.2438,-99
7949881319,295.106,118.0707,-99
7949914652,297.7647,118.2532,-99
7949947985,300.7034,117.8504,-99
7949981318,303.3297,118.1703,-99
7950014651,305.176,117.9056,-99
7950047984,307.6198,116.5085,-99
7950081317,309.3268,115.8212,-99
7950114650,310.4749,113.5678,-99
7950147983,312.807,112.1278,-99
7950181316,313.8855,111.8827,-99
7950214649,314.6184,110.8237,-99
7950247982,316.7287,110.354,-99
7950281315,320.4141,111.1511,-99
7950314648,322.2801,111.1245,-99
7950347981,326.1461,110.5977,-99
7950381314,327.4108,110.4834,-99
7950414647,328.6812,109.7077,-99
7950447980,331.9466,109.3842,-99
7950481313,334.9385,109.6256,-99
7950514646,337.8579,109.7131,-99
7950547979,340.2357,111.5743,-99
7950581312,341.498,113.8388,-99
7950614645,340.9978,115.0907,-99
7950647978,342.2396,115.9231,-99
7950681311,341.8203,115.3165,-99
7950714644,342.1242,116.7305,-99
7950747977,343.6129,117.7248,-99
7950781310,343.7452,117.5271,-99
7950814643,344.1171,116.6301,-99
7950847976,345.9,117.3655,-99
7950886889,346.1165,117.6037,-99
7950920222,346.7143,116.4524,-99
7950953555,346.9053,116.6546,-99
7950986888,347.5343,116.5629,-99
7951020221,346.4194,116.1722,-99
7951053554,345.9624,115.3759,-99
7951086887,345.7885,114.9563,-99
7951120220,344.7481,113.8988,-99
7951153553,345.7912,112.1523,-99
7951186886,347.1981,110.7246,-99
7951220219,347.8297,109.9496,-99
7951253552,348.1409,110.4226,-99
7951286885,349.4673,110.3923,-99
7951320218,350.3151,111.2159,-99
7951353551,350.5951,112.4463,-99
7951386884,350.8975,113.9575,-99
7951420217,351.2993,115,-99
7951453550,352.3963,116.5668,-99
7951486883,352.5886,116.6341,-99
7951520216,353.4736,116.1202,-99
7951553549,354.3358,115.4185,-99
7951586882,354.7625,114.4062,-99
7951620215,355.5907,113.9142,-99
7951653548,355.769,112.0051,-99
7951686881,355.7796,111.4739,-99
7951720214,357.0526,110.6165,-99
7951753547,357.8223,110.9284,-99
7951786880,358.1922,111.6078,-99
7951820213,359.1781,111.8219,-99
7951853546,360.5436,112.7795,-99
7951886879,361.4914,114.3292,-99
7951920212,363.7406,115.8337,-99
7951953545,365.9505,115.5891,-99
7951986878,368.0253,115.7418,-99
7952020211,370.541,115.8154,-99
7952053544,373.1065,115.6052,-99
7952086877,374.6892,115.5595,-99
7952120210,375.6138,115.8849,-99
7952153543,376.8553,115.9638,-99
7952186876,377.888,116.9583,-99
7952220209,379.8184,119.8739,-99
7952253542,380.6126,122.1306,-99
7952286875,382.8701,124.2953,-99
7952320208,383.7733,126.9143,-99
7952353541,385.1341,128.797,-99
7952386874,385.34,131.0865,-99
7952420207,387.0616,134.0278,-99
7952453540,389.7957,137.5145,-99
7952486873,389.7179,137.9446,-99
7952520206,391.864,138.6222,-99
7952562337,394.5203,139.7046,-99
7952595670,396.4319,140.1466,-99
7952629003,398.8805,139.7065,-99
7952662336,400.4312,138.987,-99
7952695669,401.2146,138.7311,-99
7952729002,402.7445,138.8029,-99
7952762335,404.6342,141.0177,-99
7952795668,406.684,143.474,-99
7952829001,408.2448,144.9066,-99
7952862334,410.7383,147.6085,-99
7952895667,412.1892,148.8043,-99
7952929000,414.5403,149.7464,-99
7952962333,416.1792,150.7247,-99
7952995666,418.6848,152.1576,-99
7953028999,421.1593,154.1514,-99
7953062332,423.3185,156.9087,-99
7953095665,425.9416,159.5455,-99
7953128998,429.2149,161.7255,-99
7953162331,431.7841,163.2727,-99
7953195664,433.6996,165.786,-99
7953228997,436.4594,167.8537,-99
7953262330,438.7687,170.8488,-99
7953295663,441.2814,173.308,-99
7953328996,442.4333,175.308,-99
7953362329,442.9876,176.9979,-99
7953395662,444.3439,178.5316,-99
7953428995,444.5853,180.7032,-99
7953462328,445.2086,182.2188,-99
7953495661,446.1518,184.2591,-99
7953528994,446.6047,187.0137,-99
7953562327,447.5966,188.9981,-99
7953595660,449.0784,189.4804,-99
7953628993,450.5692,191.4339,-99
7953662326,453.0673,193.7187,-99
7953695659,455.48,195.6233,-99
7953728992,457.9608,196.2278,-99
7953762325,461.0734,196.2936,-99
7953795658,462.9489,196.0795,-99
7953828991,463.7977,196.3724,-99
7953862324,464.5069,196.5235,-99
7953895657,464.9942,197.2536,-99
7953928990,464.6,198.8818,-99
7953962323,462.6064,202.8762,-99
7953995656,462.8758,204.8153,-99
7954028989,465.2946,206.7491,-99
7954062322,466.9394,210.0253,-99
7954095655,471.076,216.8924,-99
7954128988,469.2143,217.6071,-99
7954162321,469.6606,217.1913,-99
7954195654,471.9515,217.7116,-99
7954228987,474.0439,218.1963,-99
7954262320,475.1591,217.7659,-99
7954295653,475.3493,217.6914,-99
7954328986,475.6859,219.1544,-99
7954362319,474.547,220.4779,-99
7954395652,473.0256,223.4773,-99
7954428985,470.9672,224.9262,-99
7954462318,470.8806,231.7419,-99
7954495651,469.6316,235.9211,-99
7954528984,469.144,241.4475,-99
7954562317,468.6389,242.9087,-99
7954595650,469.9801,244.4223,-99
7954628983,469.6461,243.9538,-99
7954662316,469.1936,243.2543,-99
7954695649,470.159,242.4854,-99
7954728982,470.7614,242.2451,-99
7954762315,471.0836,240.1706,-99
7954795648,469.7054,239.5311,-99
7954828981,471.0295,240.8354,-99
7954862314,471.792,242.4026,-99
7954895647,473.0293,244.6276,-99
7954928980,472.9683,250.4,-99
7954962313,471.905,252.3492,-99
7954995646,470.7236,255.1382,-99
7955028979,470.7802,256.5638,-99
7955062312,469.7576,257.8333,-99
7955095645,471.2677,267.0151,-99
7955128978,466.1707,273.0406,-99
7955162311,465.7778,275.3333,-99
7955195644,471.6504,275.3089,-99
7955228977,474.0121,276.2606,-99
7955262310,477.5833,273.1591,-99
7955295643,475.6806,277.9058,-99
7955328976,472.8669,279.8369,-99
7955362309,471.0691,281.4746,-99
7955395642,469.4733,282.3626,-99
7955428975,468.2222,282.1818,-99
7955462308,468.8742,280.1126,-99
7955495641,469.5965,279.617,-99
7955528974,470.8029,279.7652,-99
7955562307,471.0508,280.9465,-99
7955595640,471.2344,284.2344,-99
7955628973,471.4149,285.0437,-99
7955662306,473.6017,284.1805,-99
7955695639,473.2624,285.2735,-99
7955728972,470.8394,285.7634,-99
7955762305,468.2347,289.0306,-99
7955795638,467.5313,292.1617,-99
7955828971,461.1123,295.058,-99
7955862304,459.6196,295.6956,-99
7955891465,459.8079,297.8136,-99
7955924798,460.6613,300.318,-99
7955958131,460.931,301.3556,-99
7955991464,459.7067,303.4978,-99
7956024797,458.2423,306.5103,-99
7956058130,457.211,307.9507,-99
7956091463,458.9789,307.0181,-99
7956124796,462.7405,308.379,-99
7956158129,462.2359,309.8231,-99
7956191462,459.8255,313.1029,-99
7956224795,458.7803,314.5628,-99
7956258128,457.4871,316.3276,-99
7956291461,455.9661,317.8708,-99
7956324794,455.6879,319.1677,-99
7956358127,455.5,320.3238,-99
7956391460,456.2629,321.2303,-99
7956424793,455.4918,322.2377,-99
7956458126,452.3067,325.2818,-99
7956491459,450.8735,326.2912,-99
7956524792,450.5029,328.6912,-99
7956558125,448.9869,330.6335,-99
7956591458,448.1821,330.9783,-99
7956624791,450.5564,331.5789,-99
7956658124,450.6867,334.9578,-99
7956691457,450.2238,337.3867,-99
7956724790,450.5958,340.5092,-99
7956758123,451.0812,340.7719,-99
7956791456,451.0427,342.3903,-99
7956824789,447.6033,341.7443,-99
7956858122,446.3531,343.2642,-99
7956891455,445.1544,346.3157,-99
7956924788,440.5738,346.2886,-99
7956958121,438.2424,347.0985,-99
7956991454,438.2,347.6613,-99
7957024787,438.1137,349.1603,-99
7957058120,439.9542,352.4641,-99
7957091453,438.432,355.4711,-99
7957124786,436.6059,357.8059,-99
7957158119,434.7111,356.5086,-99
7957191452,430.1985,358.8132,-99
7957224785,433.8062,364.3385,-99
7957258118,433.6219,365.4341,-99
7957291451,432.1297,364.8778,-99
7957324784,429.8065,365.1861,-99
7957358117,427.5699,364.8521,-99
7957391450,425.2664,365.9249,-99
7957424783,420.7199,368.4989,-99
7957458116,420.0853,370.0465,-99
7957491449,418.5748,371.7664,-99
7957524782,416.843,373.4865,-99
7957558115,416.1502,373.713,-99
7957591448,415.0652,373.8656,-99
7957624781,414.0705,375.9075,-99
7957658114,412.6151,377.9937,-99
7957691447,416.0215,379.2362,-99
7957724780,414.9037,381.3853,-99
7957758113,415.5861,382.9366,-99
7957791446,417.67,385.7789,-99
7957824779,417.6263,386.5926,-99
7957858112,416.7355,386.2838,-99
7957891445,416.532,387.5517,-99
7957924778,417.6945,387.3081,-99
7957958111,415.962,389.4582,-99
7957991444,413.707,388.8338,-99
7958024777,410.0152,393.1089,-99
7958058110,408.8614,395.0652,-99
7958091443,407.1317,392.9392,-99
7958124776,409.2946,392.0357,-99
7958158109,412.8102,392.9583,-99
7958191442,412.3469,393.2943,-99
7958224775,411.9457,393.9706,-99
7958258108,410.827,397.1225,-99
7958291441,409.4843,397.4972,-99
7958324774,408.1709,397.3825,-99
7958358107,405.816,395.9879,-99
7958391440,403.1045,395.6667,-99
7958424773,399.9118,395.2083,-99
7958458106,397.4648,394.9202,-99
7958491439,392.9338,396.8922,-99
7958524772,389.5935,396.4873,-99
7958558105,386.8138,395.9952,-99
7958591438,385.9739,396.637,-99
7958624771,383.9021,397.5757,-99
7958658104,382.4622,397.8985,-99
7958691437,382.3138,397.0539,-99
7958724770,381.4757,396.642,-99
7958758103,376.6205,396.148,-99
7958791436,374.8368,395.9531,-99
7958824769,373.9344,395.5191,-99
7958858102,372.789,394.7927,-99
7958891435,370.8778,395.0768,-99
7958924768,372.9519,395.7571,-99
7958958101,371.591,396.6076,-99
7958991434,370.656,397.6399,-99
7959024767,369.773,398.236,-99
7959058100,369.068,399.9093,-99
7959091433,366.9726,400.6772,-99
7959124766,363.929,401.1949,-99
7959158099,361.913,401.9741,-99
7959191432,358.6691,402.7107,-99
7959224531,354.4508,402.9426,-99
7959257864,353.06,404.158,-99
7959291197,350.7123,405.5685,-99
7959324530,346.3021,405.0325,-99
7959357863,342.5223,407.1762,-99
7959391196,342.7263,409.3185,-99
7959424529,340.5869,409.7681,-99
7959457862,338.2854,410.7582,-99
7959491195,336.3606,411.8274,-99
7959524528,334.5372,412.5209,-99
7959557861,330.9642,412.8084,-99
7959591194,327.5694,411.9396,-99
7959624527,325.3375,409.914,-99
7959657860,321.6395,410.8979,-99
7959691193,320.011,412.2912,-99
7959724526,319.7523,413.3945,-99
7959757859,317.9263,412.9377,-99
7959791192,317.3774,410.9832,-99
7959824525,312.9876,410.6407,-99
7959857858,311.7821,410.9107,-99
7959891191,309.17,410.9175,-99
7959924524,307.8151,410.4315,-99
7959957857,307.8004,409.974,-99
7959991190,307.5339,408.2831,-99
7960024523,307.8643,407.3093,-99
7960057856,308.1543,406.6286,-99
7960091189,307.2603,405.1105,-99
7960124522,306.8965,404.1615,-99
7960157855,305.6571,403.8286,-99
7960191188,306.4359,403.3633,-99
7960224521,308.2189,404.3479,-99
7960257854,308.2125,403.6282,-99
7960291187,306.8117,403.7987,-99
7960324520,305.6528,404.2555,-99
7960357853,305.8297,404.823,-99
7960391186,304.7285,406.0272,-99
7960424519,303.3378,407.3889,-99
7960457852,301.8952,408.4533,-99
7960491185,297.6118,407.7935,-99
7960524518,294.6198,407.2937,-99
7960557851,292.8193,406.9818,-99
7960591184,290.7935,406.7189,-99
7960624517,288.685,406.2751,-99
7960657850,286.1758,406.1246,-99
7960691183,285.6388,406.4612,-99
7960724516,284.6948,406.8117,-99
7960757849,282.9112,407.3404,-99
7960791182,281.8952,407.7249,-99
7960824515,278.6487,406.6353,-99
7960857848,277.2635,406.3615,-99
7960893509,274.9034,404.2862,-99
7960926842,272.8065,402.9726,-99
7960960175,270.8678,401.682,-99
7960993508,271.2857,399.0367,-99
7961026841,270.992,398.2305,-99
7961060174,271.0703,398.619,-99
7961093507,269.7539,397.7428,-99
7961126840,268.2598,397.2965,-99
7961160173,266.3207,398.2382,-99
7961193506,264.7592,399.1296,-99
7961226839,263.7321,399.0915,-99
7961260172,261.8884,398.1116,-99
7961293505,260.5456,395.9716,-99
7961326838,257.9722,393.6741,-99
7961360171,258.0615,394.4633,-99
7961393504,257.5759,392.2768,-99
7961426837,255.9539,391.9078,-99
7961460170,254.4811,391.1439,-99
7961493503,252.935,390.9489,-99
7961526836,250.6116,391.1651,-99
7961560169,247.8199,391.0616,-99
7961593502,245.1454,387.9522,-99
7961626835,244.1413,386.2286,-99
7961660168,242.7008,384.2471,-99
7961693501,243.4535,382.0966,-99
7961726834,242.5928,381.4502,-99
7961760167,242.145,381.1425,-99
7961793500,241.0864,379.6939,-99
7961826833,239.1425,379.0604,-99
7961860166,236.7238,378.8619,-99
7961893499,234.2332,378.4159,-99
7961926832,233.7767,377.6627,-99
7961960165,232.5036,377,-99
7961993498,231.9488,376.3415,-99
7962026831,231.6892,375.1301,-99
7962060164,231.1859,374.7929,-99
7962093497,229.433,373.4665,-99
7962126830,227.9085,372.8444,-99
7962160163,226.4955,373.1059,-99
7962193496,225.0227,373.3614,-99
7962226829,223.1126,373.3333,-99
7962260162,221.1369,373.2163,-99
7962293495,219.5708,372.896,-99
7962326828,218.1613,372.3802,-99
7962360161,217.3366,371.8342,-99
7962393494,216.2916,370.4297,-99
7962426827,215.6256,369.4837,-99
7962460160,214.4508,365.5733,-99
7962493493,214.3904,363.5615,-99
7962526826,214.888,361.722,-99
7962563378,214.708,360.652,-99
7962596711,215.0286,359.4151,-99
7962630044,214.5105,360.1,-99
7962663377,214.6089,358.4278,-99
7962696710,212.9175,356.7758,-99
7962730043,213.8438,354.7891,-99
7962763376,211.4849,353.8631,-99
7962796709,212.4334,350.9613,-99
7962830042,211.4499,349.868,-99
7962863375,210.3071,346.7003,-99
7962896708,209.3682,344.8105,-99
7962930041,209.0255,343.819,-99
7962963374,208.752,343.8364,-99
7962996707,208.3891,343.268,-99
7963030040,207.2027,342.3813,-99
7963063373,206.3222,341.3273,-99
7963096706,205.267,341.2569,-99
7963130039,205.0929,340.9927,-99
7963163372,203.8831,340.7836,-99
7963196705,203.262,341.1335,-99
7963230038,202.7143,340.2722,-99
7963263371,202.1374,339.9753,-99
7963296704,201.4715,338.658,-99
7963330037,201.5907,337.0907,-99
7963363370,200.6237,334.8995,-99
7963396703,200.0808,334.4192,-99
7963430036,200.8842,330.7368,-99
7963463369,200.3519,330.0503,-99
7963496702,199.6138,326.6419,-99
7963530035,197.7184,324.7011,-99
7963563368,198.0147,321.8747,-99
7963596701,196.3551,320.2663,-99
7963630034,195.7507,318.3848,-99
7963663367,195.0261,317.3863,-99
7963696700,193.2323,315.0652,-99
7963730033,192.0338,313.2027,-99
7963763366,190.3381,310.2048,-99
7963796699,187.8314,309.4807,-99
7963830032,185.5625,307.7067,-99
7963863365,185.2608,307.6586,-99
7963896698,184.0801,306.9282,-99
7963930031,182.0748,305.0222,-99
7963963364,181.4781,302.8607,-99
7963996697,180.3199,301.1075,-99
7964030030,179.915,298.6725,-99
7964063363,178.903,296.5212,-99
7964096696,178.7397,294.6055,-99
7964130029,178.2484,292.3385,-99
7964163362,178.246,291.4153,-99
7964196695,179.0497,290.1878,-99
7964238827,177.4112,287.2959,-99
7964272160,177.0709,286.5599,-99
7964305493,176.6977,284.5791,-99
7964338826,175.4222,282.9917,-99
7964372159,175.8261,282.3261,-99
7964405492,175.7642,279.5824,-99
7964438825,176.6497,278.3503,-99
7964472158,177.2297,275.6081,-99
7964505491,178.6505,274.086,-99
7964538824,178.6526,271.9245,-99
7964572157,179.5117,269.8434,-99
7964605490,179.3079,268.2053,-99
7964638823,180.3177,265.8099,-99
7964672156,177.7863,262.9233,-99
7964705489,178.2571,262.1187,-99
7964738822,177.7553,261.1489,-99
7964772155,176.6598,259.9349,-99
7964805488,176.9261,258.0966,-99
7964838821,176.9176,256.5385,-99
7964872154,176.8689,255.0152,-99
7964905487,177.513,253.0911,-99
7964938820,177.5089,251.2456,-99
7964972153,177.5434,248.6862,-99
7965005486,178.7352,245.74,-99
7965038819,177.8901,242.807,-99
7965072152,179.0393,240.6513,-99
7965105485,178.0918,239.2577,-99
7965138818,178.9375,238.145,-99
7965172151,179.9948,237.3782,-99
7965205484,179.4656,236.3677,-99
7965238817,180.4589,235.2753,-99
7965272150,180.9787,233.5806,-99
7965305483,182.5829,233.5053,-99
7965338816,182.3374,231.4103,-99
7965372149,182.1186,228.8023,-99
7965405482,183.1394,228.6971,-99
7965438815,181.4342,225.3081,-99
7965472148,182.5186,224.7473,-99
7965505481,181.8293,223.3659,-99
7965538814,181.7126,221.1437,-99
7965572147,184.7092,220.1071,-99
7965605480,186.5797,218.0065,-99
7965638813,188.2039,216.3861,-99
7965672146,189.9258,216.2052,-99
7965705479,190.2535,216.0305,-99
7965738812,188.8702,216.2566,-99
7965772145,189.9342,214.9165,-99
7965805478,188.6608,212.5605,-99
7965838811,188.4538,209.7625,-99
7965872144,187.7802,208.1769,-99
7965905477,186.7311,205.1064,-99
7965938810,187.4687,204.0545,-99
7965972143,187.218,201.3517,-99
7966005476,188.4477,201.0727,-99
7966038809,190.6425,200.5726,-99
7966072142,192.2175,197.5332,-99
7966105475,192.9178,196.4419,-99
7966138808,194.405,195.6788,-99
7966172141,195.1167,195.809,-99
7966205474,192.759,193.4006,-99
7966238807,191.8596,192.7444,-99
7966272140,189.9942,193.2957,-99
7966305473,188.9127,192.9718,-99
7966338806,188.7268,193.3296,-99
7966372139,188.7794,194.1461,-99
7966405472,189.982,194.2493,-99
7966438805,189.2644,194.1264,-99
7966472138,190.8848,195.4101,-99
7966505471,191.2896,195.429,-99
7966538804,192.0135,196.31,-99
7966572137,193.1877,196.4426,-99
7966605470,194.5029,196.18,-99
7966638803,194.9973,196.926,-99
7966672136,196.6955,197.4944,-99
7966705469,198.4097,197.8356,-99
7966738802,200.0026,199.0106,-99
7966772135,200.9689,199.452,-99
7966805468,202.3086,200.1365,-99
7966838801,203.3246,200.7544,-99
7966872134,203.9734,200.8432,-99
7966905467,204.163,200.9696,-99
7966938800,204.5779,201.1048,-99
7966972133,204.8961,201.6573,-99
7967005466,204.9307,201.1884,-99
7967038799,205.7618,202.3765,-99
7967072132,206.0247,202.6813,-99
7967105465,206.9742,203.3238,-99
7967138798,208.0078,203.1636,-99
7967172131,208.2784,203.9574,-99
7967205464,209.2451,204.2451,-99
7967238797,209.5026,204.6154,-99
7967272130,209.9409,205.3548,-99
7967305463,209.6539,204.8957,-99
7967338796,209.8886,205.7131,-99
7967372129,209.7381,205.2196,-99
7967405462,210.0245,205.4169,-99
7967438795,209.4826,205.2842,-99
7967472128,209.463,206.0767,-99
7967505461,209.4048,205.9249,-99
7967538794,209.7871,205.8544,-99
7967571205,210.4629,205.5013,-99
7967604538,210.1926,204.6675,-99
7967637871,209.6506,203.9595,-99
7967671204,208.2978,201.6634,-99
7967704537,207.5013,201.369,-99
7967737870,206.0518,198.1976,-99
7967771203,205.5575,196.665,-99
7967804536,204.0726,193.7799,-99
7967837869,202.4156,190.0831,-99
7967871202,201.4923,186.8077,-99
7967904535,200.2308,184.9148,-99
7967937868,199.4689,181.887,-99
7967971201,198.4483,177.9901,-99
7968004534,197.7246,176.7449,-99
7968037867,197.0324,174.2297,-99
7968071200,198.9824,172.2879,-99
7968104533,199.8071,170.4361,-99
7968137866,200.5607,168.023,-99
7968171199,201.9258,167.6907,-99
7968204532,204.1,165.7854,-99
7968237865,203.8674,165.4862,-99
7968271198,205.4732,164.862,-99
7968304531,207.5819,162.9718,-99
7968337864,208.7823,162.1075,-99
7968371197,210.7857,162.0106,-99
7968404530,212.6913,161.9098,-99
7968437863,214.7373,161.9249,-99
7968471196,217.3658,161.3421,-99
7968504529,218.886,161.6969,-99
7968537862,220.8915,161.646,-99
7968571195,223.1921,161.5184,-99
7968604528,225.1368,160.9605,-99
7968637861,227.0351,158.5246,-99
7968671194,227.9564,157.5206,-99
7968704527,227.6064,156.2261,-99
7968737860,227.725,154.0386,-99
7968771193,226.5053,153.8816,-99
7968804526,226.131,152.3123,-99
7968837859,226.6092,149.8398,-99
7968871192,229.563,149.2805,-99
7968904525,230.6274,148.0685,-99
7968937858,233.1794,147.1269,-99
7968971191,235.896,145.0756,-99
7969004524,238.2028,144.2165,-99
7969037857,238.9457,141.9556,-99
7969071190,241.5596,141.1632,-99
7969104523,244.4156,139.961,-99
7969137856,246.6623,138.8822,-99
7969171189,250.4067,139.0608,-99
7969204522,252.4957,138.7479,-99
7969238543,253.3814,137.4213,-99
7969271876,253.4026,136.5237,-99
7969305209,255.8598,135.9391,-99
7969338542,258.2952,133.3457,-99
7969371875,260.2365,131.9075,-99
7969405208,261.778,130.3007,-99
7969438541,262.9321,129.5299,-99
7969471874,264.9482,129.5699,-99
7969505207,267.964,127.7712,-99
7969538540,271.0099,125.3589,-99
7969571873,273.7592,125.0159,-99
7969605206,275.766,123.3498,-99
7969638539,279.3527,122.8301,-99
7969671872,282.2362,120.8985,-99
7969705205,282.0217,119.0675,-99
7969738538,283.098,116.8015,-99
7969771871,284.9889,114.6233,-99
7969805204,285.8649,112.9384,-99
7969838537,287.9019,112.2289,-99
7969871870,289.9686,109.4565,-99
7969905203,291.9251,109.2248,-99
7969938536,294.7698,107.7328,-99
7969971869,296.4569,107.8956,-99
7970005202,298.6848,107.9402,-99
7970038535,300.4259,108.3531,-99
7970071868,304.8898,109.565,-99
7970105201,307.206,111.0923,-99
7970138534,309.787,111.8826,-99
7970171867,311.0998,111.7891,-99
7970205200,313.3132,111.7184,-99
7970238533,315.8907,112.8987,-99
7970271866,319.0129,113.285,-99
7970305199,321.6114,113.5648,-99
7970338532,324.293,113.8145,-99
7970371865,327.0752,113.2857,-99
7970405198,328.0945,112.3885,-99
7970438531,328.5424,112.5758,-99
7970471864,329.7068,111.5425,-99
7970505197,330.5627,111.4348,-99
7970538530,332.539,111.0161,-99
7970571863,335.5723,111.1289,-99
7970605196,336.3926,111.1335,-99
7970638529,338.3108,110.9286,-99
7970671862,339.8365,110.77,-99
7970705195,339.7398,110.7419,-99
7970738528,342.7935,110.0701,-99
7970771861,342.218,108.6065,-99
7970805194,344.2549,108.3861,-99
7970838527,346.015,108.3308,-99
7970871860,347.2046,108.5253,-99
7970907522,350,110.6,-99
7970940855,352.2641,111.1017,-99
7970974188,353.8504,110.7746,-99
7971007521,355.6674,110.6041,-99
7971040854,356.5092,110.6012,-99
7971074187,357.6549,111.0332,-99
7971107520,357.9332,111.8852,-99
7971140853,359.1867,112.0451,-99
7971174186,360.6918,112.7816,-99
7971207519,360.2932,112.9148,-99
7971240852,360.9615,113.3908,-99
7971274185,362.8071,113.2679,-99
7971307518,365.1883,114.7458,-99
7971340851,365.9559,116.1597,-99
7971374184,367.2216,117.8678,-99
7971407517,366.0931,118.847,-99
7971440850,365.194,120.7078,-99
7971474183,365.5139,123.1058,-99
7971507516,365.7778,123.9333,-99
7971540849,366.095,123.8939,-99
7971574182,367.5934,122.1867,-99
7971607515,367.9469,119.8673,-99
7971640848,369.0955,116.0504,-99
7971674181,368.7445,113.5027,-99
7971707514,368.7964,110.518,-99
7971740847,368.9254,107.9428,-99
7971774180,368.513,106.5859,-99
7971807513,368.0789,106.4237,-99
7971840846,368.6931,105.4685,-99
7971874179,368.9189,105.5973,-99
7971907512,368.7684,106.6267,-99
7971940845,369.5497,107.0525,-99
7971974178,369.4563,107.8825,-99
7972007511,369.3352,108.2857,-99
7972040844,369.5489,108.1793,-99
7972074177,369.3546,108.2271,-99
7972107510,369.4043,107.7686,-99
7972140843,369.5307,107.6533,-99
7972174176,369.1948,107.6675,-99
7972207509,369.2448,107.7161,-99
7972240842,368.8674,108.4721,-99
7972274175,368.7834,109.6373,-99
7972307508,368.7607,110.242,-99
7972340841,368.7872,110.4641,-99
7972374174,368.5443,111.1328,-99
7972407507,368.7254,111.5829,-99
7972440840,368.0848,112.1954,-99
7972474173,367.9305,112.8797,-99
7972507506,369.5863,113.5792,-99
7972540839,372.7346,115.5421,-99
7972574172,372.8173,116.1581,-99
7972607505,372.7637,116.4958,-99
7972640838,374.1623,117.5325,-99
7972674171,375.4555,119.585,-99
7972707504,376.6888,121.5985,-99
7972740837,377.3498,122.7319,-99
7972774170,377.4435,123.9424,-99
7972807503,379.4614,125.6574,-99
7972840836,380.8474,126.4915,-99
7972874169,381.2534,126.9571,-99
7972907502,382.1901,127.0124,-99
7972940835,385.269,127.0434,-99
7972974168,387.9541,128.1023,-99
7973007501,390.0453,128.899,-99
7973040834,392.6053,130.1902,-99
7973074167,395.28,132.6895,-99
7973107500,397.3011,134.5019,-99
7973140833,398.9054,137.1179,-99
7973174166,401.086,140.038,-99
7973207499,403.1401,143.1477,-99
7973240832,405.8716,146.9846,-99
7973274165,406.5264,149.9589,-99
7973307498,406.6591,150.7544,-99
7973340831,408.5733,152.1787,-99
7973374164,410.9383,153.2198,-99
7973407497,413.164,153.1505,-99
7973440830,415.6986,153.0466,-99
7973474163,418.7143,150.9076,-99
7973507496,421.2575,149.0932,-99
7973540829,425.1077,150.0062,-99
7973574162,426.8861,150.0721,-99
7973607495,429.1917,149.8899,-99
7973640828,431.5693,150.26,-99
7973674161,433.7977,150.8893,-99
7973707494,436.842,153.0781,-99
7973740827,438.7922,155.0447,-99
7973774160,440.4362,157.0819,-99
7973807493,442.7377,158.7463,-99
7973840826,444.1495,161.6947,-99
7973874159,446.1486,164.4248,-99
7973907492,447.9744,167.3366,-99
7973940825,447.912,170.3958,-99
7973974158,449.5254,173.0059,-99
7974007491,450.3891,176.3891,-99
7974040824,450.6288,178.2191,-99
7974074157,451.0686,180.8569,-99
7974107490,452.1446,183.6988,-99
7974140823,452.6777,185.4899,-99
7974174156,453.7235,186.9568,-99
7974207489,454.8698,188.0083,-99
7974240587,455.9852,188.4101,-99
7974273920,457.1818,189.8478,-99
7974307253,457.5413,191.4749,-99
7974340586,458.7551,193.6327,-99
7974373919,458.6073,195.8562,-99
7974407252,458.3913,197.4194,-99
7974440585,461.6653,200.6454,-99
7974473918,463.3158,203.9352,-99
7974507251,463.931,206.4063,-99
7974540584,465.5696,208.6403,-99
7974573917,466.3916,212.2872,-99
7974607250,466.9617,215.0181,-99
7974640583,467.7177,217.5666,-99
7974673916,467.6784,219.5859,-99
7974707249,467.526,222.228,-99
7974740582,468.215,224.5897,-99
7974773915,466.9605,227.1262,-99
7974807248,467.446,228.8243,-99
7974840581,467.4596,232.619,-99
7974873914,466.2901,235.7305,-99
7974907247,465.6876,238.3674,-99
7974940580,465.611,241.1626,-99
7974973913,465.9477,242.5084,-99
7975007246,466.3781,244.6155,-99
7975040579,466.7847,246.4162,-99
7975073912,466.952,247.0371,-99
7975107245,467.4978,249.1732,-99
7975140578,468.5864,250.6521,-99
7975173911,469.3732,252.3501,-99
7975207244,469.7602,254.2355,-99
7975240577,470.2435,256.6076,-99
7975273910,469.9525,258.9256,-99
7975307243,470.1156,261.8951,-99
7975340576,469.9084,264.332,-99
7975373909,470.5757,266.1066,-99
7975407242,470.6516,269.3647,-99
7975440575,471.0743,269.3581,-99
7975473908,471.6373,270.1242,-99
7975507241,472.9403,266.5224,-99
7975673906,454.9487,291.7692,-99
7975707239,459.2443,284.4809,-99
7975740572,461.2675,280.7632,-99
7975773905,460.0124,291.6378,-99
7975807238,457.0437,292.2926,-99
7975840571,454.0641,291.1923,-99
7975873904,452.917,293.5145,-99
7975915348,456.8647,298.1823,-99
7975948681,456.2994,298.7605,-99
7975982014,461.0575,300.1149,-99
7976015347,461.9894,302.2403,-99
7976048680,464.6204,304.3061,-99
7976082013,464.7739,304.0382,-99
7976115346,463.686,306.2005,-99
7976148679,464.4561,307.2006,-99
7976182012,463.2312,310.1421,-99
7976215345,458.7208,312.2639,-99
7976248678,455.25,314.4535,-99
7976282011,455.3583,318.542,-99
7976315344,455.8875,319.7008,-99
7976348677,455.6351,321.0434,-99
7976382010,455.1201,323.3309,-99
7976415343,454.5771,325.5688,-99
7976448676,455.3285,327.7113,-99
7976482009,455.0954,330.9981,-99
7976515342,455.5258,333.125,-99
7976548675,452.8065,334.8869,-99
7976582008,452.3408,337.1161,-99
7976615341,453.434,338.6246,-99
7976648674,451.1208,340.7809,-99
7976682007,444.9416,342.9072,-99
7976715340,443.7878,344.3766,-99
7976748673,441.6094,345.7422,-99
7976782006,440.5293,345.1126,-99
7976815339,438.8174,345.258,-99
7976848672,436.5061,347.6806,-99
7976882005,435.1125,348.9258,-99
7976915338,432.4383,350.7654,-99
7976948671,432.6906,354.547,-99
7976982004,434.98,356.5629,-99
7977015337,434.1472,358.1447,-99
7977048670,432.0229,360.297,-99
7977082003,430.8911,360.7966,-99
7977115336,427.4172,359.0338,-99
7977148669,426.3966,360.8352,-99
7977182002,427.8951,361.8058,-99
7977215335,426.9466,363.4189,-99
7977248668,426.0022,362.8864,-99
7977282001,425.3475,362.665,-99
7977315334,424.8607,362.9702,-99
7977348667,423.9785,363.0215,-99
7977382000,424.3441,366.5686,-99
7977415333,427.121,366.8599,-99
7977448666,427.8801,368.9874,-99
7977481999,429.0375,370.5324,-99
7977515332,430.4309,374.7642,-99
7977548665,430.4303,375.6189,-99
7977581998,427.0274,372.7637,-99
7977615331,426.3413,374.1032,-99
7977648664,426.3947,374.6466,-99
7977681997,423.5376,375.906,-99
7977715330,421.9448,375.5487,-99
7977748663,418.7224,374.8801,-99
7977781996,419.0078,372.4102,-99
7977815329,420.3439,374.8353,-99
7977848662,420.8638,377.6319,-99
7977881995,419.803,376.0524,-99
7977915328,419.2426,376.2722,-99
7977948661,418.0516,377.1232,-99
7977981994,415.4804,379.7275,-99
7978015327,417.3457,382.6288,-99
7978048660,417.2312,383.4393,-99
7978081993,414.0746,385.4269,-99
7978115326,414.8595,385.2838,-99
7978148659,412.1786,386.3195,-99
7978181992,409.8483,387.8965,-99
7978215325,406.4638,388.2191,-99
7978248658,405.1762,387.1916,-99
7978281991,404.883,386.9312,-99
7978315324,404.0944,388.5124,-99
7978348657,403.6402,389.5537,-99
7978381990,403.1091,389.7576,-99
7978415323,402.211,390.3397,-99
7978448656,401.1916,389.6505,-99
7978481989,398.3473,389.3893,-99
7978515322,394.5585,391.9938,-99
7978548655,389.8909,392.9797,-99
7978581988,388.9541,392.1746,-99
7978615321,385.3347,392.5072,-99
7978648654,385.2412,393.4075,-99
7978681987,382.7273,395.4939,-99
7978715320,381.8027,396.6301,-99
7978748653,379.8235,395.5905,-99
7978781986,376.7057,396.1913,-99
7978815319,371.9301,396.0017,-99
7978848652,369.722,395.732,-99
7978881985,371.0753,396.5891,-99
7978915318,369.6087,397.071,-99
7978948651,367.4695,397.5824,-99
7978981984,363.538,398.8798,-99
7979015317,359.4814,399.6874,-99
7979048650,357.171,400.5706,-99
7979081983,356.8026,403.7462,-99
7979115316,353.3333,404.548,-99
7979148649,349.8161,405.2228,-99
7979181982,346.783,406.8592,-99
7979215315,341.5687,404.2576,-99
7979250024,342.1956,404.9067,-99
7979283357,341.2235,404.991,-99
7979316690,339.9564,405.1569,-99
7979350023,339.3783,405.6217,-99
7979383356,338.7601,406.0964,-99
7979416689,335.4265,405.1732,-99
7979450022,334.2976,404.4251,-99
7979483355,331.7921,403.767,-99
7979516688,330.1627,403.6015,-99
7979550021,328.5782,403.2557,-99
7979583354,326.4955,402.2841,-99
7979616687,326.666,403.4947,-99
7979650020,324.75,403.9203,-99
7979683353,322.6242,404.1015,-99
7979716686,320.319,404.1681,-99
7979750019,318.0982,404.5647,-99
7979783352,315.5925,404.782,-99
7979816685,313.8036,404.4241,-99
7979850018,312.5453,403.7579,-99
7979883351,310.5245,402.3799,-99
7979916684,308.4878,402.2071,-99
7979950017,306.98,401.8244,-99
7979983350,305.2286,402.0813,-99
7980016683,303.4097,402.6432,-99
7980050016,301.527,403.9775,-99
7980083349,299.4296,404.7344,-99
7980116682,297.7005,404.9816,-99
7980150015,295.4036,405.2018,-99
7980183348,293.3062,405.0793,-99
7980216681,291.9154,404.2646,-99
7980250014,290.3079,404.7303,-99
7980283347,289.1349,404.7,-99
7980316680,287.3653,404.9532,-99
7980350013,285.3341,405.2906,-99
7980383346,283.9129,405.4866,-99
7980416679,282.2625,406.5453,-99
7980450012,280.3341,406.3208,-99
7980483345,278.6267,405.871,-99
7980516678,276.4955,404.509,-99
7980550011,273.8856,403.524,-99
7980583344,271.8385,402.4314,-99
7980616677,269.8372,401.3876,-99
7980650010,267.1258,399.0768,-99
7980683343,265.7523,397.9933,-99
7980716676,264.9953,396.6402,-99
7980750009,262.8345,394.9379,-99
7980783342,262.2745,392.7952,-99
7980816675,260.9628,391.993,-99
7980850008,260.1432,391.6795,-99
7980883341,258.0843,391.5299,-99
7980923175,256.7926,390.977,-99
7980956508,255.4944,390.5753,-99
7980989841,255.1678,390.1723,-99
7981023174,254.3394,390.205,-99
7981056507,252.7944,389.4486,-99
7981089840,252.9952,388.9132,-99
7981123173,251.6009,389.529,-99
7981156506,250.1124,390.0596,-99
7981189839,248.7461,390.4722,-99
7981223172,246.8117,391.6883,-99
7981256505,245.341,392.4211,-99
7981289838,243.7952,392.9782,-99
7981323171,242.7104,390.1605,-99
7981356504,242.6054,388.4979,-99
7981389837,243.1712,386.0728,-99
7981423170,244.2688,383.6956,-99
7981456503,244.9921,380.9467,-99
7981489836,246.3284,382.6095,-99
7981523169,246.4889,382.1794,-99
7981556502,246.2837,381.5409,-99
7981589835,244.9667,380.3357,-99
7981623168,242.309,380.3382,-99
7981656501,240.4253,379.9613,-99
7981689834,238.0898,379.5411,-99
7981723167,236.5542,378.5591,-99
7981756500,236.5,377.7263,-99
7981789833,235.6148,375.1172,-99
7981823166,234.702,374.3621,-99
7981856499,234.2386,373.7183,-99
7981889832,234.3646,370.9747,-99
7981923165,233.6781,369.2244,-99
7981956498,232.5558,368.0931,-99
7981989831,232.2897,367.0831,-99
7982023164,230.6811,366.5468,-99
7982056497,228.8302,366.0755,-99
7982089830,227.3456,366.03,-99
7982123163,226.5326,366.1605,-99
7982156496,225.6238,366.5119,-99
7982189829,224.4275,366.275,-99
7982223162,223.113,365.6899,-99
7982256495,221.8694,364.8769,-99
7982289828,221.3292,363.6733,-99
7982323161,220.4602,363.1301,-99
7982356494,218.5248,361.2553,-99
7982389827,217.2447,360.3053,-99
7982423160,215.9754,358.683,-99
7982456493,215.5216,357.8942,-99
7982489826,214.8727,354.7039,-99
7982523159,214.8894,353.8501,-99
7982556492,215.9737,351.3342,-99
7982589825,216.3715,349.6495,-99
7982623158,215.7044,346.5493,-99
7982656491,215.1957,345.5489,-99
7982689824,214.5799,344.3425,-99
7982723157,213.4716,342.7143,-99
7982756490,212.1714,342.1925,-99
7982789823,210.1885,341.6506,-99
7982823156,208.6235,341.567,-99
7982856489,207.5977,340.931,-99
7982889822,206.0771,339.0463,-99
7982923155,204.4615,338.043,-99
7982956488,204.026,336.2078,-99
7982989821,202.2157,334.0966,-99
7983023154,202.1345,334.1271,-99
7983056487,202.9928,333.5752,-99
7983089820,201.4988,330.8955,-99
7983123153,200.2689,329.02,-99
7983156486,198.3427,328.6378,-99
7983189819,196.2461,328.0865,-99
7983223152,193.8829,327.964,-99
7983256485,192.7563,328.2164,-99
7983289818,191.6299,328.1563,-99
7983323151,190.7765,328.0655,-99
7983356484,190.1912,327.0829,-99
7983389817,189.4368,326.4248,-99
7983423150,189.2353,326.9489,-99
7983456483,188.1766,327.1896,-99
7983489816,188.0056,327.7472,-99
7983523149,187.557,328.0265,-99
7983556482,185.5658,327.6631,-99
7983589815,184.439,327.4182,-99
7983623148,183.1152,326.8063,-99
7983656481,183.4523,327.7275,-99
7983689814,182.5184,326.8526,-99
7983723147,181.9547,326.5013,-99
7983756480,181.3456,326.4633,-99
7983789813,181.5576,325.4397,-99
7983823146,181.8416,325.2346,-99
7983856479,182.4412,324.5441,-99
7983889812,183.702,325.2563,-99
7983923145,184.0267,325.9227,-99
7983956478,184.4917,326.4586,-99
7983989811,185.1421,326.6407,-99
7984023144,185.2801,326.3063,-99
7984056477,186.1396,326.7335,-99
7984089810,187.0278,326.5721,-99
7984123143,187.7896,326.6078,-99
7984156476,188.9381,326.4149,-99
7984189809,191.7114,326.1949,-99
7984223142,192.9935,324.4236,-99
7984256240,195.0588,324.5011,-99
7984289573,197.0352,324.23,-99
7984322906,199.5239,324.5502,-99
7984356239,201.2422,324.7722,-99
7984389572,203.2678,325.1007,-99
7984422905,204.6482,325.4128,-99
7984456238,206.7737,324.9777,-99
7984489571,209.6332,325.0317,-99
7984522904,211.7005,324.8957,-99
7984556237,213.1011,324.9096,-99
7984589570,213.6297,324.3761,-99
7984622903,213.1727,323.5606,-99
7984656236,213.985,323.0551,-99
7984689569,215.4165,322.3514,-99
7984722902,216.8968,321.9495,-99
7984756235,218.275,321.3563,-99
7984789568,220.2981,321.2505,-99
7984822901,222.0336,321.1454,-99
7984856234,224.1222,320.7533,-99
7984889567,224.4553,321.8482,-99
7984922900,225.5723,323.3156,-99
7984956233,226.0251,324.8352,-99
7984989566,225.7745,326.8804,-99
7985022899,224.8474,327.2342,-99
7985056232,223.9434,326.9919,-99
7985089565,223.3205,326.2611,-99
7985122898,223.0108,325.3089,-99
7985156231,224.1035,324.7613,-99
7985189564,227.6308,324.4181,-99
7985222897,230.0024,324.6076,-99
7985256230,231.1929,324.9714,-99
7985289563,231.37,324.2576,-99
7985322896,230.9306,324.0981,-99
7985356229,230.7867,323.2592,-99
7985389562,229.1883,321.7677,-99
7985422895,227.9746,320.129,-99
7985456228,227.3367,319.1162,-99
7985489561,228.579,319.2457,-99
7985522894,230.7544,318.9902,-99
7985556227,233.1183,319.0681,-99
7985589560,236.3261,319.1892,-99
7985622893,239.55,319.7592,-99
7985656226,242.3405,321.0343,-99
7985689559,244.9181,321.6832,-99
7985722892,246.5361,322.6193,-99
7985756225,244.4746,323.0876,-99
7985789558,243.8914,323.6028,-99
7985822891,242.3316,322.9733,-99
7985856224,240.7316,323.0184,-99
7985889557,238.9622,323.8212,-99
7985925219,238.2072,324.1867,-99
7985958552,237.3596,324.0517,-99
7985991885,237.43,323.4595,-99
7986025218,237.0582,323.0532,-99
7986058551,237.7251,323.1422,-99
7986091884,237,322.8571,-99
7986125217,237.6194,323.4527,-99
7986158550,237.2782,321.596,-99
7986191883,236.8195,320.3373,-99
7986225216,235.5571,320.6644,-99
7986258549,234.0878,320.8499,-99
7986291882,232.532,320.4015,-99
7986325215,229.7399,319.7046,-99
7986358548,227.7091,319.6803,-99
7986391881,223.283,318.2014,-99
7986425214,218.7235,316.3848,-99
7986458547,214.4667,315.3952,-99
7986491880,209.7449,314.3485,-99
7986525213,206.6477,314.3471,-99
7986558546,204.7828,314.1692,-99
7986591879,202.6789,314.1101,-99
7986625212,199.7045,313.747,-99
7986658545,197.4279,313.8345,-99
7986691878,195.7647,315.0909,-99
7986725211,192.6492,314.4226,-99
7986758544,190.4354,314.0785,-99
7986791877,187.4557,312.6615,-99
7986825210,185.1028,311.825,-99
7986858543,182.0052,309.7526,-99
7986891876,181.2132,308.1947,-99
7986925209,179.1969,305.6299,-99
7986958542,179.3505,302.7165,-99
7986991875,178.7116,299.5714,-99
7987025208,179.6594,296.4496,-99
7987058541,181.0233,294.6295,-99
7987091874,182.1781,291.1863,-99
7987125207,183.4545,288.0214,-99
7987158540,184.1468,285.2637,-99
7987191873,183.8538,282.0992,-99
7987225206,184.2662,280.6242,-99
7987258539,182.8585,279.6683,-99
7987291872,181.8044,278.9445,-99
7987325205,180.3073,276.8251,-99
7987358538,179.4867,276.4169,-99
7987391871,178.0804,275.7542,-99
7987425204,177.1921,274.7579,-99
7987458537,176.8668,273.902,-99
7987491870,177.8495,273.2755,-99
7987525203,177.6079,270.7237,-99
7987558536,179.1586,269.7647,-99
7987591869,178.8976,266.7585,-99
7987625202,179.793,265.3391,-99
7987658535,179.3535,262.4975,-99
7987691868,180.4213,261.3708,-99
7987725201,181.1613,258.7494,-99
7987758534,181.0989,255.7834,-99
7987791867,182.1253,254.255,-99
7987825200,180.6798,251.6562,-99
7987858533,180.6814,248.9558,-99
7987891866,180.8093,247.4861,-99
7987925199,179.938,244.0744,-99
7987958532,180.4259,243.59,-99
7987991865,180.2261,241.0841,-99
7988025198,182.7922,241.0416,-99
7988058531,185.8485,239.039,-99
7988091864,187.1628,238.6514,-99
7988125197,186.3513,240.3966,-99
7988158530,186.1632,236.9105,-99
7988191863,185.869,236.4305,-99
7988225196,184.5338,233.2947,-99
7988258529,182.1797,231.6068,-99
7988291862,179.8212,228.6212,-99
7988325195,178.9027,227.5158,-99
7988358528,176.5301,225.7278,-99
7988391861,177.9144,224.4937,-99
7988425194,178.1959,222.9975,-99
7988458527,180.5983,221.7293,-99
7988491860,182.6273,220.4209,-99
7988525193,184.7919,219.0144,-99
7988558526,186.9549,218.1406,-99
7988591859,189.1189,213.8908,-99
7988625192,190.455,213.2263,-99
7988658525,189.957,209.7041,-99
7988691858,191.0887,209.5965,-99
7988725191,191.2282,206.3736,-99
7988758524,192.533,205.3252,-99
7988791857,191.7384,201.8875,-99
7988825190,191.9871,199.8372,-99
7988858523,191.2892,198.5515,-99
7988891856,190.7363,197.2684,-99
7988925189,190.6792,196.9769,-99
7988958522,190.0439,196.7456,-99
7988991855,190.4424,195.3727,-99
7989025188,190.4627,194.3368,-99
7989058521,190.1033,193.644,-99
7989091854,189.7457,192.8829,-99
7989125187,190.0396,192.8164,-99
7989158520,192.3677,192.2578,-99
7989191853,192.6726,190.8761,-99
7989225186,193.1076,191.9451,-99
7989257597,194.7088,192.3442,-99
7989290930,196.2616,193.1225,-99
7989324263,196.8159,195.1841,-99
7989357596,197.7102,197.8816,-99
7989390929,197.874,198.5224,-99
7989424262,200.314,198.0091,-99
7989457595,201.3006,198.3459,-99
7989490928,200.8917,198.4567,-99
7989524261,200.6255,198.4569,-99
7989557594,199.6301,197.6016,-99
7989590927,197.8424,198.1395,-99
7989624260,197.6734,194.2835,-99
7989657593,198.1449,191.25,-99
7989690926,198.5853,190.5092,-99
7989724259,198.6565,186.0941,-99
7989757592,198.6233,185.3186,-99
7989790925,198.0914,183.0229,-99
7989824258,198.4545,182.1705,-99
7989857591,198.0581,178.9015,-99
7989890924,198.0711,178.2579,-99
7989924257,198.7252,177.2697,-99
7989957590,200.8365,175.6137,-99
7989990923,203.5528,173.3327,-99
7990024256,204.332,172.7841,-99
7990057589,205.4391,171.9499,-99
7990090922,207.3147,169.5884,-99
7990124255,207.2101,168.7003,-99
7990157588,208.8757,165.6931,-99
7990190921,209.2264,164.0054,-99
7990224254,209.6667,163.082,-99
7990257587,210.6148,163.4011,-99
7990290920,212.1301,163.0685,-99
7990324253,211.238,162.3165,-99
7990357586,212.1302,162.7673,-99
7990390919,212.0835,161.7174,-99
7990424252,211.7043,161.9435,-99
7990457585,211.3731,162.2284,-99
7990490918,212.5804,161.3846,-99
7990524251,212.9129,161.7637,-99
7990557584,214.3158,161.5342,-99
7990590917,216.4884,161.6658,-99
7990624250,217.8021,161.6203,-99
7990657583,219.8546,161.7628,-99
7990690916,220.673,160.8998,-99
7990724249,220.6489,159.6683,-99
7990757582,220.7764,158.1034,-99
7990790915,219.687,157.2748,-99
7990824248,217.6808,157.6622,-99
7990857581,217.1667,155.2894,-99
7990890914,217.2382,154.178,-99
7990933046,218.0291,153.8641,-99
7990966379,221.9258,151.699,-99
7990999712,222.9585,150.5257,-99
7991033045,225.0092,150.1676,-99
7991066378,225.6489,150.8234,-99
7991099711,227.5311,150.1965,-99
7991133044,229.9027,150.0642,-99
7991166377,232.616,148.6902,-99
7991199710,234.6035,147.1741,-99
7991233043,235.5068,146.7127,-99
7991266376,238.2355,146.0878,-99
7991299709,239.1186,145.1889,-99
7991333042,239.75,144.9948,-99
7991366375,241.7806,144.6624,-99
7991399708,244.8095,144.3432,-99
7991433041,246.8075,144.4603,-99
7991466374,247.5374,145.1277,-99
7991499707,248.5239,145.3348,-99
7991533040,247.591,145.4622,-99
7991566373,247.3063,145.7609,-99
7991599706,246.8643,146.0372,-99
7991633039,247.0512,144.8767,-99
7991666372,248.4815,143.5517,-99
7991699705,249.4821,142.6071,-99
7991733038,251.3031,140.1892,-99
7991766371,252.4444,139.1,-99
7991799704,254.2729,137.3242,-99
7991833037,255.3565,136.5633,-99
7991866370,257.2443,136.6374,-99
7991899703,259.5324,136.6698,-99
7991933036,261.4072,136.7824,-99
7991966369,263.4065,136.8053,-99
7991999702,264.2689,136.5378,-99
7992033035,264.3368,136.182,-99
7992066368,263.8797,134.9524,-99
7992099701,265.7248,133.8384,-99
7992133034,266.7625,132.2114,-99
7992166367,268.5779,132.3097,-99
7992199700,271.4718,131.7068,-99
7992233033,274.0017,131.8566,-99
7992266366,276.1315,132.4847,-99
7992299699,276.9229,131.5725,-99
7992333032,276.4927,131.3923,-99
7992366365,277.8813,130.3076,-99
7992399698,279.6166,129.1175,-99
7992433031,280.9634,127.5892,-99
7992466364,282.816,126.2397,-99
7992499697,283.5643,123.9633,-99
7992533030,285.1331,123.4491,-99
7992566363,286.2249,123.2763,-99
7992599696,287.8243,122.1784,-99
7992633029,290.916,120.4222,-99
7992666362,294.3521,121.0362,-99
7992699695,297.7393,120.1543,-99
7992733028,299.8124,119.5808,-99
7992766361,302.0042,119.4522,-99
7992799694,305.1626,118.0336,-99
7992833027,307.1534,118.6094,-99
7992866360,309.3512,118.6012,-99
7992899693,312.8784,117.6335,-99
7992933026,314.8748,117.6151,-99
7992966359,315.2373,117.2355,-99
7992999692,317.7996,116.0575,-99
7993033025,317.6355,114.9557,-99
7993066358,320.2536,113.0121,-99
7993099691,322.2541,111.3513,-99
7993133024,321.8184,111.1763,-99
7993166357,323.273,110.1969,-99
7993199690,325.1805,109.7193,-99
7993233023,328.4008,110.501,-99
7993266356,329.7692,110.0865,-99
7993299689,332.2636,110.4306,-99
7993333022,334.739,110.8755,-99
7993366355,336.2918,112.0429,-99
7993399688,336.5226,113.389,-99
7993433021,338.7357,114.6963,-99
7993466354,340.4839,115.8669,-99
7993499687,340.9066,115.7929,-99
7993533020,342.9926,116.397,-99
7993566353,344.6416,117.4286,-99
7993599686,345.2972,118.6533,-99
7993633019,347.8665,120.3743,-99
7993666352,349.7291,120.5468,-99
7993699685,351.8469,122,-99
7993733018,353.7213,123.9479,-99
7993766351,355.2325,124.8125,-99
7993799684,357.4539,125.5898,-99
7993833017,359.4165,126.202,-99
7993866350,361.1909,126.1759,-99
7993899683,362.3379,125.1308,-99
7993933016,362.6734,124.2405,-99
7993966349,363.3598,122.4921,-99
7993999682,365.0647,121.8035,-99
7994033015,367.3735,122.8072,-99
7994066348,367.8305,123.3096,-99
7994099681,369.135,123.2129,-99
7994133014,369.9964,123.8717,-99
7994166347,370.3387,123.6078,-99
7994199680,371.2547,123.6453,-99
7994233013,372.4056,123.958,-99
7994260532,375.0894,124.4305,-99
7994293865,377.9002,125.669,-99
7994327198,377.9352,127.0335,-99
7994360531,380.2049,127.5963,-99
7994393864,382.2843,128.7273,-99
7994427197,383.135,129.3367,-99
7994460530,385.8406,129.8441,-99
7994493863,387.7292,131.352,-99
7994527196,390.3871,131.8891,-99
7994560529,392.2512,131.9258,-99
7994593862,392.4846,130.3026,-99
7994627195,393.9113,130.7044,-99
7994660528,396.9582,132.5012,-99
7994693861,400.3469,135.4898,-99
7994727194,402.3485,136.958,-99
7994760527,402.6168,139.1437,-99
7994793860,402.9058,140.6814,-99
7994827193,404.8799,142.7074,-99
7994860526,404.4904,143.8726,-99
7994893859,405.8088,144.499,-99
7994927192,407.8389,145.7803,-99
7994960525,410.3208,146.8011,-99
7994993858,412.63,147.6245,-99
7995027191,414.4816,148.3942,-99
7995060524,415.9533,149.7335,-99
7995093857,418.0291,151.5252,-99
7995127190,421.0905,153.6339,-99
7995160523,423.3558,155.1554,-99
7995193856,426.0735,157.675,-99
7995227189,426.8563,159.5896,-99
7995260522,428.7581,161.0464,-99
7995293855,431.557,164.3121,-99
7995327188,431.9475,165.0072,-99
7995360521,434.401,165.9416,-99
7995393854,436.5812,168.3655,-99
7995427187,437.7259,169.4778,-99
7995460520,439.2195,171.2195,-99
7995493853,441.1405,175.188,-99
7995527186,441.0817,175.7327,-99
7995560519,441.7003,176.4207,-99
7995593852,439.5856,181.0721,-99
7995627185,440.6101,179.9422,-99
7995660518,441.3691,183.5773,-99
7995693851,442.7248,186.303,-99
7995727184,446.4399,186.3987,-99
7995760517,457.0208,191.6736,-99
7995793850,458.35,193.1625,-99
7995827183,461.0081,193.5645,-99
7995860516,462.1176,193.7157,-99
7995893849,463.6064,194.9681,-99
7995932762,458.4776,196.8657,-99
7995966095,456.8362,200.4914,-99
7995999428,455.5811,202.5338,-99
7996032761,457.8658,208.1374,-99
7996066094,457.4625,208.6877,-99
7996099427,459.557,210.4007,-99
7996132760,461.282,212.9391,-99
7996166093,460.1464,214.7652,-99
7996199426,459.273,216.9407,-99
7996232759,458.8764,217.5131,-99
7996266092,458.8855,216.0954,-99
7996299425,459.546,223.0476,-99
7996332758,459.9097,226.471,-99
7996366091,461.2578,234.4533,-99
7996399424,461.5378,238.7143,-99
7996432757,460.875,239.7946,-99
7996466090,459.6383,230,-99
7996532756,456.1482,240.5556,-99
7996566089,463.698,238.5878,-99
7996599422,464.1092,240.6626,-99
7996632755,464.1879,242.2203,-99
7996666088,465.6198,245.7167,-99
7996699421,465.8342,250.9946,-99
7996732754,464.1421,256.5632,-99
7996766087,467.4028,257.4311,-99
7996799420,468.867,258.5125,-99
7996832753,469.2473,256.1813,-99
7996866086,469.4548,257.3703,-99
7996899419,468.8883,259.7447,-99
7996932752,469.4223,262.4751,-99
7996966085,469.9335,264.185,-99
7996999418,469.7111,265.0472,-99
7997032751,468.2612,267.6489,-99
7997066084,465.6611,270.5865,-99
7997099417,464.5869,272.8668,-99
7997132750,464.7928,276.0714,-99
7997166083,464.1491,276.9923,-99
7997199416,461.782,279.1035,-99
7997232749,461.8711,281.6711,-99
7997266082,461.6107,283.5827,-99
7997299415,461.047,285.9282,-99
7997332748,461.3318,287.7901,-99
7997366081,459.9804,289.2462,-99
7997399414,459.0342,292.533,-99
7997432747,458.4304,294.0304,-99
7997466080,458.0339,293.6512,-99
7997499413,459.601,297.8878,-99
7997532746,461.2257,300.2913,-99
7997566079,460.9027,303.9177,-99
7997601709,459.9018,305.1942,-99
7997635042,457.7678,306.3632,-99
7997668375,455.794,309.103,-99
7997701708,454.5474,311.76,-99
7997735041,453.742,314.7739,-99
7997768374,452.6403,315.8367,-99
7997801707,453.1149,315.8649,-99
7997835040,453.9448,317.0981,-99
7997868373,451.8204,318.2074,-99
7997901706,450.148,321.6278,-99
7997935039,449.4572,323.6216,-99
7997968372,451.5659,323.2765,-99
7998001705,451.4223,324.3924,-99
7998035038,451,326.4212,-99
7998068371,451.8216,326.8216,-99
7998101704,451.0694,328.3134,-99
7998135037,450.061,329.2887,-99
7998168370,449.683,331.2354,-99
7998201703,448.775,333.3472,-99
7998235036,447.9245,335.6179,-99
7998268369,446.2831,336.6807,-99
7998301702,448.7964,338.629,-99
7998335035,449.69,338.6383,-99
7998368368,450.8571,338.2895,-99
7998401701,453.2103,336.4612,-99
7998435034,451.9902,336.7222,-99
7998468367,450.7768,336.4583,-99
7998501700,450.8069,336.1038,-99
7998535033,448.4525,335.8798,-99
7998568366,445.2104,337.3232,-99
7998601699,443.0249,338.6243,-99
7998635032,441.9026,340.882,-99
7998668365,439.3724,343.5689,-99
7998701698,438.4655,344.8266,-99
7998735031,438.3853,345.1047,-99
7998768364,438.2495,345.4543,-99
7998801697,436.6566,344.5522,-99
7998835030,437.8727,344.2785,-99
7998868363,437.6699,345.2964,-99
7998901696,436.3767,345.9566,-99
7998935029,435.2415,347.1174,-99
7998968362,432.6764,350.4164,-99
7999001695,429.9269,349.131,-99
7999035028,427.1643,353.3454,-99
7999068361,427.9333,354.7278,-99
7999101694,427.5676,357.0811,-99
7999135027,425.8702,356.4303,-99
7999168360,423.9875,355.3402,-99
7999201693,424.808,355.2419,-99
7999235026,422.2941,356.2574,-99
7999273938,420.7849,357.4221,-99
7999307271,420.2843,357.9904,-99
7999340604,420.058,360.4195,-99
7999373937,419.9271,361.3099,-99
7999407270,419.4787,363.3857,-99
7999440603,418.1515,365.9091,-99
7999473936,415.8618,367.4013,-99
7999507269,414.6063,369.8237,-99
7999540602,412.6241,371.3098,-99
7999573935,408.9156,370.9578,-99
7999607268,406.382,371.3844,-99
7999640601,402.063,369.8559,-99
7999673934,399.7644,370.463,-99
7999707267,399.1366,371.9639,-99
7999740600,398.9901,372.0662,-99
7999773933,401.021,369.9748,-99
7999807266,401.2371,377.189,-99
7999840599,405.2692,382.1259,-99
7999873932,401.3319,382.2198,-99
7999907265,402.437,383.6765,-99
7999940598,403.6941,385.1234,-99
7999973931,403.5188,386.9328,-99
8000007264,402.1197,387.7367,-99
8000040597,401.0229,390.4886,-99
8000073930,399.2253,393.1883,-99
8000107263,396.8135,391.4637,-99
8000140596,394.8644,392.2203,-99
8000173929,392.9466,392.8835,-99
8000207262,388.1723,394.3265,-99
8000240595,384.6245,394.6467,-99
8000273928,381.8989,392.985,-99
8000307261,379.7054,393.5488,-99
8000340594,376.971,393.5435,-99
8000373927,374.9203,393.7729,-99
8000407260,375.1909,395.8067,-99
8000440593,373.8015,396.3148,-99
8000473926,371.952,395.8873,-99
8000507259,370.4623,396.7286,-99
8000540592,368.7819,398.1691,-99
8000573925,364.961,398.2846,-99
8000607258,363.4136,398.4058,-99
8000640591,362.0275,398.9194,-99
8000673924,360.6955,399.5297,-99
8000707257,358.1755,400.2145,-99
8000740590,355.7135,400.5782,-99
8000773923,353.5652,400.2035,-99
8000807256,351.1111,399.9189,-99
8000840589,349,399.6328,-99
8000873922,346.489,399.2216,-99
8000907255,343.8746,398.6392,-99
8000940588,341.4201,398.4614,-99
8000973921,338.1497,398.7905,-99
8001007254,336.3805,399.8891,-99
8001040587,335.7848,401.0807,-99
8001073920,333.1732,401.9492,-99
8001107253,330.4601,402.5148,-99
8001140586,328.732,403.0946,-99
8001173919,326.9978,402.6022,-99
8001207252,323.0703,401.3394,-99
8001240585,320.3495,400.6338,-99
8001273918,317.9279,399.1838,-99
8001307251,315.3229,397.8307,-99
8001340584,313.0862,397.3845,-99
8001373917,311.8819,396.8952,-99
8001407250,312.2227,396.8933,-99
8001440583,310.1611,396.1365,-99
8001473916,308.242,396.3995,-99
8001507249,306.6009,396.8486,-99
8001540582,305.8507,396.9638,-99
8001573915,304.0741,397.5787,-99
8001607248,302.246,398.0919,-99
8001640581,300.5161,398.6498,-99
8001673914,298.5383,399.0186,-99
8001707247,297.554,398.8626,-99
8001740580,296.7644,399.9756,-99
8001773913,295.9135,400.0478,-99
8001807246,294.8859,399.7629,-99
8001840579,292.2428,400.9109,-99
8001873912,290.1663,402.8083,-99
8001907245,288.2835,404.5536,-99
8001940578,287.0697,405.9888,-99
8001973911,285.915,407.6189,-99
8002007244,285.5315,407.2471,-99
8002040577,284.1678,408.1469,-99
8002073910,283.3685,407.9663,-99
8002107243,280.2863,406.2596,-99
8002140576,280.1213,406.3079,-99
8002173909,278.3289,404.4627,-99
8002207242,277.3384,404.9066,-99
8002240575,273.9561,403.9517,-99
8002273908,273.9448,402.0473,-99
8002307241,274.9387,402.5755,-99
8002340574,273.8357,402.6042,-99
8002373907,272.7383,402.0543,-99
8002407240,271.8146,401.1171,-99
8002440573,270.8979,400.2459,-99
8002473906,270.8177,399.3549,-99
8002507239,270.1051,397.2126,-99
8002540572,270.3756,395.3458,-99
8002573905,271.3172,392.8084,-99
8002609535,270.8621,391.3793,-99
8002642868,270.7555,389.7942,-99
8002676201,269.9475,389.3866,-99
8002709534,269.6777,388.6327,-99
8002742867,269.4791,388.5395,-99
8002776200,267.2311,390.1392,-99
8002809533,266.4197,390.6399,-99
8002842866,266.1075,390.5771,-99
8002876199,264.5313,391.594,-99
8002909532,263.2743,391.1893,-99
8002942865,261.7924,390.3651,-99
8002976198,261.4569,389.8541,-99
8003009531,259.713,389.0775,-99
8003042864,258.561,388.1479,-99
8003076197,256.5755,387.8066,-99
8003109530,255.223,387.5329,-99
8003142863,253.3349,387.5953,-99
8003176196,251.722,387.339,-99
8003209529,249.7444,387.0397,-99
8003242862,247.3357,386.9232,-99
8003276195,245.2667,385.9259,-99
8003309528,242.7663,383.459,-99
8003342861,240.9096,381.0341,-99
8003376194,240.3367,380.549,-99
8003409527,239.0805,380.6317,-99
8003442860,238.194,379.1343,-99
8003476193,235.2463,377.7217,-99
8003509526,234.0167,376.031,-99
8003542859,232.1723,375.2087,-99
8003576192,229.9111,374.9279,-99
8003609525,228.9452,374.6071,-99
8003642858,227.3163,374.6131,-99
8003676191,227.2776,374.2894,-99
8003709524,226.7037,373.9926,-99
8003742857,225.8806,373.4453,-99
8003776190,224.8072,373.2169,-99
8003809523,223.1042,373.4243,-99
8003842856,221.8134,373.134,-99
8003876189,220.0931,373.6397,-99
8003909522,218.7706,373.5536,-99
8003942855,216.9598,372.7092,-99
8003976188,215.7946,371.8093,-99
8004009521,215.0916,370.3615,-99
8004042854,214.1468,369.1949,-99
8004076187,212.9207,368.4399,-99
8004109520,211.8252,366.8509,-99
8004142853,211.5422,365.4554,-99
8004176186,210.9401,363.0391,-99
8004209519,210.5902,361.7514,-99
8004242852,210.9722,358.8535,-99
8004276185,211.1,355.27,-99
8004309518,211.5844,355.2338,-99
8004342851,211.8822,354.4637,-99
8004376184,210.0441,351.9007,-99
8004409517,209.7201,350.7427,-99
8004442850,208.4081,349.4188,-99
8004476183,206.8294,349.032,-99
8004509516,205.9004,348.9005,-99
8004542849,206.2032,348.2032,-99
8004576182,206.2527,347.1223,-99
8004609515,205.3196,344.6469,-99
8004642848,204.8661,343.1738,-99
8004676181,204.4945,340.6978,-99
8004709514,205.0585,339.5,-99
8004742847,205.1362,338.2468,-99
8004776180,203.9184,337.6026,-99
8004809513,203.1712,336.6875,-99
8004842846,201.912,336.1973,-99
8004876179,199.8136,335.822,-99
8004909512,196.6859,334.7539,-99
8004942845,194.8668,333.661,-99
8004976178,193.0633,331.9341,-99
8005009511,191.624,330.4655,-99
8005042844,191.0711,328.9105,-99
8005076177,190.8059,326.7494,-99
8005109510,190.3107,322.8851,-99
8005142843,188.5246,321.2118,-99
8005176176,187.4909,318.6214,-99
8005209509,187.6277,317.9124,-99
8005242842,186.32,317.41,-99
8005276175,185.4726,316.2774,-99
8005309508,184.1875,314.92,-99
8005342841,184.2361,313.4461,-99
8005376174,183.9973,310.9326,-99
8005409507,184.0172,309.49,-99
8005442840,183.9866,307.445,-99
8005476173,183.7485,303.6686,-99
8005509506,183.8384,301.9041,-99
8005542839,182.5133,298.7021,-99
8005576172,180.8715,295.0874,-99
8005609505,180.6827,294.2183,-99
8005642838,180.0778,292.3333,-99
8005676171,179.1432,290.6817,-99
8005709504,178.4123,287.1198,-99
8005742837,178.3857,285.8871,-99
8005776170,177.885,283.3155,-99
8005809503,177.3501,283.1008,-99
8005842836,175.7353,279.6853,-99
8005876169,175.5568,278.8033,-99
8005909502,174.6815,276.8982,-99
8005941913,176.6493,273.7322,-99
8005975246,178.6895,272.006,-99
8006008579,178.8395,271.3037,-99
8006041912,178.3132,270.3269,-99
8006075245,178.0952,269.6692,-99
8006108578,178,268.4908,-99
8006141911,177.6779,267.0951,-99
8006175244,178.8309,266.9427,-99
8006208577,178.4052,266.5044,-99
8006241910,179.2944,265.875,-99
8006275243,180.3447,265.5579,-99
8006308576,180.7104,264.8005,-99
8006341909,181.6454,263.6454,-99
8006375242,182.8509,263.0373,-99
8006408575,184.65,262.7344,-99
8006441908,186.1692,262.9275,-99
8006475241,187.0805,262.773,-99
8006508574,187.0059,262.4663,-99
8006541907,187.4286,261.4985,-99
8006575240,187.2548,261,-99
8006608573,187.3581,261.1247,-99
8006641906,185.9972,261.4528,-99
8006675239,185.569,262.0115,-99
8006708572,185.1344,261.9382,-99
8006741905,184.0565,261.6532,-99
8006775238,183.1995,260.7633,-99
8006808571,183.2125,260.8425,-99
8006841904,181.3753,260.0951,-99
8006875237,179.7867,259.5227,-99
8006908570,178.2803,259.6442,-99
8006941903,176.7432,259.5405,-99
8006975236,176.1436,259.252,-99
8007008569,176.3491,258.6115,-99
8007041902,176.2095,257.7737,-99
8007075235,177.4474,257.55,-99
8007108568,179.6675,256.551,-99
8007141901,181.5037,256.2592,-99
8007175234,182.7029,255.7802,-99
8007208567,183.2995,255.4788,-99
8007241900,183.407,256.067,-99
8007275233,183.3341,255.615,-99
8007308566,182.5012,255.2152,-99
8007341899,181.7599,256.404,-99
8007375232,182.0836,257.1058,-99
8007408565,182.5586,257.109,-99
8007441898,183.373,257.4081,-99
8007475231,184.9915,258.1469,-99
8007508564,187.0369,259.1818,-99
8007541897,188.8603,259.9315,-99
8007575230,189.8848,260.0309,-99
8007605110,189.9805,260.933,-99
8007638443,190.4958,260.9723,-99
8007671776,190.03,260.6866,-99
8007705109,190.0904,260.1277,-99
8007738442,190.1671,260.0349,-99
8007771775,190.3196,260.4867,-99
8007805108,190.2531,260.5831,-99
8007838441,190.9182,261.6122,-99
8007871774,191.4711,261.552,-99
8007905107,192.0388,262.1966,-99
8007938440,192.812,262.7995,-99
8007971773,193.3772,262.7916,-99
8008005106,193.7359,263.7256,-99
8008038439,193.4602,264.2094,-99
8008071772,194.5182,264.4846,-99
8008105105,196.1225,264.6325,-99
8008138438,197.4965,265.0534,-99
8008171771,197.7773,264.818,-99
8008205104,198.4932,263.6466,-99
8008238437,197.9437,263.5493,-99
8008271770,198.1255,262.9403,-99
8008305103,196.8615,262.2143,-99
8008338436,196.4121,261.7992,-99
8008371769,192.7697,261.5899,-99
8008405102,191.9385,262.0051,-99
8008438435,190.9707,262.1596,-99
8008471768,190.1925,262.5325,-99
8008505101,189.399,262.0754,-99
8008538434,187.6506,262.8253,-99
8008571767,186.3017,263.2166,-99
8008605100,185.2121,261.0964,-99
8008638433,185.4606,259.6306,-99
8008671766,185.2988,258.1954,-99
8008705099,185.777,255.348,-99
8008738432,185.6591,252.2102,-99
8008771765,186.5575,248.9719,-99
8008805098,186.5592,245.9474,-99
8008838431,185.7046,242.5303,-99
8008871764,185.5697,239.4254,-99
8008905097,184.7526,236.9158,-99
8008938430,183.3827,233.3296,-99
8008971763,182.8301,229.2356,-99
8009005096,182.9205,226.5507,-99
8009038429,184.4755,225.0353,-99
8009071762,185.0577,221.189,-99
8009105095,186.2976,219.7262,-99
8009138428,188.1367,217.2076,-99
8009171761,188.4377,213.7872,-99
8009205094,189.3554,212.6639,-99
8009238427,190.9896,212.1632,-99
8009271760,193.6639,211.6454,-99
8009305093,194.7335,212.0942,-99
8009338426,195.4124,211.8187,-99
8009371759,195.8042,211.8462,-99
8009405092,194.6846,211.6739,-99
8009438425,194.3447,209.4921,-99
8009471758,193.5739,208.2699,-99
8009505091,193.0049,206.8456,-99
8009538424,192.565,205.8575,-99
8009571757,192.3573,205.2216,-99
8009605090,192.1606,203.9014,-99
8009638423,192.9147,202.5687,-99
8009671756,193.1734,201.3089,-99
8009705089,193.0215,199.4812,-99
8009738422,193.631,197.8075,-99
8009771755,193.7718,196.4535,-99
8009805088,194.7518,193.8454,-99
8009838421,193.759,190.0145,-99
8009871754,194.0827,188.1707,-99
8009905087,193.7003,186.3073,-99
8009938420,193.2882,184.5245,-99
8009971753,194.2314,183.3857,-99
8010005086,195.0197,180.9382,-99
8010038419,197.6667,180.5702,-99
8010071752,199.7318,178.2206,-99
8010105085,201.8062,177.5253,-99
8010138418,203.6012,176.8555,-99
8010171751,205.8365,173.9946,-99
8010205084,207.5966,173.446,-99
8010238417,208.9116,170.0455,-99
8010271750,209.7861,168.9759,-99
8010305083,210.3543,166.9921,-99
8010338416,210.9406,165.6615,-99
8010371749,211.7459,166.5355,-99
8010405082,213.1436,165.3856,-99
8010438415,214.3581,164.1867,-99
8010471748,215.5096,163.3781,-99
8010505081,216.6925,163.8754,-99
8010538414,217.5227,163.1894,-99
8010571747,218.957,161.9946,-99
8010605080,219.3228,161.9921,-99
8010638413,219.9346,159.0409,-99
8010671746,220.4469,158.0245,-99
8010705079,220.3342,154.0816,-99
8010738412,220.9815,153.6069,-99
8010771745,221.3666,152.7232,-99
8010805078,222.1456,152.6264,-99
8010838411,225.7872,152.3182,-99
8010871744,226.6085,152.4318,-99
8010905077,228.5283,152.6435,-99
8010950427,231.1133,152.2793,-99
8010983760,230.3298,152.3953,-99
8011017093,231.0142,151.4703,-99
8011050426,233.201,149.1392,-99
8011083759,235.0524,149.0157,-99
8011117092,236.3725,146.8207,-99
8011150425,238.4433,145.4591,-99
8011183758,240.1365,145.3465,-99
8011217091,242.5371,145.3811,-99
8011250424,244.824,145.6186,-99
8011283757,246.3519,145.1966,-99
8011317090,248.5866,145.1214,-99
8011350423,250.9384,141.8251,-99
8011383756,252.5587,140.6454,-99
8011417089,253.4747,137.552,-99
8011450422,253.9788,137.1141,-99
8011483755,254.5926,134.2074,-99
8011517088,255.3085,133.2725,-99
8011550421,256.7493,130.7546,-99
8011583754,258.4988,129.1794,-99
8011617087,260.6313,127.9549,-99
8011650420,264.5275,127.9243,-99
8011683753,265.3593,128.1602,-99
8011717086,266.6071,127.9018,-99
8011750419,268.125,127.3627,-99
8011783752,271.1005,127.1852,-99
8011817085,271.895,127.6492,-99
8011850418,272.1562,127.8619,-99
8011883751,271.9811,128.8302,-99
8011917084,271.4156,129.5,-99
8011950417,271.4,129.5167,-99
8011983750,271.8678,131.5805,-99
8012017083,271.5451,133.3394,-99
8012050416,270.6316,134.2848,-99
8012083749,268.8198,134.9129,-99
8012117082,267.7147,134.7373,-99
8012150415,267.9314,134.1714,-99
8012183748,267.4525,134.8715,-99
8012217081,266.3531,135.4563,-99
8012250414,266.142,136.5584,-99
8012283747,266.731,137.8902,-99
8012317080,267.8849,138.062,-99
8012350413,267.5151,137.8182,-99
8012383746,267.4375,137.75,-99
8012417079,266.3097,138.0161,-99
8012450412,265.0291,137.233,-99
8012483745,264.5859,135.4601,-99
8012517078,265.0424,134.3286,-99
8012550411,265.3564,133.8691,-99
8012583744,264.3213,133.8525,-99
8012619406,264.1331,134.003,-99
8012652739,264.3276,134.4245,-99
8012686072,265.8441,134.9695,-99
8012719405,266.332,135.2348,-99
8012752738,266.725,136.625,-99
8012786071,266.4195,138.7383,-99
8012819404,266.0525,140.3796,-99
8012852737,266.0412,141.7,-99
8012886070,265.7134,141.9907,-99
8012919403,265.3613,141.5742,-99
8012952736,265.347,141.571,-99
8012986069,265.5013,140.0919,-99
8013019402,265.1201,138.2597,-99
8013052735,266.5108,136.8649,-99
8013086068,267.2232,136.6086,-99
8013119401,269.2982,133.3283,-99
8013152734,271.9401,132.2316,-99
8013186067,274.2872,130.0798,-99
8013219400,276.9821,128.6599,-99
8013252733,278.9136,127.1466,-99
8013286066,281.4203,125.0845,-99
8013319399,284.3835,123.8997,-99
8013352732,286.4286,121.0879,-99
8013386065,288.0532,120.3803,-99
8013419398,289.8112,118.5811,-99
8013452731,291.63,116.3753,-99
8013486064,293.023,114.6006,-99
8013519397,294.8919,112.7248,-99
8013552730,296.8853,111.6885,-99
8013586063,298.5459,111.5906,-99
8013619396,299.5908,111.3154,-99
8013652729,301.502,110.3173,-99
8013686062,304.2957,110.4086,-99
8013719395,305.994,109.5757,-99
8013752728,306.2634,107.6183,-99
8013786061,308.8591,107.7317,-99
8013819394,310.6718,107.882,-99
8013852727,313.3325,107.8995,-99
8013886060,316.679,108.8642,-99
8013919393,320.6613,109.9104,-99
8013952726,322.8129,111.664,-99
8013986059,325.77,112.6686,-99
8014019392,328.7688,114.1308,-99
8014052725,331.2479,116.1026,-99
8014086058,333.0447,116.6824,-99
8014119391,335.8454,118.0549,-99
8014152724,337.9753,119.2548,-99
8014186057,339.2296,120.0554,-99
8014219390,340.9661,119.7311,-99
8014252723,341.9151,118.989,-99
8014286056,343.2083,118.0182,-99
8014319389,344.7778,117.9284,-99
8014352722,346.7297,117.7505,-99
8014386055,349.1647,116.3631,-99
8014419388,349.1678,114.9396,-99
8014452721,349.7539,113.785,-99
8014486054,352.8531,112.3443,-99
8014519387,354.7103,112.2231,-99
8014552720,356.5459,112.0695,-99
8014586053,358.6987,112.4107,-99
8014619386,360.5062,112.8296,-99
8014652719,362.8379,113.758,-99
8014686052,366.0898,114.1795,-99
8014719385,366.1,114.5222,-99
8014752718,367.9759,115.221,-99
8014786051,369.917,116.7247,-99
8014819384,369.9564,118.0726,-99
8014852717,372.343,119.4419,-99
8014886050,372.6178,120.0331,-99
8014919383,375.126,121.065,-99
8014952716,376.7495,122.1361,-99
8014986049,378.6929,123.5955,-99
8015019382,380.1501,124.2785,-99
8015052715,381.5714,125.2117,-99
8015086048,383.7752,126.904,-99
8015119381,385.277,128.0633,-99
8015152714,386.728,128.7128,-99
8015186047,388.1855,129.4687,-99
8015219380,389.698,129.8173,-99
8015252713,390.8317,129.9195,-99
8015286046,393.4516,129.8536,-99
8015319379,397.004,131.8523,-99
8015352712,399.0685,132.4188,-99
8015386045,401.3136,132.5286,-99
8015419378,403.0099,132.2154,-99
8015452711,406.8078,132.0902,-99
8015486044,410.2124,132.9944,-99
8015519377,411.6613,133.023,-99
8015552710,414.6594,135.2733,-99
8015586043,415.9451,137.9941,-99
8015619376,417.9569,140.0822,-99
8015652709,418.6801,142.7712,-99
8015686042,420.0837,144.2029,-99
8015719375,421.847,146.5548,-99
8015752708,422.7686,149.169,-99
8015786041,424.3557,150.3478,-99
8015819374,426.4165,153.0098,-99
8015852707,427.21,154.734,-99
8015886040,428.4316,155.5053,-99
8015919373,430.618,157.0279,-99
8015958254,432.2339,158.3886,-99
8015991587,435.3298,160.0532,-99
8016024920,436.9638,161.221,-99
8016058253,437.8476,161.9527,-99
8016091586,438.2146,160.8539,-99
8016124919,439.1274,161.637,-99
8016158252,441.0736,162.6802,-99
8016191585,443.2373,163.1227,-99
8016224918,443.4257,164.9043,-99
8016258251,444.9405,166.3204,-99
8016291584,445.9834,166.9189,-99
8016324917,446.0045,167.2653,-99
8016358250,445.7672,168.1639,-99
8016391583,446.1519,168.9519,-99
8016424916,444.9391,168.5482,-99
8016458249,445.101,169.5674,-99
8016491582,445.449,170.7041,-99
8016524915,444.8383,171.7699,-99
8016558248,446.3662,173.2753,-99
8016591581,447.8213,174.5483,-99
8016624914,450.0775,175.8838,-99
8016658247,452.0714,178.0417,-99
8016691580,452.1974,179.3365,-99
8016724913,452.2707,179.8081,-99
8016758246,452.6199,182.8882,-99
8016791579,451.6258,185.9505,-99
8016824912,452.3077,188.8028,-99
8016858245,452.5567,192.6417,-99
8016891578,452.5339,195.2751,-99
8016924911,452.5492,197.4587,-99
8016958244,452.8822,199.7541,-99
8016991577,453.5413,199.496,-99
8017024910,455.1878,201.5397,-99
8017058243,456.2877,202.6356,-99
8017091576,457.0426,203.7131,-99
8017124909,458.7921,208.6477,-99
8017158242,459.7789,209.3636,-99
8017191575,460.5558,211.1816,-99
8017224908,459.7306,213.1736,-99
8017258241,460.8927,213.8848,-99
8017291574,463.5959,215.7032,-99
8017324907,465.507,219.0581,-99
8017358240,466.7189,220.5365,-99
8017391573,467.1406,222.5986,-99
8017424906,467.1497,224.4447,-99
8017458239,466.8449,225.4652,-99
8017491572,466.3913,227.2878,-99
8017524905,465.7271,228.0021,-99
8017558238,466.5062,228.8704,-99
8017591571,466.5307,228.1501,-99
8017624904,466.9002,229.4562,-99
8017658237,467.4354,231.5979,-99
8017691570,468.4599,232.2513,-99
8017724903,466.8087,236.2574,-99
8017758236,466.6561,235.8561,-99
8017791569,466.7726,234.4521,-99
8017824902,466.2127,235.1713,-99
8017858235,465.8286,236.0571,-99
8017891568,461.4008,234.1488,-99
8017924901,459.5,231,-99
8017958234,457.5161,236.5161,-99
8017991567,455.2308,235.3077,-99
8018024900,455.1356,242.8305,-99
8018058233,456.5769,240.2885,-99
8018091566,463.548,247.476,-99
8018124899,460.123,240.1508,-99
8018158232,460.6831,249.3099,-99
8018191565,459.2196,245.1739,-99
8018224898,459.5714,246.8844,-99
8018258231,459.2561,245.4414,-99
8018291564,457.0229,246.6158,-99
8018324897,456.6919,248.5686,-99
8018358230,455.9713,251.2437,-99
8018391563,456.0868,250.2904,-99
8018424896,454.2115,251.1592,-99
8018458229,452.2017,253.3305,-99
8018491562,450.6905,253.8155,-99
8018524895,451.0278,255.8389,-99
8018558228,450.6986,256.1268,-99
8018591561,450.5675,256.6411,-99
8018624894,449.0525,253.7797,-99
8018658227,450.4312,251.9812,-99
8018691560,449.6518,251.4665,-99
8018724893,449.5941,254.0676,-99
8018758226,450.9116,257.3434,-99
8018791559,453.1213,258.9362,-99
8018824892,453.7667,261.2118,-99
8018858225,454.3951,263.9129,-99
8018891558,455.1075,266.8169,-99
8018924891,455.9534,269.3093,-99
8018958224,457.9131,271.3452,-99
8018991557,458.9828,273.4925,-99
8019024890,460.339,276.0572,-99
8019058223,462.1525,278.0959,-99
8019091556,463.501,280.7289,-99
8019124889,464.7409,282.3846,-99
8019158222,466.2754,285.2352,-99
8019191555,466.0393,287.617,-99
8019224888,466.2672,290.3117,-99
8019258221,465.681,293.1984,-99
8019281599,465.8465,295.2127,-99
8019314932,465.3312,297.1635,-99
8019348265,464.2823,299.3085,-99
8019381598,462.3053,298.6463,-99
8019414931,460.96,300.5475,-99
8019448264,459.5403,301.8264,-99
8019481597,458.105,303.1575,-99
8019514930,457.1062,306.2323,-99
8019548263,455.9226,309.0397,-99
8019581596,453.5917,311.6075,-99
8019614929,452.0744,314.2455,-99
8019648262,451.4134,316.1232,-99
8019681595,450.4219,318.538,-99
8019714928,447.3598,318.5552,-99
8019748261,446.2952,317.1746,-99
8019781594,446.462,318.9968,-99
8019814927,444.9751,320.4268,-99
8019848260,443.2925,322.6299,-99
8019881593,441.9943,323.567,-99
8019914926,439.7026,326.9767,-99
8019948259,437.6871,330.1316,-99
8019981592,436.2132,333.6176,-99
8020014925,436.0228,335.2137,-99
8020048258,435.6592,338.5075,-99
8020081591,434.7924,339.8561,-99
8020114924,433.3854,341.9229,-99
8020148257,433.1885,343.0185,-99
8020181590,431.3736,343.9029,-99
8020214923,430.5733,345.3409,-99
8020248256,430.0185,343.6389,-99
8020281589,427.0978,344.8827,-99
8020314922,425.7788,346.4953,-99
8020348255,426.7541,352.5973,-99
8020381588,426.8972,354.9323,-99
8020414921,427.432,356.9417,-99
8020448254,425.9158,359.4579,-99
8020481587,424.8733,361.2822,-99
8020514920,424.0901,361.5018,-99
8020548253,421.1302,363.9047,-99
8020581586,420.1084,363.436,-99
8020614919,416.4332,362.4946,-99
8020648252,415.7138,364.6138,-99
8020681585,415.7342,365.5349,-99
8020714918,416.2346,371.5587,-99
8020748251,415.4575,374.0675,-99
8020781584,412.1385,376.6089,-99
8020814917,409.3861,376.987,-99
8020848250,407.2982,376.3377,-99
8020881583,404.2786,376.7667,-99
8020914916,401.0285,375.6866,-99
8020952188,398.1301,375.3516,-99
8020985521,398.1187,373.5434,-99
8021018854,396.9716,371.0543,-99
8021052187,395.7437,371.9715,-99
8021085520,397.6429,376.1786,-99
8021118853,396.9797,377.8985,-99
8021152186,396.4401,379.8802,-99
8021185519,395.7837,380.7704,-99
8021218852,394.4327,382.7452,-99
8021252185,393.4644,384.6622,-99
8021285518,391.4141,386.3953,-99
8021318851,390.4539,387.7281,-99
8021352184,385.776,387.7049,-99
8021385517,385.072,388.2572,-99
8021418850,385.1336,389.6751,-99
8021452183,384.469,392.1526,-99
8021485516,383.2085,393.139,-99
8021518849,382.0968,394.5323,-99
8021552182,381.3824,396.589,-99
8021585515,379.3477,398.5324,-99
8021618848,375.9712,400.428,-99
8021652181,374.775,401.8136,-99
8021685514,372.7162,404.2727,-99
8021718847,367.3039,403.8322,-99
8021752180,364.3347,402.487,-99
8021785513,361.9007,402.7878,-99
8021818846,359.3803,402.1879,-99
8021852179,356.7963,401.8333,-99
8021885512,355.1286,401.1694,-99
8021918845,352.6031,400.9864,-99
8021952178,350.1923,399.0559,-99
8021985511,352.0423,398.0262,-99
8022018844,350.3069,397.1002,-99
8022052177,348.53,395.3633,-99
8022085510,350.3045,395.3523,-99
8022118843,348.5044,395.7379,-99
8022152176,347.2711,397.4488,-99
8022185509,345.8,398.3539,-99
8022218842,344.0396,400.3612,-99
8022252175,342.6799,402.3885,-99
8022285508,341.7731,404.0463,-99
8022318841,340.7554,405.6416,-99
8022352174,339.6397,406.607,-99
8022385507,336.4458,406.996,-99
8022418840,333.3604,406.1075,-99
8022452173,330.2101,404.042,-99
8022485506,328.905,403.7039,-99
8022518839,326.0805,402.2809,-99
8022552172,325.2207,401.5567,-99
8022585505,323.4512,401.9342,-99
8022626948,320.4496,401.3925,-99
8022660281,317.9064,400.226,-99
8022693614,314.7358,400.3603,-99
8022726947,311.4602,400.1128,-99
8022760280,309.5601,400.0644,-99
8022793613,307.816,400.0887,-99
8022826946,306.3799,399.5921,-99
8022860279,304.2072,399.3559,-99
8022893612,303.2294,398.7661,-99
8022926945,302.3051,398.7327,-99
8022960278,300.0978,399.3422,-99
8022993611,298.0897,400.3565,-99
8023026944,296.1508,401.6821,-99
8023060277,294.5148,402.8405,-99
8023093610,293.6537,403.738,-99
8023126943,291.4165,404.6201,-99
8023160276,290.3087,404.9044,-99
8023193609,289.5318,404.5227,-99
8023226942,287.4989,404.693,-99
8023260275,285.6834,402.4358,-99
8023293608,284.6685,400.7041,-99
8023326941,283.5732,400.2179,-99
8023360274,282.1352,400.1726,-99
8023393607,280.8927,401.1996,-99
8023426940,279.9933,400.7399,-99
8023460273,277.5024,400.2762,-99
8023493606,274.0913,399.1871,-99
8023526939,272.1981,397.9138,-99
8023560272,270.7018,396.2108,-99
8023593605,267.762,394.9085,-99
8023626938,266.7279,392.3469,-99
8023660271,264.9636,390.0318,-99
8023693604,265.8361,386.5293,-99
8023726937,263.8775,384.6575,-99
8023760270,262.908,383.1791,-99
8023793603,261.1252,382.5215,-99
8023826936,260.5397,383.318,-99
8023860269,259.0211,385.4754,-99
8023893602,258.1485,387.1439,-99
8023926935,256.6097,388.3707,-99
8023960268,255.4292,386.4271,-99
8023993601,256.3984,385.165,-99
8024026934,257.0646,384.0208,-99
8024060267,257.1434,382.8198,-99
8024093600,257.4155,381.0278,-99
8024126933,258.1926,381.2645,-99
8024160266,257.9949,381.4785,-99
8024193599,256.4525,379.8946,-99
8024226932,255.9614,379.0072,-99
8024260265,253.5901,379.0444,-99
8024295927,250.9851,378.6418,-99
8024329260,249.1738,378.335,-99
8024362593,247.5313,378.0433,-99
8024395926,247.0409,376.0288,-99
8024429259,245.3108,374.5915,-99
8024462592,243.5958,372.7266,-99
8024495925,241.4096,370.4554,-99
8024529258,238.885,368.6201,-99
8024562591,236.2386,367.3926,-99
8024595924,234.1846,366.7275,-99
8024629257,232.6471,366.8655,-99
8024662590,231.8902,367.7122,-99
8024695923,230.7594,367.2932,-99
8024729256,229.7732,366.9146,-99
8024762589,228.4262,366.5571,-99
8024795922,225.8853,365.0913,-99
8024829255,223.4017,365.5356,-99
8024862588,221.1023,366.0768,-99
8024895921,220.6425,367.3177,-99
8024929254,219.9489,367.5328,-99
8024962587,217.8522,367.9901,-99
8024995920,216.5244,366.6732,-99
8025029253,215.9954,365.3982,-99
8025062586,215.2219,363.1297,-99
8025095919,215.0379,362.6667,-99
8025129252,213.6843,361.144,-99
8025162585,214.6253,359.1801,-99
8025195918,213.4663,358.4589,-99
8025229251,211.0694,357.1842,-99
8025262584,209.7521,356.075,-99
8025295917,208.0817,355.628,-99
8025329250,207.3736,355.545,-99
8025362583,207.2354,356.0417,-99
8025395916,206.0901,356.5365,-99
8025429249,205.9484,357.1204,-99
8025462582,206.1838,357.5637,-99
8025495915,206.6176,357.7597,-99
8025529248,207.6544,354.4731,-99
8025562581,208.9031,350.6619,-99
8025595914,209.0846,350.559,-99
8025629247,210.1392,348.2202,-99
8025662580,209.9661,345.6667,-99
8025695913,210.4151,343.7311,-99
8025729246,208.9638,341.845,-99
8025762579,207.8645,340.1301,-99
8025795912,207.1935,339.7275,-99
8025829245,206.0533,338.3579,-99
8025862578,206.7661,336.9037,-99
8025895911,205.7117,333.9016,-99
8025929244,204.9682,333.2766,-99
8025962577,203.6812,330.9358,-99
8025995910,202.6115,330.3333,-99
8026029243,201.254,330.291,-99
8026062576,199.1268,329.9785,-99
8026095909,196.413,329.3156,-99
8026129242,193.0811,328.895,-99
8026162575,189.6351,328.0383,-99
8026195908,186.3664,327.8594,-99
8026229241,184.096,328.4453,-99
8026262574,182.4504,328.7837,-99
8026295907,180.7493,328.3207,-99
8026329240,180.3361,327.3195,-99
8026362573,180.981,324.315,-99
8026395906,181.4754,322.7611,-99
8026429239,181.2682,323.338,-99
8026462572,182.2677,322.8478,-99
8026495905,182.3333,318.8583,-99
8026529238,183.2507,316.9477,-99
8026562571,183.0612,314.6024,-99
8026595904,182.0565,310.8616,-99
8026629237,182.823,307.9073,-99
8026662570,183.3196,305.0747,-99
8026695903,184.2677,302.0454,-99
8026729236,185.259,298.8072,-99
8026762569,186.9636,295.374,-99
8026795902,187.5648,290.8497,-99
8026829235,189.0093,288.0023,-99
8026862568,188.1043,286.1705,-99
8026895901,187.457,285.336,-99
8026929234,185.53,284.6211,-99
8026962567,181.8822,283.3784,-99
8026995900,179.0152,282.0454,-99
8027029233,176.4686,281.2923,-99
8027062566,173.8553,280.9095,-99
8027095899,172.8794,280.3539,-99
8027129232,172.2243,279.3216,-99
8027162565,172.8782,277.5492,-99
8027195898,172.7885,275.8049,-99
8027229231,172.6862,272.7819,-99
8027262564,172.6045,270.4708,-99
8027295897,171.9975,267.212,-99
8027329230,172.2842,266.7658,-99
8027362563,172.6551,265.8102,-99
8027395896,172.7778,263.9857,-99
8027429229,174.3314,262.716,-99
8027462562,176.4571,261.6623,-99
8027495895,178.0447,259.9868,-99
8027529228,178.4041,257.5233,-99
8027562561,178.2884,256.208,-99
8027595894,176.6337,254.5535,-99
8027634774,175.3523,253.8938,-99
8027668107,172.9251,252.3021,-99
8027701440,171.2395,251.7737,-99
8027734773,170.5481,251.9144,-99
8027768106,169.6081,251.5533,-99
8027801439,169.4762,251.2798,-99
8027834772,171.2023,251.3555,-99
8027868105,170.4414,249.5395,-99
8027901438,170.4058,248.8727,-99
8027934771,170.2813,248.0719,-99
8027968104,170.9102,247.6287,-99
8028001437,170.3728,246.052,-99
8028034770,172.4734,245.8378,-99
8028068103,173.7162,244.9469,-99
8028101436,174.8016,241.731,-99
8028134769,176.4387,241.3569,-99
8028168102,179.6162,240.351,-99
8028201435,181.7236,238.495,-99
8028234768,185.0054,236.7694,-99
8028268101,186.6614,234.2506,-99
8028301434,188.2186,232.4698,-99
8028334767,188.2045,229.8225,-99
8028368100,186.169,227.3549,-99
8028401433,185.5421,224.4951,-99
8028434766,184.956,222.6181,-99
8028468099,183.9119,220.8109,-99
8028501432,183.3844,218.9906,-99
8028534765,181.7813,216.8134,-99
8028568098,182.2086,214.1196,-99
8028601431,182.6216,213.0486,-99
8028634764,184.6,210.4562,-99
8028668097,184.3288,208.6956,-99
8028701430,184.9651,207.8372,-99
8028734763,186.1923,205.5742,-99
8028768096,186.4556,201.6775,-99
8028801429,188.2978,201.1803,-99
8028834762,188.329,197.6658,-99
8028868095,188.8771,196.9371,-99
8028901428,189.4944,195.9859,-99
8028934761,188.8866,193.1715,-99
8028968094,189.0316,192.8161,-99
8029001427,190.2458,192.6732,-99
8029034760,190.9748,190.6599,-99
8029068093,190.6581,188.9231,-99
8029101426,191.9677,186.3756,-99
8029134759,192.9459,186.1083,-99
8029168092,192.2422,184.2422,-99
8029201425,192.6907,183.256,-99
8029234758,193.6289,182.1572,-99
8029268091,195.2386,180.5584,-99
8029303722,198.9202,178.7143,-99
8029337055,200.2141,177.2121,-99
8029370388,199.631,176.7042,-99
8029403721,201.3529,174.11,-99
8029437054,202.6967,172.8224,-99
8029470387,203.3575,170.9845,-99
8029503720,204.0367,170.233,-99
8029537053,204.7013,170.2507,-99
8029570386,205.1911,170.1884,-99
8029603719,205.5989,169.7757,-99
8029637052,205.7013,169.8312,-99
8029670385,206.9547,169.4584,-99
8029703718,207.8571,168.828,-99
8029737051,209.3025,168.9183,-99
8029770384,210.9896,169.4753,-99
8029803717,212.3827,170.0816,-99
8029837050,214.2967,170.6189,-99
8029870383,215.4977,169.9276,-99
8029903716,215.8402,169.1598,-99
8029937049,215.0227,168.3665,-99
8029970382,214.0466,166.6685,-99
8030003715,212.3249,165.7486,-99
8030037048,210.5947,165.8284,-99
8030070381,210.0641,165.9936,-99
8030103714,209.5325,165.8359,-99
8030137047,209.1915,165.2736,-99
8030170380,208.7206,165.1143,-99
8030203713,209.1845,166.4171,-99
8030237046,210.7265,166,-99
8030270379,210.9919,166.0994,-99
8030303712,211.6352,166.2741,-99
8030337045,212.622,164.8367,-99
8030370378,213.1892,164.7523,-99
8030403711,214.6557,164.092,-99
8030437044,213.5387,162.8907,-99
8030470377,215.0875,161.9735,-99
8030503710,216.4465,161.9679,-99
8030537043,218.4884,161.0904,-99
8030570376,220.4372,160.6518,-99
8030603709,221.7363,160.859,-99
8030637042,223.4104,159.9922,-99
8030670375,225.3553,159.3579,-99
8030703708,226.2302,157.3095,-99
8030737041,227.9403,156.9584,-99
8030770374,229.8063,154.3947,-99
8030803707,231.3794,152.8116,-99
8030837040,234.5417,152.6765,-99
8030870373,237.8959,152.1215,-99
8030903706,239.5047,151.6808,-99
8030937039,240.6168,150.322,-99
8030970372,240.81,149.1821,-99
8031003705,241.7059,149.2864,-99
8031037038,242.6266,145.5405,-99
8031070371,243.3447,143.8668,-99
8031103704,244.2949,142.5359,-99
8031137037,246.773,141.1456,-99
8031170370,248.0661,140.0022,-99
8031203703,250.6653,139.1298,-99
8031237036,253.1595,138.2372,-99
8031270369,254.5702,137.9666,-99
8031303702,256.319,137.4608,-99
8031337035,258.9229,137.3368,-99
8031370368,260.7847,137.4579,-99
8031403701,262.1854,136.517,-99
8031437034,263.2938,135.4227,-99
8031470367,266.6146,135.7146,-99
8031503700,268.0392,135.5517,-99
8031537033,268.8256,135.6207,-99
8031570366,269.0949,135.222,-99
8031603699,268.8856,134.8442,-99
8031637032,270.2722,133.9381,-99
8031670365,271.8268,132.2607,-99
8031703698,273.7937,130.9219,-99
8031737031,275.5818,128.8202,-99
8031770364,276.606,127.8479,-99
8031803697,277.8284,125.4602,-99
8031837030,280.8375,124.8736,-99
8031870363,285.6624,124.5235,-99
8031903696,288.166,124.6152,-99
8031937029,289.1308,123.743,-99
8031970362,291.3207,122.3561,-99
8032003695,295.0077,122.3308,-99
8032037028,298.0955,122.0427,-99
8032070361,301.3848,121.2426,-99
8032103694,304.3953,120.9346,-99
8032137027,306.9299,119.8491,-99
8032170360,309.1801,119.626,-99
8032203693,310.4373,119.4293,-99
8032237026,311.7506,118.9305,-99
8032270359,314.2517,119.0802,-99
8032303692,315.4314,118.1305,-99
8032337025,316.8799,116.7391,-99
8032370358,318.3881,115.1834,-99
8032403691,318.5062,113.4863,-99
8032437024,320.5297,112.3812,-99
8032470357,322.0796,111.9761,-99
8032503690,323.084,111.6583,-99
8032537023,324.2184,111.8816,-99
8032570356,326.4153,111.4098,-99
8032603689,327.7222,110.4074,-99
8032630318,329.9729,108.9163,-99
8032663651,332.9678,109.6437,-99
8032696984,335.5844,110.5267,-99
8032730317,336.4276,111.5943,-99
8032763650,338.1618,112.5672,-99
8032796983,340.2189,113.4957,-99
8032830316,342.9134,114.1137,-99
8032863649,343.9019,115.6258,-99
8032896982,344.4777,114.7082,-99
8032930315,347,115.5494,-99
8032963648,349.3592,116.8062,-99
8032996981,351.132,117.4137,-99
8033030314,353.5995,119.3581,-99
8033063647,356.9064,122.2121,-99
8033096980,359.4663,123.592,-99
8033130313,360.6182,124.9128,-99
8033163646,361.5996,125.5415,-99
8033196979,362.8554,125.3454,-99
8033230312,365.6766,125.3989,-99
8033263645,367.6454,125.7883,-99
8033296978,368.0154,125.357,-99
8033330311,369.2552,126.278,-99
8033363644,372.0916,128.357,-99
8033396977,374.5547,129.2745,-99
8033430310,377.5945,130.9921,-99
8033463643,381.1752,133.2076,-99
8033496976,382.552,133.1658,-99
8033530309,385.9086,135.1852,-99
8033563642,388.6234,136.7048,-99
8033596975,391.2348,137.1879,-99
8033630308,393.7435,136.8325,-99
8033663641,395.6766,135.9402,-99
8033696974,397.7614,135.8693,-99
8033730307,399.4853,135.1233,-99
8033763640,402.6628,135.1812,-99
8033796973,406.0108,134.8855,-99
8033830306,407.0299,134.6389,-99
8033863639,408.4179,135.1983,-99
8033896972,411.3531,137.0042,-99
8033930305,413.7472,139.8653,-99
8033963638,416.8056,142.9194,-99
8033996971,418.6355,145.6393,-99
8034030304,419.407,146.8905,-99
8034063637,421.0746,149.0709,-99
8034096970,422.3713,150.3045,-99
8034130303,422.9714,148.9143,-99
8034163636,425.2453,149.6693,-99
8034196969,428.0698,151.3468,-99
8034230302,428.8541,152.1984,-99
8034263635,431.2012,153.2012,-99
8034297687,433.6635,155.234,-99
8034331020,436.514,157.1316,-99
8034364353,438.5,160.5642,-99
8034397686,439.2821,163.38,-99
8034431019,439.7401,167.1719,-99
8034464352,441.5337,172.1118,-99
8034497685,442.5605,174.8711,-99
8034531018,442.1798,176.5148,-99
8034564351,443.3189,178.8444,-99
8034597684,444.5564,181.2966,-99
8034631017,445.2506,183.5499,-99
8034664350,447.5,186.8159,-99
8034697683,448.5737,188.7838,-99
8034731016,450.0591,189.9584,-99
8034764349,450.9511,191.4134,-99
8034797682,452.0623,192.3216,-99
8034831015,454.2283,194.434,-99
8034864348,455.3463,195.5481,-99
8034897681,456.3422,196.5234,-99
8034931014,457.1469,201.6317,-99
8034964347,458.4739,205.4333,-99
8034997680,460.0717,208.3504,-99
8035031013,460.4526,210.5095,-99
8035064346,460.0053,212.8391,-99
8035097679,460.1982,215.6705,-99
8035131012,460.6988,216.9639,-99
8035164345,461.5438,217.5408,-99
8035197678,462.9649,219.7318,-99
8035231011,464.0655,221.5508,-99
8035264344,465.1066,222.6759,-99
8035297677,466.2301,224.0565,-99
8035331010,466.3333,224.0108,-99
8035364343,467.1698,225.5735,-99
8035397676,467.4792,223.878,-99
8035431009,468.6325,226.1994,-99
8035464342,468.7507,228.0198,-99
8035497675,468.3464,230.6416,-99
8035531008,467.4546,232.3431,-99
8035564341,464.1498,232.8057,-99
8035597674,464.4161,236.9419,-99
8035631007,463.5854,240.6037,-99
8035664340,463.2848,242.7119,-99
8035697673,465.2676,244.6423,-99
8035731006,466.265,248.115,-99
8035764339,465.5511,248.8306,-99
8035797672,463.5154,250.0798,-99
8035831005,462.8179,252.0275,-99
8035864338,463.3403,253.6925,-99
8035897671,463.7253,254.7912,-99
8035931004,464.543,255.1065,-99
8035965947,467.099,255.5768,-99
8035999280,467.5899,261.3174,-99
8036032613,471.7806,268.8339,-99
8036065946,472.554,269.9204,-99
8036099279,472.7574,271.3705,-99
8036132612,470.5013,273.1406,-99
8036165945,469.1772,274.836,-99
8036199278,467.1711,278.6814,-99
8036232611,465.7055,281.7423,-99
8036265944,463.8739,287.4087,-99
8036299277,464.9,289.1619,-99
8036332610,469.1606,289.3504,-99
8036365943,470.0934,286.4439,-99
8036399276,466.7029,286.4601,-99
8036432609,465.9211,286.2926,-99
8036465942,466.7595,287.3946,-99
8036499275,465.7876,290.5181,-99
8036532608,465.0502,288.6989,-99
8036565941,463.902,290.3143,-99
8036599274,459.9167,293.6635,-99
8036632607,455.8853,295.5874,-99
8036665940,455.1899,296.2641,-99
8036699273,455.7914,297.745,-99
8036732606,456.2842,302.9895,-99
8036765939,459.0789,307.6909,-99
8036799272,465.1026,308.3376,-99
8036832605,462.3677,307.6138,-99
8036865938,462.1222,310.0025,-99
8036899271,462.1401,311.1703,-99
8036932604,460.7163,314.8558,-99
8036965937,460.1868,316.6945,-99
8036999270,458.1922,316.8745,-99
8037032603,457.0061,319.1166,-99
8037065936,455.2822,320.9842,-99
8037099269,454.4786,323.4611,-99
8037132602,453.0804,324.3022,-99
8037165935,452.717,324.5283,-99
8037199268,452.7681,326.9428,-99
8037232601,451.625,334.1035,-99
8037265934,453.6919,332.5988,-99
8037299267,453.5367,332.4311,-99
8037332600,452.2226,333.3353,-99
8037365933,449.9626,329.431,-99
8037399266,447.924,333.9696,-99
8037432599,445.8419,335.3163,-99
8037465932,443.7661,335.998,-99
8037499265,442.6364,336.7039,-99
8037532598,442.5736,336.3934,-99
8037565931,440.7557,336.3649,-99
8037599264,440.1536,336.5016,-99
8037644645,437.9262,337.823,-99
8037677978,434.8206,338.5072,-99
8037711311,431.6584,339.5164,-99
8037744644,429.2798,340.291,-99
8037777977,429.791,339.0879,-99
8037811310,428.4564,340.1172,-99
8037844643,429.8083,343.9056,-99
8037877976,430,347.8353,-99
8037911309,430.3415,349.42,-99
8037944642,430.9081,353.376,-99
8037977975,430.9666,356.4429,-99
8038011308,431.269,359.8596,-99
8038044641,431.6587,359.2831,-99
8038077974,431.3846,361.9549,-99
8038111307,430.6179,366.1342,-99
8038144640,429.1454,366.6576,-99
8038177973,426.5735,367.1219,-99
8038211306,428.2129,370.1141,-99
8038244639,426.078,368.6271,-99
8038277972,425.6161,368.4546,-99
8038311305,426.8912,369.6,-99
8038344638,426.9939,369.0644,-99
8038377971,425.85,368.8278,-99
8038411304,421.8605,369.1223,-99
8038444637,420.9603,367.8922,-99
8038477970,421.6012,367.0575,-99
8038511303,422.4452,366.6242,-99
8038544636,423.019,366.4194,-99
8038577969,420.7995,366.6509,-99
8038611302,416.5597,367.1345,-99
8038644635,414.135,368.0998,-99
8038677968,412.7456,368.2971,-99
8038711301,415.2296,367.6786,-99
8038744634,413.6216,368.4054,-99
8038777967,413.386,371.462,-99
8038811300,413.6075,371.7307,-99
8038844633,412.8634,371.806,-99
8038877966,408.3115,371.457,-99
8038911299,407.64,371.34,-99
8038944632,405.3333,371.8812,-99
8038977965,405.8063,373.223,-99
8039011298,405.3116,373.7651,-99
8039044631,404.162,375.1848,-99
8039077964,403.5901,377.2454,-99
8039111297,403.7122,380.6261,-99
8039144630,402.5333,383.2788,-99
8039177963,401.9561,384.0614,-99
8039211296,401.3653,385.24,-99
8039244629,396.7663,386.5752,-99
8039277962,396.2784,387.3788,-99
8039311295,395.3822,388.1113,-99
8039344628,392.569,389.3395,-99
8039377961,390.6705,389.931,-99
8039411294,389.3527,390.4446,-99
8039444627,387.8407,391.3795,-99
8039477960,386.7922,391.8377,-99
8039511293,384.4101,393.9899,-99
8039544626,382.917,394.4626,-99
8039577959,382.1695,394.575,-99
8039611292,379.7485,392.8337,-99
8039644625,378.1098,391.5645,-99
8039677958,377.1793,390.4736,-99
8039711291,375.235,390.1259,-99
8039744624,373.1373,390.3222,-99
8039777957,373.9168,391.0936,-99
8039811290,373.948,391.9796,-99
8039844623,372.5302,392.5884,-99
8039877956,370.9677,394.1635,-99
8039911289,368.967,395.691,-99
8039944622,365.7148,395.8555,-99
8039977955,363.2436,395.1117,-99
8040011288,360.3321,394.5775,-99
8040044621,356.8241,393.6362,-99
8040077954,354.2092,392.5656,-99
8040111287,353.138,390.7097,-99
8040144620,353.9048,390.6883,-99
8040177953,353.8402,391.484,-99
8040211286,353.0635,391.4716,-99
8040244619,353.3072,391.1345,-99
8040277952,351.9978,392.8174,-99
8040311285,350.8114,393.2807,-99
8040344618,349.4033,394.3892,-99
8040377951,346.5871,394.2679,-99
8040411284,344.8724,393.6993,-99
8040444617,343.3816,393.4368,-99
8040477950,342.0966,392.2112,-99
8040511283,340.4788,393.0962,-99
8040544616,338.9246,394.2629,-99
8040577949,337.5908,395.1619,-99
8040611282,335.6636,397.0899,-99
8040644615,333.6494,399.44,-99
8040677948,331.8828,400.4828,-99
8040711281,331.4908,402.0596,-99
8040744614,331.2795,403.3928,-99
8040777947,328.084,404.05,-99
8040811280,326.8985,403.4694,-99
8040844613,325.4501,403.9274,-99
8040877946,323.4145,403.5112,-99
8040911279,322.1667,402.9403,-99
8040944612,320.1117,401.6082,-99
8040980243,318.9861,399.7335,-99
8041013576,317.5306,399.5115,-99
8041046909,315.4656,397.9189,-99
8041080242,315.6844,398.7311,-99
8041113575,313.9053,397.9978,-99
8041146908,312.4656,396.7694,-99
8041180241,310.5076,395.7961,-99
8041213574,308.8849,394.9159,-99
8041246907,307.9471,394.5034,-99
8041280240,306.3484,393.8529,-99
8041313573,304.4066,394.0865,-99
8041346906,302.7441,394,-99
8041380239,300.9725,394.3532,-99
8041413572,299.465,394.972,-99
8041446905,297.8073,395.8844,-99
8041480238,297.1392,397.184,-99
8041513571,295.76,398.44,-99
8041546904,294.8044,398.8369,-99
8041580237,292.7398,399.9457,-99
8041613570,291.0603,400.3192,-99
8041646903,288.343,400.4031,-99
8041680236,287.7799,400.6866,-99
8041713569,287.0204,399.6463,-99
8041746902,284.0054,395.9892,-99
8041780235,283.258,394.484,-99
8041813568,283.94,393.78,-99
8041846901,284.1825,394.4621,-99
8041880234,282.235,393.1935,-99
8041913567,282.4053,391.4009,-99
8041946900,280.4731,390.9888,-99
8041980233,277.8744,390.3558,-99
8042013566,276.4434,389.3113,-99
8042046899,274.4174,388.3951,-99
8042080232,273.0599,386.7765,-99
8042113565,271.5175,386.2867,-99
8042146898,269.1723,385.2472,-99
8042180231,267.2792,384.4272,-99
8042213564,265.8507,384.0237,-99
8042246897,263.5127,384.3972,-99
8042280230,261.3532,384.8234,-99
8042313563,259.9377,384.9449,-99
8042346896,258.271,384.9352,-99
8042380229,256.2275,384.7654,-99
8042413562,253.7765,384.64,-99
8042446895,251.1524,384.4319,-99
8042480228,250.1579,384.3021,-99
8042513561,248.3023,384.0409,-99
8042546894,245.5758,383.5663,-99
8042580227,244.3483,382.0382,-99
8042613560,242.6042,381.0117,-99
8042646893,240.4575,379.655,-99
8042680226,239.2205,377.8886,-99
8042713559,236.8259,376.5812,-99
8042746892,234.9899,375.937,-99
8042780225,233.7201,374.7727,-99
8042813558,232.3491,373.4906,-99
8042846891,231.3015,372.0747,-99
8042880224,230.0228,370.6481,-99
8042913557,230.2919,369.5203,-99
8042946890,230.5603,367.706,-99
8042980223,230.7076,367.0444,-99
8043013556,230.9925,366.792,-99
8043046889,230.7225,366.4174,-99
8043080222,229.5533,366.5692,-99
8043113555,228.5981,367.5085,-99
8043146888,227.601,368.1022,-99
8043180221,226.6909,369.1077,-99
8043213554,225.3117,369.798,-99
8043246887,225.5483,369.6256,-99
8043280220,223.4124,369.3249,-99
8043313553,222.5995,369.6464,-99
8043346886,220.3684,370.0752,-99
8043380219,220.0526,369.4966,-99
8043413552,219.3428,368.2976,-99
8043446885,219.9366,367.3503,-99
8043480218,219.3009,366.7322,-99
8043513551,218.3957,366.2773,-99
8043546884,218.8019,366.1449,-99
8043580217,218.77,365.8983,-99
8043613550,218.9308,365.2339,-99
8043646883,218.0501,364.1957,-99
8043680216,218.0025,362.9277,-99
8043713549,218.8737,362.4874,-99
8043746882,219.0805,362.3781,-99
8043780215,219.9929,361.7967,-99
8043813548,220.1938,361.695,-99
8043846881,221.2117,360.764,-99
8043880214,222.1974,360.15,-99
8043913547,221.8243,359.4134,-99
8043946880,222.1444,358.7323,-99
8043980213,221.2019,358.2779,-99
8044013546,221.1069,358.6342,-99
8044046879,219.8838,359.0024,-99
8044080212,219.2239,359.7786,-99
8044113545,218.0722,360.0103,-99
8044146878,216.7835,359.9716,-99
8044180211,215.4534,359.3275,-99
8044213544,214.8285,358.9324,-99
8044246877,214.4579,358.4134,-99
8044280210,213.0874,357.6141,-99
8044313309,214.0303,356.5757,-99
8044346642,213.6521,354.2732,-99
8044379975,214.5945,352.9479,-99
8044413308,216.4483,351.1936,-99
8044446641,216.0904,350.0646,-99
8044479974,218.1977,348,-99
8044513307,218.385,346.9751,-99
8044546640,218.5817,346.4688,-99
8044579973,217.8568,345.1969,-99
8044613306,215.8114,343.6645,-99
8044646639,215.0845,342.9863,-99
8044679972,214.3151,342.2306,-99
8044713305,213.2991,341.8692,-99
8044746638,212.4977,341.9042,-99
8044779971,210.3116,341.6535,-99
8044813304,209.1895,341.6459,-99
8044846637,208.2997,342.5194,-99
8044879970,207.2328,342.0735,-99
8044913303,205.5818,341.587,-99
8044946636,204.2195,340.5908,-99
8044979969,203.0459,338.8724,-99
8045013302,201.9165,338.6069,-99
8045046635,199.8227,336.818,-99
8045079968,199.0992,334.681,-99
8045113301,199.2561,333.8512,-99
8045146634,197.7607,330.943,-99
8045179967,198.8275,330.4775,-99
8045213300,196.9219,326.9297,-99
8045246633,196.8802,326.076,-99
8045279966,195.7396,323.0668,-99
8045313299,195.7304,321.4078,-99
8045346632,195.2526,320.059,-99
8045379965,194.207,318.0075,-99
8045413298,193.7668,316.991,-99
8045446631,193.2337,315.6517,-99
8045479964,192.4263,314.5632,-99
8045513297,192.8413,314.9339,-99
8045546630,193.3693,311.8302,-99
8045579963,193.7778,311.2064,-99
8045613296,193.6714,307.3569,-99
8045646629,193.6174,306.6807,-99
8045679962,193.6585,303.0732,-99
8045713295,193.3191,300.5483,-99
8045746628,192.1864,298.063,-99
8045779961,191.0095,296.3294,-99
8045813294,190.46,295.965,-99
8045846627,188.2189,294.0796,-99
8045879960,186.8417,292.5115,-99
8045913293,185.469,291.3499,-99
8045946626,184.265,289.83,-99
8045979959,182.4831,288.7371,-99
8046013292,181.7632,287.7105,-99
8046046625,180.225,285.9325,-99
8046079958,178.7166,283.1257,-99
8046113291,178.1062,281.0494,-99
8046146624,177.7794,279.5845,-99
8046179957,177.9681,277.7447,-99
8046213290,177.7989,276.6592,-99
8046246623,178.1897,275.4799,-99
8046279956,179.4879,274.7818,-99
8046313289,180.585,273.6025,-99
8046346622,180.4765,272.0235,-99
8046379955,180.6482,269.3593,-99
8046413288,179.9076,267.4734,-99
8046446621,180.803,265.2537,-99
8046479954,179.807,263.8362,-99
8046513287,180.7886,261.4055,-99
8046546620,180.7513,258.0518,-99
8046579953,181.7788,256.3726,-99
8046613286,180.5375,254.5194,-99
8046646619,180.4887,253.1713,-99
8046679952,178.7825,251.2838,-99
8046713285,176.883,250,-99
8046746618,174.7,249.146,-99
8046779951,172.9649,249.0189,-99
8046813284,172.1951,249.6938,-99
8046846617,171.7361,250.8358,-99
8046879950,171.1676,251.1436,-99
8046913283,171.4971,251.3983,-99
8046946616,172.1049,250.8105,-99
8046979949,172.096,249.8164,-99
8047013282,174.5048,248.7286,-99
8047046615,175.4343,248.6514,-99
8047079948,176.6472,248.1104,-99
8047113281,177.7881,247.4269,-99
8047146614,178.9185,246.4326,-99
8047179947,178.9231,244.7949,-99
8047213280,180.6096,245.1966,-99
8047246613,182.0278,243.6136,-99
8047279946,183.363,242.623,-99
8047313279,184.3678,241.8988,-99
8047346612,184.9041,241.3036,-99
8047379945,184.9128,239.8462,-99
8047413278,184.3936,238.5812,-99
8047446611,181.5039,235.4778,-99
8047479944,181.4175,235.7937,-99
8047513277,178.9446,233.7889,-99
8047546610,177.4612,232.1238,-99
8047579943,175.9409,231.4039,-99
8047613276,174.1391,230.3284,-99
8047645687,173.2032,229.1845,-99
8047679020,173.0154,228.9974,-99
8047712353,172.5309,228.6826,-99
8047745686,171.9731,227.2537,-99
8047779019,172.413,225.6372,-99
8047812352,174.4797,225.4499,-99
8047845685,177.3945,225.4603,-99
8047879018,179.9078,225.1844,-99
8047912351,182.4282,224.5603,-99
8047945684,184.7143,222.7219,-99
8047979017,187.2762,221.7182,-99
8048012350,189.3864,220.9602,-99
8048045683,191.4652,218.8234,-99
8048079016,193.1346,216.739,-99
8048112349,194.367,214.6749,-99
8048145682,194.401,213.1041,-99
8048179015,193.7265,210.6273,-99
8048212348,193.5533,208.933,-99
8048245681,192.8525,205.8894,-99
8048279014,191.8139,202.8682,-99
8048312347,190.7753,201.1836,-99
8048345680,189.6382,200.5971,-99
8048379013,188.5013,198.4679,-99
8048412346,187.2159,197.0656,-99
8048445679,187.9869,196.7755,-99
8048479012,189.4702,195.5276,-99
8048512345,189.9553,194.387,-99
8048545678,191.1599,193.5473,-99
8048579011,192.117,192.5541,-99
8048612344,194.5594,191.6475,-99
8048645677,193.526,192.7206,-99
8048679010,194.8892,190.7282,-99
8048712343,197.6027,190.4133,-99
8048745676,199.2586,189.81,-99
8048779009,201.1594,189.7686,-99
8048812342,203.4739,187.3275,-99
8048845675,205.5875,185.9426,-99
8048879008,207.5532,186.1968,-99
8048912341,209.6978,184.952,-99
8048945674,211.6282,181.8445,-99
8048979007,213.018,181.2371,-99
8049012340,214.0969,178.0617,-99
8049045673,214.8333,177.0784,-99
8049079006,215.0272,173.5037,-99
8049112339,214.3681,170.3704,-99
8049145672,214.0102,168.1765,-99
8049179005,212.8146,165.7659,-99
8049212338,210.9729,161.803,-99
8049245671,209.3856,160.4884,-99
8049279004,207.6796,158.4289,-99
8049321135,206.2027,157.1432,-99
8049354468,204.5971,156.0571,-99
8049387801,204.0643,156.6579,-99
8049421134,203.3874,156.1231,-99
8049454467,203.3597,156.2316,-99
8049487800,205.4478,156.4942,-99
8049521133,206.675,156.7736,-99
8049554466,209.3965,157.4615,-99
8049587799,211.439,158.2703,-99
8049621132,214.3299,158.6307,-99
8049654465,215.8846,160.1077,-99
8049687798,218.2838,160.7825,-99
8049721131,221.2083,161.1528,-99
8049754464,222.6886,161.02,-99
8049787797,224.256,161.0373,-99
8049821130,226.4383,160.7585,-99
8049854463,228.402,158.6709,-99
8049887796,229.9045,157.7135,-99
8049921129,231.4674,158.1712,-99
8049954462,235.2103,158.8144,-99
8049987795,237.2317,159.8574,-99
8050021128,237.3368,160.215,-99
8050054461,237.4056,160.2817,-99
8050087794,238.3238,160.3381,-99
8050121127,239.0767,159.2329,-99
8050154460,239.6787,157.5733,-99
8050187793,240.7871,153.1658,-99
8050221126,241.9329,151.8601,-99
8050254459,243.52,151.7125,-99
8050287792,245.1005,151.8582,-99
8050321125,245.8757,151.8946,-99
8050354458,246.1411,151.7664,-99
8050387791,246.8381,152.2381,-99
8050421124,246.5027,151.7745,-99
8050454457,245.7347,149.7398,-99
8050487790,246.0714,147.9048,-99
8050521123,247.0895,145.0079,-99
8050554456,248.5291,143.4152,-99
8050587789,250.2396,140.5078,-99
8050621122,251.8853,137.336,-99
8050654455,253.8016,134.4456,-99
8050687788,255.7603,132.8866,-99
8050721121,258.1815,131.7067,-99
8050754454,259.5639,129.2105,-99
8050787787,260.5632,128.7115,-99
8050821120,261.4155,127.1003,-99
8050854453,262.8753,126.4967,-99
8050887786,264.994,125.5471,-99
8050921119,265.2671,125.3024,-99
8050954452,266.9153,125.8285,-99
8050987785,268.5136,125.1712,-99
8051021118,271.3008,124.9617,-99
8051054451,273.871,124.948,-99
8051087784,276.0092,124.9594,-99
8051121117,279.1025,125.1271,-99
8051154450,280.7353,124.3314,-99
8051187783,280.8531,123.4201,-99
8051221116,282.9824,123.2771,-99
8051254449,284.7393,121.6303,-99
8051287782,286.0315,121.9302,-99
8051321115,286.2371,121.446,-99
8051354448,286.7957,120.4624,-99
8051387781,286.9615,119.1987,-99
8051421114,287.7273,119.4701,-99
8051454447,287.4775,119.5405,-99
8051487780,287.7434,119.4889,-99
8051521113,286.1949,117.6995,-99
8051554446,284.546,115.022,-99
8051587779,282.3153,112.8359,-99
8051621112,279.7878,111.2612,-99
8051654445,276.7671,108.3226,-99
8051687778,274.663,105.4368,-99
8051721111,272.0226,102.4853,-99
8051754444,269.799,101.6076,-99
8051787777,267.3954,97.95632,-99
8051821110,264.1807,95.45049,-99
8051854443,262.2139,93.03606,-99
8051887776,262.134,92.29032,-99
8051921109,259.5743,89.00755,-99
8051954442,258.9184,87.96173,-99
8051987775,259.0121,88.24455,-99
8052021108,258.2565,88.08377,-99
8052054441,257.5129,87.5788,-99
8052087774,257.8557,87.83465,-99
8052121107,256.8636,87.49747,-99
8052154440,257.1343,88.25373,-99
8052187773,256.3708,88.47314,-99
8052221106,256.2816,88.90263,-99
8052254439,256.9804,89.14286,-99
8052287772,258.4972,90,-99
8052321105,263.119,90.49873,-99
8052354438,268.0215,90.84914,-99
8052387771,272.7737,93.0543,-99
8052421104,278.7515,94.9073,-99
8052454437,283.9962,97.54198,-99
8052487770,287.9977,101.318,-99
8052521103,291.1642,104.6439,-99
8052554436,293.7438,107.0493,-99
8052587769,294.4402,108.2717,-99
8052621102,295.9036,109.708,-99
8052655842,297.4615,111.7127,-99
8052689175,297.8241,112.588,-99
8052722508,298.256,113.4442,-99
8052755841,299.9244,114.2549,-99
8052789174,300.9287,115.0562,-99
8052822507,303.169,115.411,-99
8052855840,305.018,115.9676,-99
8052889173,306.4445,116.8588,-99
8052922506,307.2633,117.7289,-99
8052955839,309.164,118.006,-99
8052989172,311.0364,118.5688,-99
8053022505,312.8005,117.3915,-99
8053055838,315.2531,115.3907,-99
8053089171,317.492,115.0963,-99
8053122504,320.3218,113.4521,-99
8053155837,322.5121,112.5603,-99
8053189170,324.2038,111.0761,-99
8053222503,325.2794,110.9589,-99
8053255836,326.5686,108.9314,-99
8053289169,328.1639,107.8825,-99
8053322502,330.5778,107.9198,-99
8053355835,331.7523,108.7592,-99
8053389168,333.3326,108.9424,-99
8053422501,334.9977,109.0586,-99
8053455834,336.0258,109.0839,-99
8053489167,338.2311,108.73,-99
8053522500,339.5879,109.5857,-99
8053555833,342.0788,109.5859,-99
8053589166,344.9939,109.8824,-99
8053622499,345.8336,111.5762,-99
8053655832,347.4771,111.2113,-99
8053689165,348.0785,110.6283,-99
8053722498,348.8679,109.9137,-99
8053755831,351.6105,110.1794,-99
8053789164,354.4973,109.8112,-99
8053822497,355.2103,110.1711,-99
8053855830,357.787,111.3027,-99
8053889163,359.7421,113.3665,-99
8053922496,360.9831,115.865,-99
8053955829,363.6534,117.7829,-99
8053989162,366.0908,119.7623,-99
8054022495,367.6152,120.777,-99
8054055828,368.5887,120.8463,-99
8054089161,370.3965,120.8737,-99
8054122494,372.9922,120.7132,-99
8054155827,375.3867,120.6827,-99
8054189160,377.2027,120.344,-99
8054222493,378.9778,120.0914,-99
8054255826,381.8896,121.3907,-99
8054289159,382.5151,120.9221,-99
8054328961,384.1552,122.1484,-99
8054362294,385.7541,124.0579,-99
8054395627,387.0807,125.0039,-99
8054428960,388.9083,126.7314,-99
8054462293,389.4847,128.112,-99
8054495626,391.1156,129.474,-99
8054528959,393.0061,130.4544,-99
8054562292,395.0663,131.7811,-99
8054595625,397.0867,131.9209,-99
8054628958,400.0052,133.5335,-99
8054662291,401.7073,134.5339,-99
8054695624,404.1862,136.6713,-99
8054728957,406.5536,137.9532,-99
8054762290,407.1377,137.249,-99
8054795623,410.2407,137.5728,-99
8054828956,411.6497,138.1397,-99
8054862289,413.6512,139.1966,-99
8054895622,417.1654,141.1673,-99
8054928955,419.8451,142.0306,-99
8054962288,422.7784,143.3451,-99
8054995621,424.6915,144.1979,-99
8055028954,426.166,145.4076,-99
8055062287,428.7427,147.6518,-99
8055095620,431.1693,150.1024,-99
8055128953,431.8667,153.2,-99
8055162286,433.0349,156.191,-99
8055195619,433.4953,157.7078,-99
8055228952,434.6936,159.7288,-99
8055262285,435.1012,162.428,-99
8055295618,435.8668,164.3584,-99
8055328951,437.5881,167.4464,-99
8055362284,438.2583,170.8285,-99
8055395617,440.3099,172.4522,-99
8055428950,441.5219,174.6759,-99
8055462283,443.4032,173.7135,-99
8055495616,444.324,173.75,-99
8055528949,446.293,175.8684,-99
8055562282,447.0219,177.0779,-99
8055595615,445.6925,177.2687,-99
8055628948,446.2411,180.5096,-99
8055662281,446.3081,181.6351,-99
8055695614,446.975,184.1425,-99
8055728947,449.5268,187.2034,-99
8055762280,450.7033,188.3174,-99
8055795613,451.2129,188.9091,-99
8055828946,450.6829,189.0021,-99
8055862279,450.2606,189.1886,-99
8055895612,450.4283,189.8502,-99
8055928945,450.8111,190.4066,-99
8055962278,451.674,191.497,-99
8055995611,451.7442,192.1673,-99
8056028944,451.5949,192.9705,-99
8056062277,452.3111,192.8222,-99
8056095610,453.2033,193.8871,-99
8056128943,453.8838,195.8533,-99
8056162276,454.9154,197.7143,-99
8056195609,453.8117,199.9008,-99
8056228942,452.0907,200.6804,-99
8056262275,451.1678,201.839,-99
8056295608,450.0128,202.1902,-99
8056328941,449.4319,202.419,-99
8056362274,449.3531,202.6776,-99
8056395607,450.3109,203.7543,-99
8056428940,451.0214,204.4925,-99
8056462273,451.696,203.9736,-99
8056495606,452.4407,204.6331,-99
8056528939,452.7643,204.6721,-99
8056562272,453.0022,206.1064,-99
8056595605,452.2851,207.5975,-99
8056628938,451.3313,208.6503,-99
8056662271,451.6967,206.3333,-99
8056695604,449.5115,206.8391,-99
8056728937,446.2056,205.8049,-99
8056762270,446.3309,211.6176,-99
8056795603,447.2371,213.4452,-99
8056828936,448.6273,212.3539,-99
8056862269,448.6937,214.8889,-99
8056895602,445.4783,215.1391,-99
8056928935,446.0741,217.4691,-99
8056962268,458.6165,226.0977,-99
8056995601,456.794,222.6784,-99
8057028934,453.7979,221.6062,-99
8057062267,456.9928,222.7814,-99
8057095600,455.4783,224.7005,-99
8057128933,457.317,226.6134,-99
8057162266,455.9247,226.7922,-99
8057195599,459.9739,226.7506,-99
8057228932,462,228.5062,-99
8057262265,462.9408,228.8901,-99
8057295598,462.9253,228.1407,-99
8057328931,461.2545,228.4467,-99
8057362264,460.4785,228.6319,-99
8057395597,460.1072,230.6783,-99
8057428930,458.8164,231.4661,-99
8057462263,459.239,233.2251,-99
8057495596,459.6018,234.2589,-99
8057528929,460.5705,235.0477,-99
8057562262,460.9782,235.0349,-99
8057595595,462.3371,234.773,-99
8057628928,464.0098,236.3171,-99
8057656479,462.8312,239.6906,-99
8057689812,463.4573,243.7821,-99
8057723145,463.9583,246.3519,-99
8057756478,465.1899,247.5194,-99
8057789811,466.5675,247.7791,-99
8057823144,467.6507,249.7573,-99
8057856477,469.5605,252.1295,-99
8057889810,469.5114,253.699,-99
8057923143,469.2454,255.6074,-99
8057956476,469.1705,256.1892,-99
8057989809,469.8824,256.7363,-99
8058023142,469.582,258.0307,-99
8058056475,469.6509,258.9897,-99
8058089808,469.3155,260.1815,-99
8058123141,468.1006,260.9179,-99
8058156474,467.2286,261.1163,-99
8058189807,467.6425,259.1215,-99
8058223140,467.5149,257.3903,-99
8058256473,468.0335,257.2821,-99
8058289806,470.2124,256.6277,-99
8058323139,472.5592,254.594,-99
8058356472,475.971,252.0387,-99
8058389805,480.3122,248.6009,-99
8058423138,484.2143,244.8756,-99
8058456471,488.8986,240.1956,-99
8058489804,492.607,235.2701,-99
8058523137,496.178,231.5727,-99
8058556470,498.5217,229.1956,-99
8058589803,500.1656,227.1192,-99
8058623136,500.8213,225.457,-99
8058656469,502.0232,225.5246,-99
8058689802,502.0955,224.4567,-99
8058723135,502.5919,223.7632,-99
8058756468,502.5413,222.8718,-99
8058789801,502.2766,222.0027,-99
8058823134,502.3202,220.9831,-99
8058856467,502.5116,220.0436,-99
8058889800,502.2857,219.3819,-99
8058923133,502.4236,218.1946,-99
8058956466,501.8467,218.6533,-99
8058989799,501.6683,218.5244,-99
8059023132,501.1483,219.9665,-99
8059056465,500.1917,220.3886,-99
8059089798,498.8329,220.903,-99
8059123131,498.5869,222.7526,-99
8059156464,498.1495,224.2784,-99
8059189797,497.435,226.6499,-99
8059223130,497.1029,228.2085,-99
8059256463,496.5142,230.5452,-99
8059289796,496.465,231.842,-99
8059324536,495.3301,234.0416,-99
8059357869,493.6991,235.2367,-99
8059391202,492.7887,236.1808,-99
8059424535,491.9073,236.962,-99
8059457868,490.7818,237.3091,-99
8059491201,489.7416,238.0423,-99
8059524534,489.8506,238.1425,-99
8059557867,489.3188,237.6835,-99
8059591200,488.9979,237.6039,-99
8059624533,489.4,237.2217,-99
8059657866,489.4114,236.4409,-99
8059691199,490.5388,235.7169,-99
8059724532,490.3155,234.9249,-99
8059757865,491.5422,234.3,-99
8059791198,491.7035,234.3095,-99
8059824531,492.2749,233.9848,-99
8059857864,493.137,233.9726,-99
8059891197,496.0424,230.4237,-99
8060024529,486.5357,240.1429,-99
8060057862,486.8987,238.4304,-99
8060091195,488.3406,238.0362,-99
8060124528,494.2537,234.7575,-99
8060157861,497,232.0205,-99
8060191194,498.4796,230.5814,-99
8060224527,501.34,226.88,-99
8060257860,498.6158,228.2195,-99
8060291193,494.8798,231.4367,-99
8060324526,496.4615,229.511,-99
8060357859,497.1714,229.85,-99
8060391192,491.2347,236.6633,-99
8060424525,493.422,235.156,-99
8060457858,494.8837,232.0465,-99
8060491191,496.9641,229.1525,-99
8060524524,497.2288,228.4465,-99
8060557857,497.8308,227.6805,-99
8060591190,497.6057,227.2208,-99
8060624523,499.1706,226.5753,-99
8060657856,498.994,226.139,-99
8060691189,498.8198,226.8139,-99
8060724522,497.7425,228.155,-99
8060757855,497.7079,229.0921,-99
8060791188,497.6866,230.3085,-99
8060824521,497.7438,230.898,-99
8060857854,496.4406,232.604,-99
8060891187,496.339,233.3122,-99
8060924520,495.262,234.2596,-99
8060957853,495.461,234.8388,-99
8060991186,495.0239,234.9403,-99
8061024519,494.99,235.1475,-99
8061057852,495.7882,234.1453,-99
8061091185,496.8812,233.2155,-99
8061124518,497.0714,232.8983,-99
8061157851,496.4279,233.4987,-99
8061191184,496.4417,233.2845,-99
8061224517,497.7582,231.6676,-99
8061257850,496.6005,232.3554,-99
8061291183,497.2752,231.8561,-99
8061324516,497.2884,231.9677,-99
8061357849,497.9105,230.3701,-99
8061391182,497.5777,230.386,-99
8061424515,498.0857,229.7841,-99
8061457848,498.6622,229.4883,-99
8061491181,498.2785,229.4295,-99
8061524514,499.0912,227.7909,-99
8061557847,497.372,232.7589,-99
8061591180,495.8087,235.2531,-99
8061624513,494.0371,238.0434,-99
8061657846,491.5993,241.0856,-99
8061691179,488.52,245.1782,-99
8061724512,485.4565,249.3814,-99
8061757845,479.7441,254.3468,-99
8061791178,477.5841,254.1858,-99
8061824511,475.1771,255.0518,-99
8061857844,471.7637,256.585,-99
8061891177,469.0693,257.6024,-99
8061924510,465.6286,260.4635,-99
8061957843,464.7817,261.7021,-99
8061991176,465.2387,262.1709,-99
8062024509,465.6799,262.0793,-99
8062057842,463.2673,262.5576,-99
8062091175,461.0486,263.0208,-99
8062124508,460.1622,264.1104,-99
8062157841,458.6674,264.2755,-99
8062191174,457.4717,265.3538,-99
8062224507,458.7937,264.6476,-99
8062257840,457.2895,266.1459,-99
8062291173,455.7537,267.6391,-99
8062324506,457.063,267.2292,-99
8062357839,457.5529,267.2141,-99
8062391172,456.3706,269.6841,-99
8062424505,455.6875,271.9063,-99
8062457838,456.5935,274.1098,-99
8062491171,457.3354,275.2396,-99
8062524504,454.55,274.0313,-99
8062557837,450.8154,276.9077,-99
8062591170,451.6096,278.5737,-99
8062624503,453.9069,282.3543,-99
8062663384,454.4922,285.5266,-99
8062696717,455.9821,288.6935,-99
8062730050,458.0111,291.7799,-99
8062763383,457.933,292.7959,-99
8062796716,457.376,293.672,-99
8062830049,457,293.9181,-99
8062863382,455.6114,296.3914,-99
8062896715,457.5595,299.9595,-99
8062930048,456.1015,303.5025,-99
8062963381,455.2054,305.8865,-99
8062996714,454.5979,308.616,-99
8063030047,454.0562,310.9358,-99
8063063380,453.1564,313.182,-99
8063096713,451.7029,315.2222,-99
8063130046,450.1905,315.9762,-99
8063163379,449.125,317.6444,-99
8063196712,448.5085,318.9034,-99
8063230045,448.5837,322.2325,-99
8063263378,445.9847,324.7219,-99
8063296711,444.2245,326.2117,-99
8063330044,442.4,328.7167,-99
8063363377,441.4005,329.995,-99
8063396710,442.6575,331.2946,-99
8063430043,440.7273,330.4897,-99
8063463376,439.5197,335.5306,-99
8063496709,441.8844,337.5269,-99
8063530042,440.822,339.8249,-99
8063563375,437.2303,341.5818,-99
8063596708,436.9031,344.2883,-99
8063630041,435.9538,348.519,-99
8063663374,434.3581,350.2479,-99
8063696707,432.2955,351.26,-99
8063730040,429.6701,352.3015,-99
8063763373,428.1014,353.1617,-99
8063796706,425.9852,350.642,-99
8063830039,422.9415,352.6596,-99
8063863372,420.7468,353.4006,-99
8063896705,419.6667,357.749,-99
8063930038,423.7764,361.1545,-99
8063963371,422.8065,363.8885,-99
8063996704,422.4968,364.8228,-99
8064030037,420.7908,364.3777,-99
8064063370,420.6275,365.3675,-99
8064096703,420.9516,366.0993,-99
8064130036,420.5049,367.3614,-99
8064163369,419.8917,368.6297,-99
8064196702,419.399,370.9825,-99
8064230035,417.898,373,-99
8064263368,414.6921,371.7707,-99
8064296701,411.4056,373.9417,-99
8064338832,410.6828,374.2752,-99
8064372165,409.2148,375.9396,-99
8064405498,407.5626,377.5945,-99
8064438831,404.787,378.5377,-99
8064472164,402.4559,380.0956,-99
8064505497,400.5148,382.0148,-99
8064538830,398.5291,383.5079,-99
8064572163,397.9588,384.3299,-99
8064605496,397.6304,386.8804,-99
8064638829,393.9648,388.5013,-99
8064672162,390.9759,391.2259,-99
8064705495,388.3079,391.8232,-99
8064738828,386.0134,390.5255,-99
8064772161,383.769,390.2531,-99
8064805494,381.2042,389.4014,-99
8064838827,379.6921,389.2402,-99
8064872160,377.8607,388.7854,-99
8064905493,377.9365,389.1565,-99
8064938826,377.4419,389.8295,-99
8064972159,376.8858,389.4429,-99
8065005492,376.2032,390.0587,-99
8065038825,374.3555,391,-99
8065072158,373.6103,391.7238,-99
8065105491,372.3728,392.3904,-99
8065138824,370.9404,392.7329,-99
8065172157,369.3883,392.5282,-99
8065205490,365.8279,391.8279,-99
8065238823,363.9432,391.8791,-99
8065272156,362.4299,392.3009,-99
8065305489,361.0096,392.6744,-99
8065338822,359.8088,393.4326,-99
8065372155,358.5262,394.123,-99
8065405488,355.8406,395.5153,-99
8065438821,353.2952,397.0727,-99
8065472154,351.162,398.4977,-99
8065505487,348.4989,399.9728,-99
8065538820,345.7867,401.86,-99
8065572153,341.9574,402.4094,-99
8065605486,337.5805,402.0326,-99
8065638819,335.6318,402.0423,-99
8065672152,333.1996,402.5541,-99
8065705485,331.0197,402.6075,-99
8065738818,328.7364,402.8568,-99
8065772151,327.1959,402.7051,-99
8065805484,325.9227,402.0586,-99
8065838817,323.6712,402.1859,-99
8065872150,321.3839,402.6518,-99
8065905483,320.1397,402.8253,-99
8065938816,318.6392,403.7416,-99
8065972149,318.7325,404.1326,-99
8066005482,318.6826,404.7306,-99
8066038815,319.8018,404.5558,-99
8066072148,320.9258,404.3483,-99
8066105481,320.9499,404.0457,-99
8066138814,321.2345,403.5331,-99
8066172147,321.692,403.6074,-99
8066205480,321.4449,403.4104,-99
8066238813,321.3217,403.2592,-99
8066272146,321.0342,402.8761,-99
8066305479,321.5632,402.3908,-99
8066338812,321.4718,402.4366,-99
8066372145,321.3645,401.1982,-99
8066405478,320.0737,399.9539,-99
8066438811,319.5399,398.8929,-99
8066472144,318.4722,398.1047,-99
8066505477,318.2494,397.063,-99
8066538810,317.3909,396.9568,-99
8066572143,316.5301,396.0468,-99
8066605476,315.4518,395.6858,-99
8066638809,314.2419,392.796,-99
8066672142,313.8398,393.1547,-99
8066705475,314.3776,394.9131,-99
8066738808,314.0704,394.1855,-99
8066772141,312.5684,395.0283,-99
8066805474,311.7743,394.5508,-99
8066838807,310.6711,394.83,-99
8066872140,308.9556,395.4156,-99
8066905473,306.8153,395.5901,-99
8066938806,304.7226,395.8098,-99
8066972139,302.552,395.9932,-99
8067005472,300.2732,395.7767,-99
8067038805,298.4941,395.6501,-99
8067072138,296.713,394.9499,-99
8067105471,295.1632,394.324,-99
8067138804,293.5287,394.4569,-99
8067172137,292.1884,395.286,-99
8067205470,290.5872,395.9558,-99
8067238803,288.257,397.1945,-99
8067272136,286.1953,398.893,-99
8067305469,283.8658,399.7222,-99
8067338802,281.9604,399.5151,-99
8067372135,279.2826,397.2866,-99
8067405468,277.8209,396.1368,-99
8067438801,276.3715,393.0826,-99
8067472134,275.7755,394.7477,-99
8067505467,273.3674,393.7698,-99
8067538800,272.3159,391.6477,-99
8067572133,270.537,390.8565,-99
8067605466,268.3051,390.539,-99
8067638799,266.4394,390.1378,-99
8067667960,264.3025,389.7575,-99
8067701293,263.0347,388.4615,-99
8067734626,262.0048,386.6795,-99
8067767959,260.1043,386.1611,-99
8067801292,257.0838,384.2132,-99
8067834625,256.3671,382.7694,-99
8067867958,254.2179,381.4818,-99
8067901291,251.6732,380.1843,-99
8067934624,251.5088,379.0125,-99
8067967957,250.4988,378.0576,-99
8068001290,249.8501,377.0586,-99
8068034623,248.9407,376.366,-99
8068067956,248.9247,375.9974,-99
8068101289,248.5505,375.5745,-99
8068134622,248.0805,375.7896,-99
8068167955,245.2607,375.1461,-99
8068201288,243.3024,375.9426,-99
8068234621,241.4848,376.9649,-99
8068267954,239.0704,377.4131,-99
8068301287,237.028,378.2448,-99
8068334620,236.582,377.4655,-99
8068367953,234.9714,376.7262,-99
8068401286,234.1499,375.6781,-99
8068434619,233.412,374.5036,-99
8068467952,233.2998,372.8753,-99
8068501285,231.1407,371.9412,-99
8068534618,230.4413,370.9464,-99
8068567951,229.5152,370.335,-99
8068601284,228.6203,369.8582,-99
8068634617,228.3108,367.8297,-99
8068667950,228.0024,366.6917,-99
8068701283,227.0658,366.3873,-99
8068734616,225.5092,363.3536,-99
8068767949,224.5732,361.9621,-99
8068801282,223.9517,359.6005,-99
8068834615,223.4036,358.0411,-99
8068867948,221.7016,355.61,-99
8068901281,221.6332,354.1106,-99
8068934614,220.58,352.0025,-99
8068967947,219.6227,349.55,-99
8069001280,220.0171,349.0771,-99
8069034613,219.3872,348.4237,-99
8069067946,217.6868,348.1007,-99
8069101279,216.3481,348.2505,-99
8069134612,214.5047,348.9907,-99
8069167945,212.6164,349.7078,-99
8069201278,211.1323,350.4641,-99
8069234611,209.3736,350.6689,-99
8069267944,207.8199,350.1293,-99
8069301277,206.0023,349.3455,-99
8069338548,203.8699,348.7648,-99
8069371881,203.0522,348.8934,-99
8069405214,202.67,349.8985,-99
8069438547,201.613,349.8961,-99
8069471880,200.6446,348.7215,-99
8069505213,200.5297,347.6,-99
8069538546,201.0075,345.4975,-99
8069571879,201.4571,343.831,-99
8069605212,201.5808,341.3055,-99
8069638545,203.1587,339.2249,-99
8069671878,204.4849,335.9452,-99
8069705211,204.9205,333.7869,-99
8069738544,206.8427,331.5413,-99
8069771877,205.7023,328.3206,-99
8069805210,205.7546,325.956,-99
8069838543,203.0467,323.0934,-99
8069871876,203.0714,321.9857,-99
8069905209,201.4689,320.2488,-99
8069938542,199.6332,318.5172,-99
8069971875,199.0917,317.349,-99
8070005208,196.0024,314.4126,-99
8070038541,196.0667,313.9692,-99
8070071874,193.0769,311.5023,-99
8070105207,192.5025,309.6483,-99
8070138540,192.0233,309.625,-99
8070171873,190.6877,306.4333,-99
8070205206,190.1202,303.7155,-99
8070238539,189.571,301.6042,-99
8070271872,189.3618,298.5603,-99
8070305205,188.0316,294.6526,-99
8070338538,187.5777,293.9563,-99
8070371871,185.7179,292.0227,-99
8070405204,184.9652,290.5,-99
8070438537,183.9046,290.4149,-99
8070471870,183.5681,290.5373,-99
8070505203,183.7,290.3306,-99
8070538536,183.0198,288.3938,-99
8070571869,184.0449,287.4073,-99
8070605202,184.5726,287.1962,-99
8070638535,184.5253,284.5478,-99
8070671868,185.737,283.0329,-99
8070705201,185.6166,280.943,-99
8070738534,185.8902,279.0202,-99
8070771867,185.427,275.6573,-99
8070805200,185.1629,272.9799,-99
8070838533,184.5387,270.7655,-99
8070871866,184.5535,268.0698,-99
8070905199,184.1538,266.7852,-99
8070938532,184.7436,264.3823,-99
8070971865,183.6281,262.5454,-99
8071007526,184.3459,260.7765,-99
8071040859,182.6107,258.664,-99
8071074192,183.3309,257.799,-99
8071107525,181.4413,255.727,-99
8071140858,179.7029,254.0318,-99
8071174191,178.8259,253.9925,-99
8071207524,177.7047,253.7916,-99
8071240857,176.6658,253.392,-99
8071274190,176.6448,253.7657,-99
8071307523,176.0919,253.4856,-99
8071340856,176.7381,254.6005,-99
8071374189,177.1341,254.3184,-99
8071407522,177.3983,253.0282,-99
8071440855,178.1175,252.7104,-99
8071474188,180.5854,251.2802,-99
8071507521,182.5818,250.4364,-99
8071540854,182.4761,250.3239,-99
8071574187,182.7077,249.3333,-99
8071607520,185.296,249.4853,-99
8071640853,186.8646,247.8812,-99
8071674186,186.3603,244.3554,-99
8071707519,186.9845,243.6788,-99
8071740852,187.3832,242.6984,-99
8071774185,187.6015,241.2468,-99
8071807518,187.3342,239.899,-99
8071840851,187.2872,237.1149,-99
8071874184,187.8363,235.8111,-99
8071907517,187.7157,235.3117,-99
8071940850,185.4224,233.9655,-99
8071974183,183.4559,233.9,-99
8072007516,181.9878,234.5138,-99
8072040849,180.4209,235.1424,-99
8072074182,179.1614,235.0854,-99
8072107515,179.6598,235.3136,-99
8072140848,177.6398,232.7925,-99
8072174181,177.2605,230.9421,-99
8072207514,179.4217,231.0512,-99
8072240847,180.5928,230.3593,-99
8072274180,182.0549,230.3476,-99
8072307513,183.6647,230.4042,-99
8072340846,184.2316,228.7166,-99
8072374179,186.805,228.7354,-99
8072407512,187.2779,227.0544,-99
8072440845,187.8535,224.5324,-99
8072474178,189.2427,225.0146,-99
8072507511,190.5549,223.6563,-99
8072540844,191.9668,223.3102,-99
8072574177,193.0474,222.3392,-99
8072607510,195.2834,222.0218,-99
8072640843,196.8873,219.338,-99
8072674176,198.6357,217.9095,-99
8072707509,198.1219,214.139,-99
8072740842,198.9975,212.9678,-99
8072774175,197.6909,209.9648,-99
8072807508,197.5948,208.5948,-99
8072840841,196.4096,205.8096,-99
8072874174,194.6092,203.6199,-99
8072907507,192.7624,200.765,-99
8072940840,192.0176,199.3149,-99
8072974173,189.5081,196.3162,-99
8073007506,189.0747,196.2887,-99
8073040839,186.6291,193.7745,-99
8073074172,186.5766,192.8312,-99
8073107505,186.7909,192.2606,-99
8073140838,186.9912,190.0323,-99
8073174171,189.4705,188.6499,-99
8073207504,191.0208,187.763,-99
8073240837,191.9581,188.6335,-99
8073274170,192.5861,188.3778,-99
8073307503,192.8743,186.0936,-99
8073340836,194.5608,185.047,-99
8073374169,196.6685,184.7809,-99
8073407502,198.6714,184.0029,-99
8073440835,200.2822,183.3288,-99
8073474168,202.4121,183.7008,-99
8073507501,205.1627,182.7307,-99
8073540834,207.2242,182.3247,-99
8073574167,209.2308,182.2069,-99
8073607500,211.5213,178.6717,-99
8073640833,213.9715,177.671,-99
8073674166,215.2153,176.9332,-99
8073707499,216.7477,174.1752,-99
8073740832,217.7027,173.3243,-99
8073774165,217.8381,173.0783,-99
8073807498,217.5093,171.0292,-99
8073840831,216.133,169.9418,-99
8073874164,215.2301,169.1808,-99
8073907497,214.5405,167.9138,-99
8073940830,214.1635,165.6059,-99
8073974163,213.6819,163.7679,-99
8074007496,213.065,161.3279,-99
8074040829,212.2186,159.7459,-99
8074074162,212.0789,159.0789,-99
8074107495,211.6036,158.2617,-99
8074140828,211.3556,158.0428,-99
8074174161,212.3047,158.2266,-99
8074207494,212.8287,158.118,-99
8074240827,213.087,157.6929,-99
8074274160,213.6477,156.6233,-99
8074307493,215.0974,157.159,-99
8074339904,218.2948,157.356,-99
8074373237,221.0673,157.884,-99
8074406570,223.7253,158.5751,-99
8074439903,226.0445,158.9883,-99
8074473236,228.2096,158.2626,-99
8074506569,230.78,157.8977,-99
8074539902,233.2675,157.6649,-99
8074573235,235.8827,157.3827,-99
8074606568,237.6427,156.0283,-99
8074639901,240.0829,154.3938,-99
8074673234,242.0075,152.7562,-99
8074706567,243.4914,150.0025,-99
8074739900,244.9124,148.6412,-99
8074773233,246.5915,145.1629,-99
8074806566,247.9167,143.7527,-99
8074839899,250.1111,140.9716,-99
8074873232,251.9901,137.3358,-99
8074906565,254.8595,135.827,-99
8074939898,257.3614,133.354,-99
8074973231,259.8936,132.1383,-99
8075006564,263.056,129.1807,-99
8075039897,265.2616,128.5531,-99
8075073230,269.2057,127.4752,-99
8075106563,271.2704,127.2746,-99
8075139896,272.9667,126.7963,-99
8075173229,273.0741,126.6157,-99
8075206562,274.3082,126.6918,-99
8075239895,275.8073,126.8119,-99
8075273228,278.2778,125.8333,-99
8075306561,280.2664,125.3417,-99
8075339894,282.2285,124.8227,-99
8075373227,284.3834,124.0231,-99
8075406560,286.9408,123.6645,-99
8075439893,288.5471,122.9738,-99
8075473226,292.404,122.5511,-99
8075506559,295.1591,123.8359,-99
8075539892,297.5489,124.1028,-99
8075573225,300.1443,125.1366,-99
8075606558,301.9275,125.0078,-99
8075639891,304.1636,123.9736,-99
8075673224,306.2168,123.3171,-99
8075706557,308.3333,122.6548,-99
8075739890,311.2242,123.1473,-99
8075773223,312.4058,122.4865,-99
8075806556,312.3212,121.8127,-99
8075839889,314.8878,120.3954,-99
8075873222,316.589,119.9084,-99
8075906555,318.3226,119.3898,-99
8075939888,318.6787,118.7729,-99
8075973221,318.7852,119.0691,-99
8076015321,319.671,118.7098,-99
8076048654,320.2435,118.4275,-99
8076081987,321.8708,118.622,-99
8076115320,322.1709,117.8129,-99
8076148653,322.5583,117.1502,-99
8076181986,322.1984,116.0496,-99
8076215319,323.2404,115.8279,-99
8076248652,323.6006,117.4082,-99
8076281985,324.205,116.5489,-99
8076315318,324.4106,117.1977,-99
8076348651,323.8881,116.1903,-99
8076381984,323.3256,115.4961,-99
8076415317,322.7752,113.9262,-99
8076448650,321.9572,112.0122,-99
8076481983,320.929,110.2419,-99
8076515316,320.2895,108.7193,-99
8076548649,320.785,107.7944,-99
8076581982,320.9392,105.1824,-99
8076615315,320.3892,105.3533,-99
8076648648,320.1831,105.8838,-99
8076681981,320.3458,105.4548,-99
8076715314,320.9849,104.1811,-99
8076748647,320.6625,103.6461,-99
8076781980,320.5353,102.7718,-99
8076815313,319.8428,101.821,-99
8076848646,317.8189,102.0118,-99
8076881979,314.8338,101.8671,-99
8076915312,312.9079,102.4316,-99
8076948645,313.635,103.3075,-99
8076981978,312.7714,104.3333,-99
8077015311,313.1295,104.0826,-99
8077048644,312.7737,104.2658,-99
8077081977,312.905,105.6042,-99
8077115310,313.6453,106.6847,-99
8077148643,314.2172,108.25,-99
8077181976,315.0557,110.3369,-99
8077215309,315.2049,112.7493,-99
8077248642,316.5031,115.3018,-99
8077281975,317.6735,117.9038,-99
8077315308,318.5355,119.9484,-99
8077348641,318.1412,121.2441,-99
8077381974,318.3689,121.755,-99
8077415307,318.6657,121.1989,-99
8077448640,318.1771,120.624,-99
8077481973,319.0348,119.7727,-99
8077515306,320.2848,119.3576,-99
8077548639,320.5449,118.8243,-99
8077581972,321.5371,118.6219,-99
8077615305,319.9392,119.1551,-99
8077648638,321.6258,119.9875,-99
8077681971,322.1837,121.7348,-99
8077715304,321.3855,122.1386,-99
8077748637,322.1566,121.7687,-99
8077781970,322.5971,122.5485,-99
8077815303,324.3044,123.3862,-99
8077848636,325.2623,123.0026,-99
8077881969,326.1432,123.0829,-99
8077915302,326.7545,122.5065,-99
8077948635,327.6517,122.0672,-99
8077981968,328.3674,121.1271,-99
8078015301,330.1939,119.852,-99
8078048634,332.6357,118.5891,-99
8078081967,334.8029,118.399,-99
8078115300,336.9764,119.6438,-99
8078148633,339.3611,120.547,-99
8078181966,340.9515,120.9215,-99
8078215299,341.1222,122.3378,-99
8078248632,342.7269,123.2206,-99
8078281965,343.3654,123.5733,-99
8078315298,344.1651,122.6942,-99
8078348631,345.4034,122.9545,-99
8078381964,344.9167,121.818,-99
8078415297,346.0321,119.6148,-99
8078448630,348.7794,119.6437,-99
8078481963,351.1395,118.2229,-99
8078515296,351.1403,117.6037,-99
8078548629,353.9061,117.6059,-99
8078581962,356.1274,119.2319,-99
8078615295,356.9981,119.8529,-99
8078648628,357.5984,121.383,-99
8078681961,359.5884,123.3743,-99
8078715294,359.9706,123.9472,-99
8078748627,362.0639,124.481,-99
8078781960,363.729,124.9198,-99
8078815293,364.6034,124.8998,-99
8078848626,366.4589,124.5584,-99
8078881959,367.3388,124.0023,-99
8078915292,367.3801,122.4617,-99
8078948625,368.7759,123.1036,-99
8078981958,371.2642,125.1679,-99
8079015291,372.2339,125.4717,-99
8079048624,373.3294,126.6469,-99
8079081957,374.7895,127.6737,-99
8079115290,376.5314,128.1967,-99
8079148623,378.8503,129.2245,-99
8079181956,381.3859,131.0667,-99
8079215289,383.6634,132.1945,-99
8079248622,384.8152,131.4265,-99
8079281955,388.4593,133.2775,-99
8079315288,391.2451,136.7233,-99
8079348418,393.1179,138.9541,-99
8079381751,394.3777,140.8907,-99
8079415084,394.8162,141.5351,-99
8079448417,396.154,143.0625,-99
8079481750,397.4152,143.3152,-99
8079515083,398.6064,142.9183,-99
8079548416,400.7315,141.1564,-99
8079581749,403.104,139.802,-99
8079615082,404.6718,139.2418,-99
8079648415,406.2396,137.9366,-99
8079681748,408.349,135.9265,-99
8079715081,408.7964,135.5464,-99
8079748414,409.3694,135.2776,-99
8079781747,408.9178,135.9354,-99
8079815080,408.7227,135.3926,-99
8079848413,408.028,135.6232,-99
8079881746,407.3403,135.296,-99
8079915079,407.5864,135.5659,-99
8079948412,407.5134,135.9903,-99
8079981745,407.565,135.8605,-99
8080015078,407.357,136.2481,-99
8080048411,407.8802,136.8093,-99
8080081744,407.6836,136.6425,-99
8080115077,408.5293,136.2443,-99
8080148410,408.6514,135.5577,-99
8080181743,409.158,135.6839,-99
8080215076,409.0803,135.4282,-99
8080248409,409.2423,135.7732,-99
8080281742,408.7591,135.8005,-99
8080315075,408.6287,136.4431,-99
8080348408,408.2629,137.0025,-99
8080381741,407.9428,137.6318,-99
8080415074,407.6506,138.6861,-99
8080448407,407.7086,137.6016,-99
8080481740,407.562,139.1089,-99
8080515073,407.6626,138.5388,-99
8080548406,407.6073,139.1178,-99
8080581739,407.6406,138.7897,-99
8080615072,407.4936,139.3274,-99
8080648405,407.4244,138.7829,-99
8080681738,407.4056,139.6071,-99
8080715071,407.1394,139.467,-99
8080748404,406.9619,139.8934,-99
8080781737,406.8897,139.3824,-99
8080815070,406.9719,139.898,-99
8080848403,406.6784,139.5352,-99
8080881736,406.9038,140.3582,-99
8080915069,407.631,141.4556,-99
8080948402,407.4359,141.7799,-99
8080981735,407.6866,142.3561,-99
8081015068,407.6904,142.609,-99
8081048401,407.6864,143.4145,-99
8081081734,405.8926,144.3887,-99
8081115067,405.6447,144.9079,-99
8081148400,405.6784,146.9946,-99
8081181733,407.6485,147.6223,-99
8081215066,408.7613,148.317,-99
8081248399,409.6949,149.7461,-99
8081281732,411.1322,151.2299,-99
8081315065,411.9682,152.815,-99
8081348398,413.7932,154.0522,-99
8081381731,415.1398,154.6935,-99
8081415064,418.4211,155.9274,-99
8081448397,419.3065,157.1564,-99
8081481730,420.5256,157.8633,-99
8081515063,422.2165,158.2329,-99
8081548396,423.2083,161.5119,-99
8081581729,425.0716,163.8274,-99
8081615062,426.5581,166.3619,-99
8081648395,427.4323,167.9935,-99
8081681728,428.5621,168.9368,-99
8081715061,430.3786,171.5874,-99
8081748394,431.8061,174.5536,-99
8081781727,432.6188,176.3812,-99
8081815060,433.7465,178.7967,-99
8081848393,434.6011,180.0836,-99
8081881726,435.648,181.1147,-99
8081915059,437.5219,181.3634,-99
8081948392,439.3788,181.4332,-99
8081981725,441.9696,181.2376,-99
8082015058,445.2778,181.5444,-99
8082048391,447.8375,183.508,-99
8082081724,449.3918,184.2684,-99
8082115057,450.6595,185.5097,-99
8082148390,450.6725,185.3712,-99
8082181723,450.2659,186.6477,-99
8082215056,451.611,188.4154,-99
8082248389,452.8101,188.4171,-99
8082281722,454.703,190.312,-99
8082315055,454.6579,192,-99
8082348388,454.5858,192.341,-99
8082381721,455.2807,194.4496,-99
8082415054,454.7358,195.4541,-99
8082448387,454.519,197.0886,-99
8082481720,454.0753,197.8344,-99
8082515053,453.597,196.7445,-99
8082548386,451.2069,197.8,-99
8082581719,453.038,200.6835,-99
8082615052,457.2727,206.6301,-99
8082648385,456.0254,208.138,-99
8082684016,453.8736,205.3965,-99
8082717349,450.749,205.2594,-99
8082750682,451.616,214.12,-99
8082784015,455.6726,211.5,-99
8082817348,452.4623,208.8794,-99
8082850681,450.5687,206.1659,-99
8082884014,453.6489,212.75,-99
8082917347,450.6626,208.7611,-99
8082950680,450.7201,209.1061,-99
8082984013,450.7973,211.1715,-99
8083017346,450.5803,212.2441,-99
8083050679,452.3325,212.3272,-99
8083084012,452.8309,213.0229,-99
8083117345,454.7947,213.944,-99
8083150678,455.0163,216.2424,-99
8083184011,456.8159,215.3242,-99
8083217344,458.1275,216.3966,-99
8083250677,459.1376,218.3034,-99
8083284010,460.2005,216.8937,-99
8083317343,460.3265,218.9796,-99
8083350676,461.6947,221.4832,-99
8083384009,460.8575,222.7176,-99
8083417342,457.9528,225.1855,-99
8083450675,457.2879,226.7424,-99
8083484008,458.385,229.795,-99
8083517341,459.1967,234.4404,-99
8083550674,458.6762,236.2228,-99
8083584007,459.2281,238.5188,-99
8083617340,458.932,240.6322,-99
8083650673,457.9568,243.5939,-99
8083684006,456.6471,246.6422,-99
8083717339,458.2672,247.6209,-99
8083750672,458.5904,249.238,-99
8083784005,458.8142,252.4351,-99
8083817338,459.606,254.5112,-99
8083850671,460.5509,257.5841,-99
8083884004,462.0546,260.0074,-99
8083917337,462.0379,261.7149,-99
8083950670,462.5732,262.3871,-99
8083984003,462.9673,263.8694,-99
8084017336,461.2437,266.3602,-99
8084050669,460.3239,268.0202,-99
8084084002,459.9781,268.8742,-99
8084117335,460.6329,269.5928,-99
8084150668,461.8675,270.7375,-99
8084184001,462.3764,272.1376,-99
8084217334,461.5341,274.9707,-99
8084250667,464.0435,275.5518,-99
8084284000,461.8813,278.7785,-99
8084317333,462.3132,280.7921,-99
8084356245,462.1581,285.5704,-99
8084389578,462.3813,287.725,-99
8084422911,459.4219,287.5703,-99
8084456244,456.376,288.4747,-99
8084489577,454.9854,290.9367,-99
8084522910,450.554,293.5189,-99
8084556243,451.2949,293.9179,-99
8084589576,451.1937,295.8089,-99
8084622909,452.0928,297.3174,-99
8084656242,452.3172,297.2069,-99
8084689575,451.1166,297.2556,-99
8084722908,454.176,300.103,-99
8084756241,457.2209,307.1919,-99
8084789574,458.1405,312.292,-99
8084822907,457.386,314.1955,-99
8084856240,454.9844,316.3255,-99
8084889573,450.9221,317.8266,-99
8084922906,450.5952,319.159,-99
8084956239,449.1308,321.6034,-99
8084989572,446.4892,323.6,-99
8085022905,447.9772,324.4274,-99
8085056238,448.3376,325.703,-99
8085089571,446.8148,327.0185,-99
8085122904,445.1587,329.881,-99
8085156237,444.0658,332.7918,-99
8085189570,444.5888,331.2513,-99
8085222903,443.254,334.2169,-99
8085256236,441.9036,334.2289,-99
8085289569,441.7069,335.179,-99
8085322902,438.8959,338.1063,-99
8085356235,436.668,338.662,-99
8085389568,434.7379,339.7949,-99
8085422901,432.7885,341.1476,-99
8085456234,433.9344,341.571,-99
8085489567,432.5287,344.2552,-99
8085522900,432.4294,346.6412,-99
8085556233,431.1724,349.7321,-99
8085589566,430.229,351.542,-99
8085622899,428.5956,354.0332,-99
8085656232,426.4197,356.5803,-99
8085689565,425.9171,359.1845,-99
8085722898,424.8524,362.5512,-99
8085756231,424.3794,365.3376,-99
8085789564,425.104,368.2181,-99
8085822897,426.6497,369.2857,-99
8085856230,426.6873,369.0509,-99
8085889563,425.3067,370.0987,-99
8085922896,425.7156,371.4128,-99
8085956229,422.835,373.5578,-99
8085989562,420.6848,374.6361,-99
8086022895,420.2706,374.9441,-99
8086056228,420.3452,372.497,-99
8086089561,423.3577,372.7113,-99
8086122894,423.6132,373.2805,-99
8086156227,423.3211,372.5596,-99
8086189560,422.7376,372.0173,-99
8086222893,421.9604,371.743,-99
8086256226,420.4799,372.8954,-99
8086289559,419.8843,371.9702,-99
8086322892,421.969,374.4586,-99
8086356225,423.2421,373.8316,-99
8086389558,424.4925,373.945,-99
8086422891,426.2388,373.7543,-99
8086456224,425.88,374.3631,-99
8086489557,425.2953,373.5936,-99
8086522890,425.2164,373.7807,-99
8086556223,423.6134,372.9283,-99
8086589556,423.5507,371.8849,-99
8086622889,423.3196,371.3109,-99
8086656222,421.872,370.8661,-99
8086689555,420.4449,370.5818,-99
8086722888,417.529,368.8645,-99
8086756221,420.894,370.4495,-99
8086789554,424.0436,372.8,-99
8086822887,424.8974,374.0898,-99
8086856220,425.5742,371.8589,-99
8086889553,425.2079,369.9509,-99
8086922886,421.8348,371.938,-99
8086956219,418.8419,369.1484,-99
8086989552,417.4623,367.9795,-99
8087022885,417.2038,366.605,-99
8087056218,418.6424,366.0424,-99
8087089551,419.2368,363.7697,-99
8087122884,418.4445,364.7284,-99
8087156217,419.2697,363.7079,-99
8087189550,417.9098,362.9122,-99
8087222883,417.6723,362.0602,-99
8087256216,416.1851,360.6766,-99
8087289549,416.2155,359.2581,-99
8087322882,416.6579,359.3399,-99
8087356215,415.6612,359.1706,-99
8087389548,414.767,358.5294,-99
8087422881,414.015,358.4411,-99
8087456214,412.8271,358.9229,-99
8087489547,411.3371,359.5854,-99
8087522880,410.2754,361.1016,-99
8087556213,409.2963,362.0648,-99
8087589546,408.2711,364.2232,-99
8087622879,406.9061,365.4507,-99
8087656212,406.2194,366.9446,-99
8087685372,404.4931,368.3848,-99
8087718705,403.3972,370.1584,-99
8087752038,402.662,372.223,-99
8087785371,401.4988,372.9592,-99
8087818704,400.1311,374.6,-99
8087852037,398.3859,375.5364,-99
8087885370,396.1871,377.963,-99
8087918703,395.1059,379.963,-99
8087952036,392.9719,382.2602,-99
8087985369,392.0443,386.1901,-99
8088018702,391.1117,388.5112,-99
8088052035,390.8421,390.6816,-99
8088085368,386.9701,392.6303,-99
8088118701,384.4335,393.4029,-99
8088152034,381.5765,394.4431,-99
8088185367,378.7228,393.9145,-99
8088218700,378.0665,393.0468,-99
8088252033,377,392.7554,-99
8088285366,375.3539,391.3968,-99
8088318699,374.6394,394.3228,-99
8088352032,372.7529,396.5196,-99
8088385365,372.7358,396.2541,-99
8088418698,370.8278,397.9735,-99
8088452031,369.5061,396.5671,-99
8088485364,368.6418,397.951,-99
8088518697,365.701,397.4376,-99
8088552030,364.9105,396.8955,-99
8088585363,364.2494,397.3765,-99
8088618696,363.2679,397.0601,-99
8088652029,361.9467,397.287,-99
8088685362,360.9301,397.2751,-99
8088718695,358.2715,396.0019,-99
8088752028,357.2844,394.1682,-99
8088785361,356.4487,392.8443,-99
8088818694,354.0662,390.9427,-99
8088852027,353.2316,389.4255,-99
8088885360,353.0084,389.72,-99
8088918693,352.0226,390.3597,-99
8088952026,350.7344,390.2946,-99
8088985359,348.5865,390.6539,-99
8089018692,346.281,391.854,-99
8089052025,344.5468,393.4248,-99
8089085358,342.3371,393.9236,-99
8089118691,340.2936,394.5519,-99
8089152024,338.4909,394.7991,-99
8089185357,336.9614,394.4659,-99
8089218690,335.8235,394.0158,-99
8089252023,333.6859,394.4594,-99
8089285356,331.5362,394.955,-99
8089318689,329.5644,397.5154,-99
8089354319,329.5587,399.6364,-99
8089387652,329.3897,401.8842,-99
8089420985,327.472,405.302,-99
8089454318,325.9431,406.754,-99
8089487651,323.9258,407.5742,-99
8089520984,321.361,407.3803,-99
8089554317,319.3919,408.4744,-99
8089587650,319.2879,410.5802,-99
8089620983,318.562,411.2955,-99
8089654316,317.5174,411.9035,-99
8089687649,316.4576,411.4525,-99
8089720982,316.1895,410.95,-99
8089754315,315.1837,409.5867,-99
8089787648,313.6872,408.2322,-99
8089820981,312.3218,408.3701,-99
8089854314,311.615,408.2494,-99
8089887647,312.5121,407.5947,-99
8089920980,312.4304,407.5522,-99
8089954313,312.6604,407.3068,-99
8089987646,313.3028,407.039,-99
8090020979,313.9605,405.679,-99
8090054312,314.0197,404.83,-99
8090087645,314.1863,403.9316,-99
8090120978,313.0829,404.3463,-99
8090154311,312.6927,405.0805,-99
8090187644,313.9236,405.4951,-99
8090220977,313.9308,405.4487,-99
8090254310,314.0124,405.7111,-99
8090287643,313.9194,404.609,-99
8090320976,314.1911,403.289,-99
8090354309,314.4667,402.2851,-99
8090387642,313.7896,401.8534,-99
8090420975,314.5959,400.642,-99
8090454308,314.3766,400.5308,-99
8090487641,314.6161,399.9241,-99
8090520974,314.6797,400.0207,-99
8090554307,315.0262,400.151,-99
8090587640,314.5297,400.4662,-99
8090620973,314.2683,400.3077,-99
8090654306,314.03,400.8914,-99
8090687639,314.1646,400.7787,-99
8090720972,312.6426,400.3809,-99
8090754305,312.0866,400.2933,-99
8090787638,311.5954,400.044,-99
8090820971,310.3512,399.3726,-99
8090854304,308.8671,398.2567,-99
8090887637,305.9273,397.5969,-99
8090920970,303.7541,396.9397,-99
8090954303,301.4159,396.6909,-99
8090987636,299.4792,396.4223,-99
8091026548,298.0857,396.8637,-99
8091059881,297.0069,397.2055,-99
8091093214,295.2512,398.8163,-99
8091126547,294.6357,400.5249,-99
8091159880,293.5036,401.9225,-99
8091193213,293.4092,402.669,-99
8091226546,293.2698,402.9342,-99
8091259879,291.8902,404.4119,-99
8091293212,291.4471,404.9859,-99
8091326545,291.2294,405.3716,-99
8091359878,290.559,406.1638,-99
8091393211,289.5911,406.8645,-99
8091426544,287.5338,406.4967,-99
8091459877,287.1444,405.8445,-99
8091493210,285.2851,404.6154,-99
8091526543,283.0688,401.0197,-99
8091559876,283.1388,398.2214,-99
8091593209,282.6487,396.0873,-99
8091626542,282.1315,393.1056,-99
8091659875,282.5436,392.3063,-99
8091693208,283.1422,391.6881,-99
8091726541,284.0267,390.2646,-99
8091759874,282.9576,390.3835,-99
8091793207,281.6732,390.2415,-99
8091826540,280.1967,390.2662,-99
8091859873,278.3578,390.6161,-99
8091893206,277.1562,390.9496,-99
8091926539,276.0563,390.6464,-99
8091959872,275.8171,390.1967,-99
8091993205,274.2072,389.5422,-99
8092026538,273.8703,387.7282,-99
8092059871,272.2768,387.1945,-99
8092093204,271.0726,385.5261,-99
8092126537,269.4648,384.6315,-99
8092159870,267.8673,384.317,-99
8092193203,266.1939,383.236,-99
8092226536,264.9446,382.5081,-99
8092259869,261.9698,382.1508,-99
8092293202,259.6682,381.4753,-99
8092326535,257.2121,380.7612,-99
8092359868,255.0046,381.2265,-99
8092393201,254,381.8177,-99
8092426534,252.101,382.4207,-99
8092459867,250.095,382.8275,-99
8092493200,248.4571,380.6224,-99
8092526533,247.714,379.0525,-99
8092559866,246.9305,378.5946,-99
8092593199,245.7232,380.8978,-99
8092626532,243.8627,380.8235,-99
8092659865,243.2843,380.2419,-99
8092693886,240.7123,380.3326,-99
8092727219,238.8783,380.4726,-99
8092760552,237.155,380.753,-99
8092793885,235.4289,381.7157,-99
8092827218,234.2608,382.012,-99
8092860551,233.1555,381.2469,-99
8092893884,231.6434,379.9566,-99
8092927217,230.5455,378.641,-99
8092960550,229.5951,377.0022,-99
8092993883,228.9223,375.8847,-99
8093027216,228.7113,374.0323,-99
8093060549,227.632,372.5012,-99
8093093882,226.2408,372.0105,-99
8093127215,224.8928,371.1521,-99
8093160548,223.5937,369.7348,-99
8093193881,221.8,368.8167,-99
8093227214,220.8042,367.8877,-99
8093260547,220.3052,366.8784,-99
8093293880,219.9267,365.5981,-99
8093327213,220.3827,365.0716,-99
8093360546,219.4609,364.4844,-99
8093393879,219.7356,362.8534,-99
8093427212,219.3785,363.1304,-99
8093460545,219.4195,362.6854,-99
8093493878,218.9846,363.041,-99
8093527211,218.6376,361.4824,-99
8093560544,218.6813,361.097,-99
8093593877,218.8036,360.1395,-99
8093627210,219.7333,359.642,-99
8093660543,221.5261,358.6873,-99
8093693876,221.5143,356.6954,-99
8093727209,222.4532,355.9617,-99
8093760542,221.6481,355.9621,-99
8093793875,222.0278,356.2671,-99
8093827208,221.363,356.6909,-99
8093860541,220.4061,356.8726,-99
8093893874,220.4729,357.5249,-99
8093927207,218.6996,357.1695,-99
8093960540,218.4859,357.7614,-99
8093993873,218.5761,357.5087,-99
8094027206,217.0278,357.3383,-99
8094060539,218.0887,357.4612,-99
8094093872,217.0704,357.0938,-99
8094127205,216.9581,358.007,-99
8094160538,216.3256,357.895,-99
8094193871,216.407,358.3983,-99
8094227204,215.2571,359.4791,-99
8094260537,216.035,359.7572,-99
8094293870,214.8965,360.7661,-99
8094327203,214.8455,361.6288,-99
8094360536,215.3923,362.3963,-99
8094393869,214.4586,364.0149,-99
8094427202,214.4499,365.165,-99
8094460535,214.391,366.6621,-99
8094493868,214.1207,368.5916,-99
8094527201,213.2342,370.1344,-99
8094560534,212.7988,372.6036,-99
8094593867,211.5112,374.5075,-99
8094627200,209.8497,377.2375,-99
8094660533,209.2205,379.7157,-99
8094693866,208.9224,382.3288,-99
8094727199,207.7766,384.2638,-99
8094760532,206.4754,386.267,-99
8094793865,205.088,387.7296,-99
8094827198,204.3238,389.4582,-99
8094860531,203.5249,390.5119,-99
8094893864,202.7911,392.5178,-99
8094927197,202.3978,393.2549,-99
8094960530,201.1279,395.6941,-99
8094993863,200.8527,397.4464,-99
8095027196,200.9958,399.4937,-99
8095060529,202.2021,402.0215,-99
8095093862,203.6083,403.8928,-99
8095127195,205.4447,405.6472,-99
8095160528,206.2489,407.3927,-99
8095193861,206.9106,409.1812,-99
8095227194,208.1834,411.8435,-99
8095260527,208.4219,415.1754,-99
8095293860,208.329,415.9295,-99
8095327193,208.8206,415.9713,-99
8095360526,209.53,416.6667,-99
8095393859,206.8341,417.6295,-99
8095427192,205.0792,417.5479,-99
8095460525,205.8681,417.5702,-99
8095493858,205.1288,417.5256,-99
8095527191,207.7899,416.8653,-99
8095560524,208.7867,416.6587,-99
8095593857,209.0852,416.6642,-99
8095627190,209.0357,417.4082,-99
8095660523,206.9017,417.2218,-99
8095693856,205.9179,415.8107,-99
8095727189,206.8286,413.7393,-99
8095760522,206.5018,412.9804,-99
8095793855,206.4028,412.4403,-99
8095827188,207,411.5073,-99
8095860521,207.2818,410.2909,-99
8095893854,206.9698,409.3126,-99
8095927187,206.9552,408.9966,-99
8095960520,206.3934,408.6612,-99
8095993853,206.0373,408.1981,-99
8096032733,205.6362,407.7602,-99
8096066066,205.8237,407.6635,-99
8096099399,205.9915,408.0479,-99
8096132732,206.8719,408.0178,-99
8096166065,206.6775,408.3822,-99
8096199398,206.6595,408.5842,-99
8096232731,206.2447,408.7711,-99
8096266064,205.9114,409.4394,-99
8096299397,205.5809,410.5404,-99
8096332730,206.5249,410.7569,-99
8096366063,206.3358,411.5793,-99
8096399396,207.729,411.8624,-99
8096432729,208.0519,411.7814,-99
8096466062,208.0196,412.2397,-99
8096499395,208.1857,412.5928,-99
8096532728,208.4878,412.7184,-99
8096566061,208.3077,412.9688,-99
8096599394,209.0708,412.2013,-99
8096632727,208.5483,412.7458,-99
8096666060,207.501,412.4079,-99
8096699393,207.0447,412.2621,-99
8096732726,206.4085,412.2699,-99
8096766059,207.0219,411.2459,-99
8096799392,206.7677,410.804,-99
8096832725,206.5626,409.7408,-99
8096866058,206.7961,409.174,-99
8096899391,207.0163,408.6866,-99
8096932724,207.0253,408.5371,-99
8096966057,206.6549,407.8832,-99
8096999390,206.3972,407.0976,-99
8097032723,206.4083,406.6038,-99
8097066056,206.3309,406.286,-99
8097099389,206.3769,406.0069,-99
8097132722,206.3309,405.9488,-99
8097166055,205.9021,405.8167,-99
8097199388,206.1191,405.8466,-99
8097232721,205.4982,405.8268,-99
8097266054,205.9499,406.039,-99
8097299387,205.4207,405.7989,-99
8097332720,205.6971,405.9015,-99
8097366053,205.8121,405.4751,-99
8097399386,205.6137,405.4838,-99
8097432719,205.7767,404.8192,-99
8097466052,205.4183,404.8115,-99
8097499385,205.1957,404.1619,-99
8097532718,206.5455,403.2616,-99
8097566051,207.684,402.6112,-99
8097599384,207.6325,400.6367,-99
8097632717,205.6973,396.6667,-99
8097666050,204.8423,392.026,-99
8097701712,204.9637,386.5225,-99
8097735045,204.6612,381.0066,-99
8097768378,206.1194,374.9114,-99
8097801711,208.3327,369.448,-99
8097835044,210.6228,364.609,-99
8097868377,213.2626,360.7625,-99
8097901710,213.8657,359.9743,-99
8097935043,216.0052,357.9974,-99
8097968376,215.6907,357.4267,-99
8098001709,215.2708,357.1815,-99
8098035042,214.4933,357.1186,-99
8098068375,213.9835,356.8044,-99
8098101708,214.4138,356.1936,-99
8098135041,216.0241,356.0536,-99
8098168374,217.4974,355.4105,-99
8098201707,219.4144,354.2481,-99
8098235040,221.5979,352.8874,-99
8098268373,222.3818,350.226,-99
8098301706,223.0344,349.7683,-99
8098335039,223.0374,348.9868,-99
8098368372,221.465,348.4221,-99
8098401705,219.0881,348.0352,-99
8098435038,216.0161,347.2005,-99
8098468371,213.7539,346.4301,-99
8098501704,210.936,345.7014,-99
8098535037,207.7207,344.2747,-99
8098568370,206.3301,342.2249,-99
8098601703,203.8794,340.7962,-99
8098635036,202.1259,338.2445,-99
8098668369,201.2989,336.3651,-99
8098701702,199.4897,334.9692,-99
8098735035,197.6397,332.47,-99
8098768368,195.8795,331.5266,-99
8098801701,192.876,329.6925,-99
8098835034,190.8301,327.789,-99
8098868367,188.777,326.506,-99
8098901700,186.0495,324.4037,-99
8098935033,185.2633,323.2633,-99
8098968366,184.1274,320.6884,-99
8099001699,183.8412,320.0588,-99
8099035032,183.159,318.2872,-99
8099068365,183.8208,317.5347,-99
8099101698,184.2757,316.5191,-99
8099135031,184.5802,315.6852,-99
8099168364,184.8264,315.6694,-99
8099201697,183.7404,314.8279,-99
8099235030,183.8526,315.2316,-99
8099268363,185.0767,314.6548,-99
8099301696,184.2572,311.8873,-99
8099335029,184.5342,310.9973,-99
8099368362,185.0756,308.8363,-99
8099401695,185.6038,307.1968,-99
8099435028,186.1402,303.7725,-99
8099468361,185.7463,300.2,-99
8099501694,185.4229,296.8434,-99
8099535027,184.1312,294.8215,-99
8099568360,184.4813,292.5164,-99
8099601693,183.3204,291.0465,-99
8099635026,184.5734,290.9158,-99
8099668359,182.2636,288.1633,-99
8099701692,182.2775,286.0852,-99
8099735025,181.108,283.6316,-99
8099768358,181.5779,281.3995,-99
8099801691,181.4216,279.0189,-99
8099835024,180.9307,276.0792,-99
8099868357,180.3,272.4409,-99
8099901690,179.9634,270.4536,-99
8099935023,179.5739,268.1526,-99
8099968356,179.55,266.3947,-99
8100001689,178.7825,264.4271,-99
8100035022,177.866,262.7881,-99
8100068355,178.8444,261.9286,-99
8100101688,177.0472,259.7805,-99
8100135021,177.7429,258.8616,-99
8100168354,175.99,256.1097,-99
8100201687,174.1768,254.2626,-99
8100235020,173.8188,253.6135,-99
8100268353,172.6314,253.1057,-99
8100301686,171.6,253.0234,-99
8100335019,171.2514,252.2182,-99
8100368352,170.5462,251.8064,-99
8100401685,171.5723,250.7659,-99
8100435018,171.9429,249.374,-99
8100468351,172.5042,248.4197,-99
8100501684,172.9211,245.5465,-99
8100535017,175.0923,245.0317,-99
8100568350,176.9078,242.4134,-99
8100601683,177.4947,240.9734,-99
8100635016,179.5376,240.1755,-99
8100668349,179.7626,236.7601,-99
8100701682,179.5515,231.9789,-99
8100735015,180.8744,230.064,-99
8100768348,181.7643,228.0714,-99
8100801681,181.0105,223.8421,-99
8100835014,182.3775,222.8125,-99
8100868347,183.7953,220.6855,-99
8100901680,185.9474,220.2742,-99
8100935013,186.2016,217.4589,-99
8100968346,187.803,215.2399,-99
8101001679,187.5858,212.8211,-99
8101040559,186.1528,211.4482,-99
8101073892,184.4975,208.2296,-99
8101107225,183.6348,207.6071,-99
8101140558,181.7409,204.9974,-99
8101173891,180.7444,204.9747,-99
8101207224,183.8139,203.7349,-99
8101240557,185.9462,201.0757,-99
8101273890,187.6013,199.6674,-99
8101307223,189.58,198.5501,-99
8101340556,189.2612,196.7051,-99
8101373889,192.0112,195.8179,-99
8101407222,192.4751,192.6598,-99
8101440555,194.3056,191.2083,-99
8101473888,194.7319,188.6461,-99
8101507221,194.4902,187.5237,-99
8101540554,194.6451,186.0743,-99
8101573887,194.6555,184.7652,-99
8101607220,195.2558,183.7299,-99
8101640553,197.0873,181.836,-99
8101673886,198.5714,181.3473,-99
8101707219,199.8272,180.6912,-99
8101740552,201.9913,180.219,-99
8101773885,203.7082,179.7812,-99
8101807218,204.5222,178.8329,-99
8101840551,204.8531,177.7088,-99
8101873884,205.4617,177.9446,-99
8101907217,205.2206,174.1679,-99
8101940550,206.0079,173.8005,-99
8101973883,206.8157,170.1439,-99
8102007216,207.0685,167.753,-99
8102040549,207.3529,166.2513,-99
8102073882,207.0485,166.1531,-99
8102107215,207.3622,165.8766,-99
8102140548,207.0836,165.683,-99
8102173881,207.5752,165.3272,-99
8102207214,207.3423,164.0162,-99
8102240547,206.3213,164.0665,-99
8102273880,205.9415,162.2926,-99
8102307213,206.6279,161.9612,-99
8102340546,207.5601,161.4297,-99
8102373879,208.9093,160.5522,-99
8102407212,210.3909,159.4249,-99
8102440545,212.5544,158.565,-99
8102473878,214.6434,158.7802,-99
8102507211,216.704,159.5093,-99
8102540544,219.4886,158.9008,-99
8102573877,222.0363,158.6632,-99
8102607210,224.4688,157.6259,-99
8102640543,226.4987,157.802,-99
8102673876,228.398,157.2065,-99
8102709538,230.2754,156.0642,-99
8102742871,231.9286,154.9133,-99
8102776204,233.3616,153.1621,-99
8102809537,235.794,153.2261,-99
8102842870,237.7146,152.4936,-99
8102876203,239.7275,151.3175,-99
8102909536,242.2372,149.977,-99
8102942869,243.7575,148.8475,-99
8102976202,244.882,146.8333,-99
8103009535,245.5175,144.8302,-99
8103042868,246.4144,141.3275,-99
8103076201,248.0811,140.6568,-99
8103109534,249.298,138.0379,-99
8103142867,251.2262,133.5476,-99
8103176200,253.6857,129.7507,-99
8103209533,256.1021,127.9215,-99
8103242866,258.288,125.8272,-99
8103276199,260.522,125.5349,-99
8103309532,261.8177,124.7422,-99
8103342865,264.0852,123.4203,-99
8103376198,266.1291,122.0247,-99
8103409531,267.6973,121.7973,-99
8103442864,269.9254,120.7901,-99
8103476197,273.1422,120.648,-99
8103509530,276.106,120.658,-99
8103542863,278.8733,121.0204,-99
8103576196,280.7478,121.6527,-99
8103609529,283.9595,122.1036,-99
8103642862,285.0612,121.9388,-99
8103676195,286.1594,121.2545,-99
8103709528,287.791,120.9868,-99
8103742861,289.4085,120.817,-99
8103776194,291.1378,120.1865,-99
8103809527,292.4541,117.8661,-99
8103842860,293.8293,116.8902,-99
8103876193,295.2091,115.563,-99
8103909526,297.0971,114.4436,-99
8103942859,299.5708,114.0501,-99
8103976192,302.6392,113.0041,-99
8104009525,304.3255,111.783,-99
8104042858,305.9164,110.9704,-99
8104076191,308.7311,110.1358,-99
8104109524,310.5091,110.3636,-99
8104142857,312.0457,110.1479,-99
8104176190,313.6703,110.3162,-99
8104209523,314.4718,110.8231,-99
8104242856,316.3112,111.0459,-99
8104276189,319.6875,111.7879,-99
8104309522,321.9752,112.3002,-99
8104342855,324.1096,113.1206,-99
8104376188,326.1223,114.515,-99
8104409521,328.2808,115.2968,-99
8104442854,330.4318,115.4217,-99
8104476187,333.1057,117.8686,-99
8104509520,335.7806,118.398,-99
8104542853,337.0973,119.7372,-99
8104576186,338.4445,120.5039,-99
8104609519,338.8449,120.8366,-99
8104642852,339.3536,119.5101,-99
8104676185,341.0551,119.6749,-99
8104709518,343.3298,120.1387,-99
8104742851,344.9683,120.1066,-99
8104776184,347.575,120.4127,-99
8104809517,348.4416,120.9901,-99
8104842850,349.9768,121.325,-99
8104876183,351.3735,121.5514,-99
8104909516,352.7485,121.2943,-99
8104942849,355.8736,121.448,-99
8104976182,356.8474,121.426,-99
8105009515,358.3794,121.739,-99
8105042848,360.1987,122.3611,-99
8105076181,362.1035,123.2467,-99
8105109514,364.634,124.4745,-99
8105142847,366.9432,125.2975,-99
8105176180,368.4913,125.4261,-99
8105209513,371.0042,126.9708,-99
8105242846,373.713,127.8762,-99
8105276179,375.5685,128.1805,-99
8105309512,377.2304,127.7848,-99
8105342845,380.2531,128.9115,-99
8105376178,383.2222,129.649,-99
8105409511,385.2507,130.9137,-99
8105442844,386.892,132.0746,-99
8105476177,389.1473,133.4083,-99
8105509510,391.4808,135.8081,-99
8105542843,392.797,135.9201,-99
8105576176,394.2596,137.0322,-99
8105609509,395.8202,137.4139,-99
8105642842,397.3984,138.2817,-99
8105676175,397.9245,139.0701,-99
8105709508,399.112,140.5703,-99
8105742841,400.8813,143.0845,-99
8105776174,402.2834,144.8044,-99
8105809507,404.1096,146.2365,-99
8105842840,405.4163,147.6542,-99
8105876173,407.5024,148.8798,-99
8105909506,409.5964,150.6658,-99
8105942839,410.7467,152.12,-99
8105976172,412.6883,152.787,-99
8106009505,414.6927,154.0417,-99
8106036134,416.7216,154.518,-99
8106069467,419.6719,156.7715,-99
8106102800,422.7564,158.1729,-99
8106136133,424.2416,158.4202,-99
8106169466,426.3006,160.7535,-99
8106202799,428.2779,162.7358,-99
8106236132,430.4232,165.2968,-99
8106269465,432.5774,167.5357,-99
8106302798,433.3712,171.0279,-99
8106336131,434.9568,172.946,-99
8106369464,436.3187,173.8394,-99
8106402797,438.357,173.6404,-99
8106436130,439.8842,174.7921,-99
8106469463,440.672,177.2893,-99
8106502796,442.8156,178.7966,-99
8106536129,443.4737,179.8274,-99
8106569462,444.0403,181.5128,-99
8106602795,444.1615,183.0509,-99
8106636128,445.5161,185.7921,-99
8106669461,446.3241,187.5949,-99
8106702794,448.03,190.014,-99
8106736127,449.416,191.7479,-99
8106769460,450.963,193.7865,-99
8106802793,452.1497,195.4664,-99
8106836126,452.3227,196.3354,-99
8106869459,451.8707,199.0862,-99
8106902792,452.2522,200.4871,-99
8106936125,452.1577,202.0259,-99
8106969458,452.4924,203.2777,-99
8107002791,453.2719,204.7901,-99
8107036124,453.4433,204.799,-99
8107069457,454.3225,205.1805,-99
8107102790,454.1487,208.3318,-99
8107136123,453.7576,210.0303,-99
8107169456,454.7673,212.3711,-99
8107202789,454.9823,214.3223,-99
8107236122,455.608,214.995,-99
8107269455,456.1025,217.3934,-99
8107302788,454.4851,221.1955,-99
8107336121,454.5511,224.2542,-99
8107369454,454.5562,225.4545,-99
8107402787,455.8369,226.2357,-99
8107436120,456.8261,227.9507,-99
8107469453,457.0677,229.4029,-99
8107502786,457.8,230.6914,-99
8107536119,459.069,231.4023,-99
8107569452,460.6851,232.4052,-99
8107602785,461.2298,234.1944,-99
8107636118,461.2368,238.0846,-99
8107669451,461.7801,239.9229,-99
8107702784,463.27,241.8032,-99
8107736117,463.9918,242.5507,-99
8107769450,465.6861,242.7056,-99
8107802783,466.9944,243.5337,-99
8107836116,469.0083,244.3564,-99
8107869449,469.7006,243.7778,-99
8107902782,471.7291,242.487,-99
8107936115,471.5909,243.1114,-99
8107969448,471.5085,243.132,-99
8108002781,471.6397,243.5466,-99
8108036114,473.362,243.9581,-99
8108069447,474.3418,244.0042,-99
8108102780,472.3763,244.0631,-99
8108136113,471.1784,244.6909,-99
8108169446,472.8205,244.4815,-99
8108202779,470.9109,244.2145,-99
8108236112,468.75,247.9618,-99
8108269445,467.8353,248.7746,-99
8108302778,468.5016,250.0958,-99
8108336111,467.5,252.6071,-99
8108369444,466.9448,253.4663,-99
8108402777,466.652,255.1901,-99
8108436110,465.9651,256.5349,-99
8108469443,465.4107,258.896,-99
8108502776,466.6657,260.2486,-99
8108536109,466.4933,263.0429,-99
8108569442,466.0911,265.2291,-99
8108602775,465.2905,267.8278,-99
8108636108,466.6384,269.9322,-99
8108669441,464.4793,271.8905,-99
8108702774,460.216,273.7279,-99
8108736107,458.2004,275.056,-99
8108769440,455.9925,277.5398,-99
8108802773,457.5666,277.8947,-99
8108836106,455.0765,279.1983,-99
8108869439,455.1313,276.839,-99
8108902772,455.9434,277.1396,-99
8108936105,456.7418,281.2036,-99
8108969438,457.0456,283.1228,-99
8109002771,458.5266,284.2713,-99
8109036104,456.4253,288.0782,-99
8109069437,455.0597,291.2411,-99
8109102770,454.0262,292.3676,-99
8109136103,452.8554,295.4155,-99
8109169436,454.4337,296.3754,-99
8109202769,450.4176,295.467,-99
8109236102,451.6,302.6415,-99
8109269435,450.3044,302.8614,-99
8109302768,449.4906,307.0375,-99
8109336101,451.3542,307.4219,-99
8109374982,452.1821,310.5116,-99
8109408315,448.1644,313.7195,-99
8109441648,447.0747,316.023,-99
8109474981,446.6437,318.749,-99
8109508314,446.1902,321.2975,-99
8109541647,444.8463,323.7405,-99
8109574980,443.3079,326.8981,-99
8109608313,441.7616,330.0444,-99
8109641646,439.6231,332.7292,-99
8109674979,440.2968,334.7101,-99
8109708312,441.0371,338.6718,-99
8109741645,438.9109,338.9084,-99
8109774978,437.6769,341.2615,-99
8109808311,435.8926,342.7391,-99
8109841644,433.4198,345.1069,-99
8109874977,433.5754,346.8849,-99
8109908310,431.9247,346.5461,-99
8109941643,430.4972,349.4522,-99
8109974976,428.1031,355.8897,-99
8110008309,427.2139,357.6693,-99
8110041642,423.8025,360.8593,-99
8110074975,420.9017,362.3096,-99
8110108308,418.1465,362.9181,-99
8110141641,416.0133,363.958,-99
8110174974,416.5576,364.6879,-99
8110208307,415.595,365.0165,-99
8110241640,413.9576,367.6074,-99
8110274973,412.3298,369.9103,-99
8110308306,409.0122,372.3154,-99
8110341639,406.2151,373.0538,-99
8110374972,403.9825,375.7807,-99
8110408305,402.2599,376.9736,-99
8110441638,401.5,376.6895,-99
8110474971,401.3543,377.0793,-99
8110508304,399.3688,377.8371,-99
8110541637,398.9421,379.1537,-99
8110574970,398.4064,381.0128,-99
8110608303,397.5233,382.8372,-99
8110641636,397.1172,383.9713,-99
8110674969,396.4702,385.3973,-99
8110708302,392.2061,385.8111,-99
8110741635,391.7036,387.8721,-99
8110774968,390.4899,389.6264,-99
8110808301,387.9345,391.1535,-99
8110841634,385.6086,392.5113,-99
8110874967,382.118,393.22,-99
8110908300,377.5201,393.2967,-99
8110941633,374.3296,393.4082,-99
8110974966,370.7375,392.8325,-99
8111008299,369.0585,392.0019,-99
8111050430,368.7967,391.1535,-99
8111083763,367.8341,390.9395,-99
8111117096,366.8141,391.7271,-99
8111150429,366.1961,391.9913,-99
8111183762,364.9178,393.8203,-99
8111217095,363.2593,395.8506,-99
8111250428,361.6154,397.1934,-99
8111283761,359.4295,398.3355,-99
8111317094,356.823,398.7143,-99
8111350427,354.3854,398.7409,-99
8111383760,352.245,398.8062,-99
8111417093,350.3533,399.5267,-99
8111450426,348.7083,399.4102,-99
8111483759,347.7374,401.0063,-99
8111517092,346.4147,401.0367,-99
8111550425,344.4362,401.0201,-99
8111583758,341.694,400.3427,-99
8111617091,339.3362,398.1489,-99
8111650424,336.8668,397.1851,-99
8111683757,335.0463,396.2384,-99
8111717090,333.2297,395.732,-99
8111750423,330.7106,396.257,-99
8111783756,326.8382,397.0077,-99
8111817089,325.9211,397.8934,-99
8111850422,324.3368,398.4387,-99
8111883755,321.3491,399.0118,-99
8111917088,320.4731,399.329,-99
8111950421,319.8271,399.8424,-99
8111983754,318.6916,400.2357,-99
8112017087,317.3333,400.7086,-99
8112050420,317.0224,402.0605,-99
8112083753,315.7112,402.0934,-99
8112117086,315.2744,402.1227,-99
8112150419,314.9675,401.9416,-99
8112183752,314.4181,401.278,-99
8112217085,314.5092,399.5161,-99
8112250418,314.4087,398.1978,-99
8112283751,313.6674,397.359,-99
8112317084,312.8922,396.6552,-99
8112350417,311.7537,396.7704,-99
8112383750,310.6183,397.0208,-99
8112417083,309.3521,397.3461,-99
8112450416,308.2551,397.1388,-99
8112483749,307.2454,397.5644,-99
8112517082,306.3948,398.3305,-99
8112550415,306.6535,398.5746,-99
8112583748,306.7589,400.2124,-99
8112617081,307.5801,401.1264,-99
8112650414,308.5734,401.2822,-99
8112683747,309.1882,401.966,-99
8112717080,309.5578,402,-99
8112750413,310.0911,401.3904,-99
8112783746,310.1422,401.0746,-99
8112817079,310.9695,399.8431,-99
8112850412,310.1981,399.7692,-99
8112883745,310.2765,399.0907,-99
8112917078,309.7757,399.2991,-99
8112950411,309.6505,399.2411,-99
8112983744,308.109,399.9072,-99
8113017077,307.1959,400.212,-99
8113050410,306.3654,399.8052,-99
8113083743,304.2668,399.0084,-99
8113117076,303.6948,398.5171,-99
8113150409,302.2763,397.8033,-99
8113183742,300.7959,397.2569,-99
8113217075,299.0047,396.7441,-99
8113250408,296.9682,396.7614,-99
8113283741,293.4052,396.7495,-99
8113317074,291.3093,396.3115,-99
8113350407,289.7815,395.3806,-99
8113383740,287.182,394.4517,-99
8113417073,285.4736,393.1418,-99
8113450406,283.1818,391.3613,-99
8113483739,281.5,391.0724,-99
8113517072,280.1116,390.5154,-99
8113550405,279.1122,391.4049,-99
8113583738,277.3478,391.7368,-99
8113617071,275.8341,392.438,-99
8113650404,273.8736,392.9913,-99
8113683737,272.4036,393.3401,-99
8113717070,269.7173,393.7734,-99
8113750403,266.2611,393.627,-99
8113783736,264.7136,393.2471,-99
8113817069,261.9953,392.0397,-99
8113850402,260.1205,390.4795,-99
8113883735,258.6475,388.6429,-99
8113917068,256.9848,386.3756,-99
8113950401,257.1324,384.3774,-99
8113983734,255.9568,382.7506,-99
8114017067,253.8815,381.9803,-99
8114050400,252.3943,379.3686,-99
8114083733,251.092,378.414,-99
8114117066,250.7424,375.702,-99
8114150399,250.5701,374.0362,-99
8114183732,248.8963,372.2581,-99
8114217065,247.7086,370.6667,-99
8114250398,247.2658,370.5563,-99
8114283731,245.3191,370.3056,-99
8114317064,243.8685,370.0612,-99
8114350397,242.7418,369.3698,-99
8114386027,240.4574,368.7383,-99
8114419360,237.5507,368.022,-99
8114452693,235.8341,367.5955,-99
8114486026,234.117,367.9426,-99
8114519359,232.7848,368.5804,-99
8114552692,232.9478,369.8196,-99
8114586025,232.6262,371.0594,-99
8114619358,232.1691,370.919,-99
8114652691,231.2827,369.8037,-99
8114686024,230.7443,368.8506,-99
8114719357,230.9412,366.9866,-99
8114752690,230.8453,364.6859,-99
8114786023,229.2891,362.3261,-99
8114819356,228.7534,361.7899,-99
8114852689,227.1922,361.3478,-99
8114886022,225.3326,360.7379,-99
8114919355,224.0884,359.2199,-99
8114952688,223.1261,358.2248,-99
8114986021,222.2477,356.1805,-99
8115019354,222.4184,353.9267,-99
8115052687,221.2723,353.1877,-99
8115086020,220.7878,350.9748,-99
8115119353,219.9303,350.164,-99
8115152686,218.756,350.3165,-99
8115186019,217.2252,350.2693,-99
8115219352,215.6345,349.9619,-99
8115252685,214.4469,349.6482,-99
8115286018,212.6524,348.4876,-99
8115319351,210.9371,347.5683,-99
8115352684,210.1543,346.8369,-99
8115386017,210.247,346.209,-99
8115419350,209.414,345.6233,-99
8115452683,207.9171,344.4076,-99
8115486016,207.7876,342.4767,-99
8115519349,208.1941,342.2654,-99
8115552682,207.3021,339.8177,-99
8115586015,208.1646,339.2025,-99
8115619348,207.7568,336.0622,-99
8115652681,205.7157,333.8703,-99
8115686014,205.4079,331.1548,-99
8115719347,203.922,328.7025,-99
8115752680,203.0426,326.8605,-99
8115786013,201.3111,324.576,-99
8115819346,199.8881,321.7833,-99
8115852679,198.808,320.625,-99
8115886012,197.4116,318.2397,-99
8115919345,195.5598,316.4765,-99
8115952678,194.5151,314.3367,-99
8115986011,193.3473,312.4833,-99
8116019344,191.91,310.8516,-99
8116058256,190.4855,308.7271,-99
8116091589,189.4743,307.9508,-99
8116124922,187.7488,305.3454,-99
8116158255,186.9255,304.4948,-99
8116191588,186.7824,303.1643,-99
8116224921,185.7448,301.9691,-99
8116258254,186.5209,301.5288,-99
8116291587,186.3193,300.3344,-99
8116324920,186.748,298.3844,-99
8116358253,185.9804,296.9681,-99
8116391586,185.0525,295.8401,-99
8116424919,184.0242,294.6401,-99
8116458252,182.2009,292.6397,-99
8116491585,180.9954,291.3571,-99
8116524918,180.2207,288.7042,-99
8116558251,179.1352,287.5828,-99
8116591584,179.0561,284.3341,-99
8116624917,178.1481,283.1432,-99
8116658250,177.5133,280.0385,-99
8116691583,177.8475,279.095,-99
8116724916,177.349,278.3333,-99
8116758249,178.8731,277.6447,-99
8116791582,178.9541,276.6189,-99
8116824915,178.8739,273.9971,-99
8116858248,180.8144,273.2946,-99
8116891581,181.9173,271.1602,-99
8116924914,182.1155,267.8919,-99
8116958247,182.3492,265.1188,-99
8116991580,183.673,264.0692,-99
8117024913,183.4043,262.1253,-99
8117058246,183.5127,260.1929,-99
8117091579,183.9353,259.0785,-99
8117124912,183.33,255.8731,-99
8117158245,183.6361,256.2304,-99
8117191578,183.2167,256.9361,-99
8117224911,183.0987,255.6987,-99
8117258244,182.2256,253.9026,-99
8117291577,181.7704,251.4439,-99
8117324910,181.9447,250.2987,-99
8117358243,180.4282,248.7209,-99
8117391576,180.3533,246.1644,-99
8117424909,179.4742,244.0786,-99
8117458242,178.8543,241.9926,-99
8117491575,179.6286,239.6619,-99
8117524908,179.8994,237.1897,-99
8117558241,181.4857,235.369,-99
8117591574,182.1222,232.4913,-99
8117624907,183.836,229.9307,-99
8117658240,184.1131,227.093,-99
8117691573,185.7165,225.5826,-99
8117724906,185.8337,222.3444,-99
8117758239,186.5171,219.8049,-99
8117791572,188.2279,217.2598,-99
8117824905,189.606,214.0161,-99
8117858238,190.9661,211.8047,-99
8117891571,193.297,210.1421,-99
8117924904,194.2579,207.6342,-99
8117958237,195.5858,206.0899,-99
8117991570,196.2623,202.626,-99
8118024903,198.1558,201.0628,-99
8118058236,197.812,197.747,-99
8118091569,198.0619,197.0799,-99
8118124902,197.1859,194.5327,-99
8118158235,196.4468,194.0402,-99
8118191568,195.9564,193.3099,-99
8118224901,195.5741,193.7574,-99
8118258234,195.4803,192.6236,-99
8118291567,197.7878,190.6293,-99
8118324900,200.3103,190.2706,-99
8118358233,202.4597,188.9355,-99
8118391566,204.7381,186.8439,-99
8118424899,207.3838,186.0216,-99
8118458232,208.6937,182.0923,-99
8118491565,210.3747,181.2705,-99
8118524898,211.1868,177.0686,-99
8118558231,211.9274,175.3583,-99
8118591564,212.5894,173.8101,-99
8118624897,213.4394,169.9369,-99
8118658230,214.5666,170.2454,-99
8118691563,216.114,166.0488,-99
8118724896,217.54,165.5225,-99
8118758229,218.1092,162.3821,-99
8118791562,218.0051,160.9769,-99
8118824895,217.5389,161.8357,-99
8118858228,217.6082,160.6023,-99
8118891561,217.0368,159.4561,-99
8118924894,217.5913,158.297,-99
8118958227,218.6303,157.4814,-99
8118991560,220.9425,157.7862,-99
8119024893,223.3092,157.4518,-99
8119058226,222.9219,157.1385,-99
8119091559,223.6011,156.9388,-99
8119124892,224.6406,156.8516,-99
8119158225,225.343,156.3034,-99
8119191558,226.0199,155.3292,-99
8119224891,228.9306,153.8568,-99
8119258224,233.4179,154.0876,-99
8119291557,235.2206,153.5526,-99
8119324890,239.8214,153.5585,-99
8119358223,243.6229,152.572,-99
8119385774,245.712,151.6929,-99
8119419107,248.2927,149.2024,-99
8119452440,249.9947,149.1508,-99
8119485773,251.9259,144.7616,-99
8119519106,252.8252,141.6408,-99
8119552439,254.0897,138.459,-99
8119585772,255.1053,137.1868,-99
8119619105,256.9377,133.8208,-99
8119652438,258.9133,131.355,-99
8119685771,260.6641,129.4359,-99
8119719104,263.2722,128.5497,-99
8119752437,266.1886,125.8941,-99
8119785770,268.9926,125.4864,-99
8119819103,272.1425,124.7097,-99
8119852436,274.6394,124.2535,-99
8119885769,277.1572,123.9106,-99
8119919102,279.1357,123.3573,-99
8119952435,280.1868,123.1638,-99
8119985768,281.0515,122.1856,-99
8120019101,282.9692,121.4949,-99
8120052434,286.0818,121.4671,-99
8120085767,285.8393,122.1183,-99
8120119100,287.6188,122.4797,-99
8120152433,288.624,122.2087,-99
8120185766,288.3383,120.9617,-99
8120219099,288.4196,120.7235,-99
8120252432,289.4064,119.4954,-99
8120285765,289.272,119.6172,-99
8120319098,289.2295,118.7754,-99
8120352431,289.6612,118.3264,-99
8120385764,289.7026,117.3483,-99
8120419097,291.3666,117.5132,-99
8120452430,292.6945,117.9776,-99
8120485763,293.6142,119.0776,-99
8120519096,293.1915,119.7761,-99
8120552429,293.5261,120.8933,-99
8120585762,293.6675,122.1166,-99
8120619095,293.4199,122.2767,-99
8120652428,293.4763,123.1184,-99
8120685761,293.9312,123.2011,-99
8120719094,294.5684,122.4368,-99
8120752427,294.4855,123.0079,-99
8120785760,294.5169,122.0234,-99
8120819093,294.9148,122.0451,-99
8120852426,294.8787,120.7649,-99
8120885759,294.5121,120.5024,-99
8120919092,294.4045,120.3226,-99
8120952425,294.5628,119.8089,-99
8120985758,294.4678,119.2549,-99
8121019091,294.6053,118.0415,-99
8121048252,294.026,118.3385,-99
8121081585,293.9919,118.2935,-99
8121114918,293.8918,117.8839,-99
8121148251,294.5929,118.2507,-99
8121181584,294.871,118.6263,-99
8121214917,294.9817,119.0052,-99
8121248250,295.5408,119.1465,-99
8121281583,294.9295,119.1382,-99
8121314916,295.4282,118.862,-99
8121348249,294.752,118.5177,-99
8121381582,295.1458,118.601,-99
8121414915,295.0406,117.835,-99
8121448248,295.4787,118.3085,-99
8121481581,295.1935,117.2387,-99
8121514914,295.2494,117.6577,-99
8121548247,294.827,117.3513,-99
8121581580,294.0196,117.451,-99
8121614913,292.1071,118.1606,-99
8121648246,291.354,118.0965,-99
8121681579,292,118.1392,-99
8121714912,292.495,118.9545,-99
8121748245,293.2584,119.6899,-99
8121781578,294.2703,120.7961,-99
8121814911,294.518,120.777,-99
8121848244,295.0481,121.087,-99
8121881577,295.2014,121.2573,-99
8121914910,294.8618,120.9438,-99
8121948243,294.4067,121.0089,-99
8121981576,294.1471,120.6493,-99
8122014909,293.1942,120.8495,-99
8122048242,292.5956,120.7433,-99
8122081575,292.1675,121.2537,-99
8122114908,292.4315,120.1214,-99
8122148241,292.6675,120.9951,-99
8122181574,293.9594,121.8096,-99
8122214907,295.5129,123.6293,-99
8122248240,296.5772,124.6786,-99
8122281573,297.4606,125.9035,-99
8122314906,298.0973,126.7023,-99
8122348239,297.0888,126.4256,-99
8122381572,296.5733,126.653,-99
8122414905,297.1432,125.8071,-99
8122448238,297.3216,124.5021,-99
8122481571,298.1281,124.0793,-99
8122514904,298.2593,124.0668,-99
8122548237,299.7071,123.8,-99
8122581570,301.4038,124,-99
8122614903,300.8935,123.5884,-99
8122648236,301.2311,123.2924,-99
8122681569,301.7885,122.7388,-99
8122720449,301.8817,121.5435,-99
8122753782,301.1833,120.1425,-99
8122787115,301.4953,118.7571,-99
8122820448,303.632,118.7817,-99
8122853781,304.5266,118.1361,-99
8122887114,305.4251,117.6567,-99
8122920447,307.1417,116.9401,-99
8122953780,308.7342,117.3824,-99
8122987113,310.8076,118.04,-99
8123020446,312.6332,118.0365,-99
8123053779,315.1295,118.219,-99
8123087112,317.8636,118.9982,-99
8123120445,320.8439,120.1372,-99
8123153778,323.535,121.1626,-99
8123187111,325.4573,122.0379,-99
8123220444,325.817,120.8296,-99
8123253777,327.6144,121.2314,-99
8123287110,328.4591,120.8173,-99
8123320443,331.8559,121.8194,-99
8123353776,334.7868,121.7962,-99
8123387109,335.7469,122.1729,-99
8123420442,336.2245,121.8961,-99
8123453775,336.959,121.2197,-99
8123487108,337.855,119.4888,-99
8123520441,338.002,119.0525,-99
8123553774,340.4369,118.3685,-99
8123587107,342.2964,118.1127,-99
8123620440,344.6292,118.2034,-99
8123653773,346.2212,117.7506,-99
8123687106,348.6015,118.2302,-99
8123720439,350.7985,118.5945,-99
8123753772,353.0569,118.8639,-99
8123787105,355.1458,118.901,-99
8123820438,356.8106,118.9697,-99
8123853771,359.3971,119.5,-99
8123887104,361.203,119.3409,-99
8123920437,363.6377,119.1135,-99
8123953770,366.4149,118.3557,-99
8123987103,367.9453,118.1302,-99
8124020436,368.6357,117.5678,-99
8124053769,370.2065,115.9402,-99
8124087102,371.3167,114.217,-99
8124120435,373.3327,114.9371,-99
8124153768,376.1741,113.9315,-99
8124187101,376.3083,113.0917,-99
8124220434,377.7236,112.8813,-99
8124253767,379.7958,112.6938,-99
8124287100,381.6268,113.5986,-99
8124320433,383.4634,115.1022,-99
8124353766,385.4215,117.1515,-99
8124395898,387.0824,119.6245,-99
8124429231,388.5301,121.1372,-99
8124462564,390.4063,122.7656,-99
8124495897,392.9772,124.0911,-99
8124529230,396.8381,126.8165,-99
8124562563,399.0298,129.6157,-99
8124595896,401.0745,132.7747,-99
8124629229,401.8261,135.1087,-99
8124662562,403.2623,136.9566,-99
8124695895,404.4946,138.2004,-99
8124729228,405.9962,139.9062,-99
8124762561,407.1099,140.0819,-99
8124795894,407.7129,138.8638,-99
8124829227,409.5642,139.9685,-99
8124862560,411.0284,140.2972,-99
8124895893,411.9517,139.9873,-99
8124929226,413.6402,138.4393,-99
8124962559,416.1071,139.4706,-99
8124995892,417.7977,140.0813,-99
8125029225,419.9796,139.8216,-99
8125062558,421.8098,140.6993,-99
8125095891,423.7799,141.8627,-99
8125129224,426.0891,143.2509,-99
8125162557,428.157,145.1399,-99
8125195890,429.0035,146.9895,-99
8125229223,430.7002,148.539,-99
8125262556,433.3205,150.5385,-99
8125295889,434.6481,152.8012,-99
8125329222,437.4016,154.6581,-99
8125362555,438.8724,157.0255,-99
8125395888,440.6075,159.8797,-99
8125429221,442.4305,162.4127,-99
8125462554,443.3094,163.8024,-99
8125495887,444.5113,164.5945,-99
8125529220,446.272,165.7067,-99
8125562553,447.0771,167.2468,-99
8125595886,447.638,168.4704,-99
8125629219,438.7556,180.7455,-99
8125662552,430.0117,193.1595,-99
8125695885,439.6851,181.9356,-99
8125729218,446.2717,173.8599,-99
8125762551,446.7437,175.8507,-99
8125795884,446.9707,176.742,-99
8125829217,448.0446,177.892,-99
8125862550,450.4744,179.6615,-99
8125895883,451.1852,181.5309,-99
8125929216,451.6935,183.5687,-99
8125962549,452.9105,185.2598,-99
8125995882,454.2568,186.3658,-99
8126029215,454.4039,189.3928,-99
8126062548,456.1483,190.9588,-99
8126095881,458.9679,193.4706,-99
8126129214,460.8937,191.8,-99
8126162547,460.0093,191.9348,-99
8126195880,459.4749,193.4808,-99
8126229213,458.3096,194.8826,-99
8126262546,457.2926,201.6051,-99
8126295879,458.2334,205.0403,-99
8126329212,459.8483,210.2781,-99
8126362545,460.9419,211.9087,-99
8126395878,461.2627,214.2288,-99
8126429211,461.0706,215.8929,-99
8126462544,461.6716,219.25,-99
8126495877,463.3556,220.3926,-99
8126529210,464.6228,222.1513,-99
8126562543,466.1274,223.9136,-99
8126595876,466.9421,225.2376,-99
8126629209,467.1392,226.4773,-99
8126662542,466.3979,225.7113,-99
8126695875,467.465,228.1688,-99
8126729208,467.6485,230.7394,-99
8126762541,468.0028,234.6779,-99
8126795874,467.5452,236.678,-99
8126829207,465.7281,238.2076,-99
8126862540,464.6696,240.8083,-99
8126895873,467.5463,243.7381,-99
8126929206,468.9503,242.8713,-99
8126962539,469.331,244.1167,-99
8126995872,470.2706,245.5,-99
8127029205,471.0939,246.6681,-99
8127062538,471.6979,247.95,-99
8127095871,472.5101,249.0827,-99
8127129204,472.0259,251.0047,-99
8127162537,473.0563,251.9898,-99
8127195870,474.3018,253.4738,-99
8127229203,475.4131,254.7974,-99
8127262536,475.3385,257.6016,-99
8127295869,476.8591,260.0962,-99
8127329202,478.3621,261.6358,-99
8127362535,478.7434,263.3096,-99
8127395868,479.6149,263.6783,-99
8127429201,478.8475,265.6993,-99
8127462534,478.1716,267.4702,-99
8127495867,477.5459,269.1642,-99
8127529200,475.8028,270.4917,-99
8127562533,475.7458,271.9558,-99
8127595866,475.4144,274.3747,-99
8127629199,476.4251,276.8678,-99
8127662532,475.2624,278.1183,-99
8127695865,475.3717,279.3584,-99
8127734745,476.1006,280.5142,-99
8127768078,477.5269,281.3657,-99
8127801411,479.1304,282.3623,-99
8127834744,480.7258,283.006,-99
8127868077,482.7094,283.631,-99
8127901410,483.1086,284.1547,-99
8127934743,482.8076,283.0542,-99
8127968076,483.5119,285.496,-99
8128001409,483.8213,287.1425,-99
8128034742,482.5564,289.4846,-99
8128068075,480.5128,292.1154,-99
8128101408,478.4706,293.2206,-99
8128134741,476.4194,294.7698,-99
8128168074,474.2387,295.4925,-99
8128201407,472.3772,295.5682,-99
8128234740,470.9023,296.3856,-99
8128268073,469.93,297.275,-99
8128301406,469.2773,297.3246,-99
8128334739,468.1475,298.4343,-99
8128368072,468.4952,300.1899,-99
8128401405,468.2618,304.2371,-99
8128434738,468.55,307.186,-99
8128468071,466.808,309.004,-99
8128501404,466.3252,311.0654,-99
8128534737,464.1047,312.6386,-99
8128568070,460.8945,314.4604,-99
8128601403,457.785,316.6065,-99
8128634736,454.9756,317.1298,-99
8128668069,451.638,318.1585,-99
8128701402,448.3651,317.7446,-99
8128734735,442.9128,318.8459,-99
8128768068,442.2827,320.5707,-99
8128801401,446.2586,326.4081,-99
8128834734,446.0615,317.8659,-99
8128868067,441.3298,319.617,-99
8128901400,442.5727,330.3182,-99
8128934733,444.2641,327.0598,-99
8128968066,444.3965,326.5739,-99
8129001399,443.0447,327.995,-99
8129034732,442.6675,330.439,-99
8129068065,441.0105,332.7868,-99
8129101398,438.7549,333.0891,-99
8129134731,437.9924,335.9443,-99
8129168064,436.7277,337.2649,-99
8129201397,436.598,339.4491,-99
8129234730,433.6596,341.5094,-99
8129268063,431.9142,343.1118,-99
8129301396,429.92,345.1978,-99
8129334729,426.9372,346.1973,-99
8129368062,425.9421,347.7929,-99
8129401395,426.2192,350.4475,-99
8129434728,423.8154,352.5868,-99
8129468061,424.8802,355.0501,-99
8129501394,425.9947,354.8777,-99
8129534727,424.5566,356.2094,-99
8129568060,423.4895,358.187,-99
8129601393,421.0145,360.7019,-99
8129634726,420.0565,361.6799,-99
8129668059,419.2778,362.6945,-99
8129701392,418.8483,362.8697,-99
8129734725,419.3393,363.1542,-99
8129768058,422.4259,367.6741,-99
8129801391,421.6923,367.0062,-99
8129834724,421.0481,364.6346,-99
8129868057,421.3703,365.2854,-99
8129901390,421.7117,364.9302,-99
8129934723,421.8005,365.5385,-99
8129968056,421.0976,366.8839,-99
8130001389,421.4717,366.4933,-99
8130034722,420.3587,366.8698,-99
8130068055,419.726,368.3397,-99
8130101388,418.3181,367.9255,-99
8130134721,417.7756,372.4961,-99
8130168054,417.6889,371.1333,-99
8130201387,416.9082,369.6576,-99
8130234720,414.7822,369.6888,-99
8130268053,412.7849,369.2262,-99
8130301386,413.6415,368.69,-99
8130334719,415.494,370.4524,-99
8130368052,414.5166,371.9641,-99
8130401385,414.8518,370.563,-99
8130434718,411.835,372.9663,-99
8130468051,407.8777,377.0665,-99
8130501384,407.4716,379.9879,-99
8130534717,404.0466,385.8416,-99
8130568050,402.8996,390.556,-99
8130601383,404.3638,386.3844,-99
8130634716,403.9588,382.9026,-99
8130668049,405.5086,389.3149,-99
8130701382,403.6333,390.4067,-99
8130734715,395.7476,396.7719,-99
8130768048,393.7361,399.8071,-99
8130801381,388.8694,395.9691,-99
8130834714,391.0935,394.8272,-99
8130868047,392.4765,389.7906,-99
8130901380,390.5,388.6319,-99
8130934713,388.8111,387.9618,-99
8130968046,389.9653,387.459,-99
8131001379,388.1902,387.3404,-99
8131034712,386.9375,387.2716,-99
8131061341,385.8997,387.5465,-99
8131094674,384.6511,387.08,-99
8131128007,382.9378,387.4356,-99
8131161340,381.9083,387.2477,-99
8131194673,381.7166,385.7619,-99
8131228006,381.2115,385.3304,-99
8131261339,379.7285,386.25,-99
8131294672,378.5115,386.6284,-99
8131328005,378.2953,388.2658,-99
8131361338,378.1417,388.3502,-99
8131394671,377.384,389.9548,-99
8131428004,376.8828,391.2469,-99
8131461337,375.2789,392.3469,-99
8131494670,374.1435,392.6166,-99
8131528003,372.6953,395.3138,-99
8131561336,371.2529,396.8437,-99
8131594669,368.5844,401.2494,-99
8131628002,366.7043,402.5618,-99
8131661335,364.1479,402.6855,-99
8131694668,361.5552,404.1492,-99
8131728001,359.0273,403.603,-99
8131761334,356.1765,403.782,-99
8131794667,355.6421,405.7557,-99
8131828000,353.994,407.4351,-99
8131861333,352.3537,409.3183,-99
8131894666,351.8638,411.2848,-99
8131927999,350.596,409.2394,-99
8131961332,348.8381,407.7702,-99
8131994665,347.2294,407.828,-99
8132027998,345.7102,407.8053,-99
8132061331,344.1645,407.2622,-99
8132094664,343.0862,406.6531,-99
8132127997,342.3385,405.9385,-99
8132161330,341.2707,404.924,-99
8132194663,339.7787,403.5271,-99
8132227996,338.3832,402.1837,-99
8132261329,337.7017,399.2332,-99
8132294662,336.4447,398.3761,-99
8132327995,335.2232,397.4214,-99
8132361328,334.1104,395.3615,-99
8132394661,331.6613,394.5179,-99
8132427994,329.9737,395.3394,-99
8132461327,328.4836,395.5609,-99
8132494660,326.9676,396.1562,-99
8132527993,325.8469,396.9306,-99
8132561326,324.7832,398.2564,-99
8132594659,323.3801,399.9299,-99
8132627992,321.7248,400.2064,-99
8132661325,319.6923,399.6833,-99
8132694658,316.2645,399.1871,-99
8132730320,313.3899,399.5996,-99
8132763653,310.7165,399.9767,-99
8132796986,309.1503,400.5029,-99
8132830319,307.9084,401.0097,-99
8132863652,308.3501,400.5194,-99
8132896985,307.9574,400.6233,-99
8132930318,306.8538,401.0511,-99
8132963651,306.5796,400.5995,-99
8132996984,306.3498,400.843,-99
8133030317,305.8526,400.9607,-99
8133063650,305.0167,402.0406,-99
8133096983,304.0381,402.1771,-99
8133130316,302.4955,402.6682,-99
8133163649,300.7687,403.9636,-99
8133196982,299.5991,404.7996,-99
8133230315,299.0137,405.2192,-99
8133263648,297.0392,406.1133,-99
8133296981,295.7943,406.3628,-99
8133330314,293.3938,406.0818,-99
8133363647,290.63,404.9686,-99
8133396980,289.1492,403.6457,-99
8133430313,288.3395,400.4896,-99
8133463646,286.4755,398.8652,-99
8133496979,285.6197,396.0869,-99
8133530312,283.9953,394.6028,-99
8133563645,282.5576,393.3529,-99
8133596978,280.9955,392.0729,-99
8133630311,277.9182,391.6773,-99
8133663644,275.6841,391.8954,-99
8133696977,272.7359,391.7201,-99
8133730310,270.6711,390.7867,-99
8133763643,269.8322,389.1002,-99
8133796976,269.5273,387.4455,-99
8133830309,267.5446,385.6602,-99
8133863642,266.8054,383.5517,-99
8133896975,265.6729,381.5835,-99
8133930308,265.4619,380.0742,-99
8133963641,263.5613,381.015,-99
8133996974,262.4707,381.3926,-99
8134030307,260.346,382.2278,-99
8134063640,257.8073,383.7302,-99
8134096973,255.1718,385.5352,-99
8134130306,253.4988,387.3794,-99
8134163639,252.2145,387.441,-99
8134196972,250.1561,387.2439,-99
8134230305,248.0157,385.9485,-99
8134263638,247.2678,384.7346,-99
8134296971,244.3366,382.6388,-99
8134330304,244.3373,380.9528,-99
8134363637,242.3506,379.1358,-99
8134403440,241.2821,377.1235,-99
8134436773,237.5347,375.1134,-99
8134470106,235.3555,374.4518,-99
8134503439,232.9374,372.1461,-99
8134536772,230.5613,372.0495,-99
8134570105,229.3009,370.8805,-99
8134603438,228.7319,370.083,-99
8134636771,230.0686,369.1678,-99
8134670104,229.1738,368.0378,-99
8134703437,229.3275,366.6774,-99
8134736770,229.036,365.7458,-99
8134770103,229.4459,365.1372,-99
8134803436,229.1133,363.0511,-99
8134836769,227.5742,363.0817,-99
8134870102,226.2203,362.9633,-99
8134903435,224.9864,362.9842,-99
8134936768,223.75,363.063,-99
8134970101,223.164,362.5809,-99
8135003434,222.4956,362.1454,-99
8135036767,221.6456,361.7174,-99
8135070100,220.3439,361.3991,-99
8135103433,218.8798,361.1695,-99
8135136766,217.1279,360.9041,-99
8135170099,215.7197,360.5266,-99
8135203432,215.3623,360.9154,-99
8135236765,214.9395,361.4233,-99
8135270098,213.9246,360.8125,-99
8135303431,213.7968,361.1422,-99
8135336764,214.6959,361.5353,-99
8135370097,215.0805,359.7403,-99
8135403430,214.3857,357.9122,-99
8135436763,214.3991,357.2124,-99
8135470096,215.1971,356.6983,-99
8135503429,215.2868,354.5711,-99
8135536762,214.7081,351.1459,-99
8135570095,214.184,348.9758,-99
8135603428,214.4819,346.6425,-99
8135636761,214.2517,345.4172,-99
8135670094,212.837,342.3152,-99
8135703427,212.0512,341.4139,-99
8135736760,210.5691,339.4286,-99
8135770093,208.8275,338.3799,-99
8135803426,208.9266,337.9633,-99
8135836759,207.9723,337.6882,-99
8135870092,206.0979,337.5245,-99
8135903425,203.7225,337.2247,-99
8135936758,201.0479,337.0297,-99
8135970091,198.5841,337.0841,-99
8136003424,195.725,337.4568,-99
8136036757,194.4039,337.3261,-99
8136070090,192.9123,336.8333,-99
8136103423,191.6344,336.7401,-99
8136136756,189.7877,336.1136,-99
8136170089,188.664,335.4427,-99
8136203422,187.8491,334.9299,-99
8136236755,186.7686,333.4833,-99
8136270088,185.7092,332.0571,-99
8136303421,185.0105,330.8456,-99
8136336754,185.4326,328.8213,-99
8136370087,186.2513,326.7968,-99
8136403420,186.7256,326.0686,-99
8136436753,186.5929,323.7568,-99
8136470086,188.8899,322.4215,-99
8136503419,188.4327,322.3726,-99
8136536752,186.7929,322.1894,-99
8136570085,186.1166,322.5363,-99
8136603418,186.2111,322.8794,-99
8136636751,185.1512,323.7056,-99
8136670084,185.4079,324.0105,-99
8136703417,185.4329,324.0709,-99
8136736750,184.4832,323.7752,-99
8136770083,184.776,323.6875,-99
8136803416,185.017,324.1558,-99
8136836749,185.9702,324.6756,-99
8136870082,186.3343,323.5269,-99
8136903415,187.5362,322.8123,-99
8136936748,189.8697,322.1898,-99
8136970081,189.9916,319.1317,-99
8137003414,192.5308,318.6217,-99
8137036747,192.5287,315.2902,-99
8137070080,193.31,313.1375,-99
8137103413,194.4431,310.4158,-99
8137136746,194.1658,308.3512,-99
8137170079,194.4393,306.8863,-99
8137203412,193.5448,305.399,-99
8137236745,191.7554,303.9467,-99
8137270078,190.7054,302.7995,-99
8137303411,189.2076,301.5139,-99
8137336744,186.6593,299.7476,-99
8137370077,184.3531,298.6289,-99
8137403410,182.659,298.2646,-99
8137436743,179.7713,295.7129,-99
8137470076,177.07,293.5575,-99
8137503409,175.1285,291.6524,-99
8137536742,172.7354,291.2423,-99
8137570075,171.3413,290.3042,-99
8137603408,169.8161,287.1638,-99
8137636741,169.7792,285.7891,-99
8137670074,171.458,281.6526,-99
8137703407,171.2097,281.4194,-99
8137738146,171.3895,278.8737,-99
8137771479,173.0473,279.0279,-99
8137804812,173.0806,276.4812,-99
8137838145,174.4448,275.9816,-99
8137871478,175.8868,273.8356,-99
8137904811,176.2782,272.4105,-99
8137938144,177.2844,270.3914,-99
8137971477,179.1155,269.0682,-99
8138004810,180.4197,264.7867,-99
8138038143,182.1049,263.822,-99
8138071476,182.9436,262.8064,-99
8138104809,183.8095,261.336,-99
8138138142,184.0638,260.9643,-99
8138171475,184,259.9196,-99
8138204808,183.3957,260.0695,-99
8138238141,182.7732,259.5707,-99
8138271474,179.9372,256.5411,-99
8138304807,179.7658,256.2904,-99
8138338140,177.9351,253.4423,-99
8138371473,178.134,253.0965,-99
8138404806,178.3284,252.4826,-99
8138438139,177.1818,248.7017,-99
8138471472,179.9543,249.1156,-99
8138504805,179.9486,246.7558,-99
8138538138,179.5581,244.8983,-99
8138571471,180.2377,244.959,-99
8138604804,180.8204,245.0691,-99
8138638137,181.3788,244.7112,-99
8138671470,181.1217,244.4788,-99
8138704803,180.7116,243.0661,-99
8138738136,180.4581,242.3156,-99
8138771469,180.8786,242.4005,-99
8138804802,180.4514,242.8513,-99
8138838135,180.8678,242.3142,-99
8138871468,181.019,241.5136,-99
8138904801,182.1816,242.6237,-99
8138938134,183.2809,242.6443,-99
8138971467,185.279,242.4113,-99
8139004800,186.4548,241.4977,-99
8139038133,187.4225,241.115,-99
8139071466,187.6271,241.0618,-99
8139104799,186.4845,239.0048,-99
8139138132,185.7063,237.9044,-99
8139171465,185.2678,236.6872,-99
8139204798,183.6268,234.661,-99
8139238131,183.348,234.5245,-99
8139271464,182.9311,232.6143,-99
8139304797,183.865,231.7989,-99
8139338130,185.366,230.1651,-99
8139371463,185.1953,228.0573,-99
9011082717,185.5805,228.2375,-99
9011116050,185.1378,226.9023,-99
9011149383,185.5747,226.0136,-99
9011182716,184.2947,224.1688,-99
9011216049,183.7753,223.5051,-99
9011249382,183.6787,223.1015,-99
9011282715,183.2897,222.7615,-99
9011316048,184.1861,222.2765,-99
9011349381,185.9677,220.209,-99
9011382714,187.1167,219.7005,-99
9011416047,187.5824,218.8747,-99
9011449380,188.3193,218.5371,-99
9011482713,187.4859,218.3962,-99
9011516046,187.1647,218,-99
9011549379,187.297,218.0696,-99
9011582712,187.1235,217.5593,-99
9011616045,187.4383,218.3947,-99
9011649378,188.025,219.2375,-99
9011682711,188.9251,219.8876,-99
9011716044,190.687,219.7739,-99
9011749377,191.4545,218.3988,-99
9011782710,191.8033,217.8172,-99
9011816043,190.4428,218.0723,-99
9011849376,189.0407,218.2093,-99
9011882709,187.7374,218.6006,-99
9011916042,188.5827,217.237,-99
9011949375,187.3975,217.5284,-99
9011982708,187.1061,217.1602,-99
9012016041,186.8348,217.5407,-99
9012049374,185.5419,218.4293,-99
9012082707,185.8691,217.6387,-99
9012116040,186.6503,218.1503,-99
9012149373,188.567,218.5296,-99
9012182706,191.1064,219.1,-99
9012216039,192.9316,219.5179,-99
9012249372,193.2765,219.4823,-99
9012282705,192.6516,218.1323,-99
9012316038,190.8291,216.2745,-99
9012349371,189.2514,214.7652,-99
9012382704,186.6081,212.0216,-99
9012416037,184.4016,209.7332,-99
9012449370,183.384,208.3173,-99
9012482703,183.0771,207.285,-99
9012516036,182.9919,205.69,-99
9012549369,184.573,204.3113,-99
9012582702,185.9312,202.4054,-99
9012616035,188.1508,202.3643,-99
9012649368,189.9712,201.5492,-99
9012682701,190.4722,201.244,-99
9012716034,190.9711,200.4306,-99
9012767198,191.0138,199.0442,-99
9012800531,191.4068,198.0341,-99
9012833864,191.7692,195.2759,-99
9012867197,192.5707,192.534,-99
9012900530,192.1422,189.7576,-99
9012933863,193.1565,188.3369,-99
9012967196,193.5701,186.0414,-99
9013000529,197.0775,185.3414,-99
9013033862,198.9804,182.9022,-99
9013067195,201.2205,181.6591,-99
9013100528,203.0565,179.3959,-99
9013133861,204.1065,178.5325,-99
9013167194,205.1397,178.0221,-99
9013200527,206.795,177.8144,-99
9013233860,207.2161,177.5596,-99
9013267193,207.4113,175.9812,-99
9013300526,208.6328,173.7816,-99
9013333859,210.3889,171.8599,-99
9013367192,211.387,169.8078,-99
9013400525,212.4646,166.1394,-99
9013433858,213.8675,165.4024,-99
9013467191,214.7022,164.8139,-99
9013500524,214.8775,163.8897,-99
9013533857,214.5645,162.4608,-99
9013567190,214.3409,162.767,-99
9013600523,214.3548,161.8602,-99
9013633856,214.384,160.1804,-99
9013667189,214.955,158.1323,-99
9013700522,216.7887,157.3943,-99
9013733855,218.1897,156.9231,-99
9013767188,219.951,155.624,-99
9013800521,222.7935,153.7114,-99
9013833854,225.4453,153.3073,-99
9013867187,228.4293,150.8854,-99
9013900520,231.0737,149.8368,-99
9013933853,234.1212,148.7702,-99
9013967186,357.0899,319.2382,-99
9014000519,359.1764,318.1472,-99
9014033852,357.9601,313.4946,-99
9014067185,357.3609,312.0203,-99
9014100518,353.7903,303.203,-99
9014133851,360.2817,321.8577,-99
9014167184,364.0087,331.3627,-99
9014200517,365.2238,332.6205,-99
9014233850,363.0314,324.1858,-99
9014267183,363.3972,322.6958,-99
9014300516,364.0401,323.0788,-99
9014333849,364.7641,323.2797,-99
9014367182,364.4026,321.7561,-99
9014400515,367.3494,331.0723,-99
9014436145,368.4456,334.6338,-99
9014469478,366.8629,335.4302,-99
9014502811,363.0195,330.9818,-99
9014536144,362.1028,335.3574,-99
9014569477,357.4666,330.5914,-99
9014602810,351.0132,314.6212,-99
9014636143,346.4674,302.5684,-99
9014669476,352.3613,323.3819,-99
9014702809,352.157,318.0689,-99
9014736142,354.1769,330.121,-99
9014769475,353.871,321.5664,-99
9014802808,353.5488,318.9406,-99
9014836141,353.4508,317.7555,-99
9014869474,353.8956,320.091,-99
9014902807,354.0522,321.4712,-99
9014936140,354.8264,321.6985,-99
9014969473,356.1447,332.2213,-99
9015002806,357.7583,333.1197,-99
9015036139,359.1111,336.4445,-99
9015069472,358.2481,330.3491,-99
9015102805,354.9091,324.3121,-99
9015136138,354.6194,326.7188,-99
9015169471,353.5341,328.2835,-99
9015202804,352.4479,335.6786,-99
9015236137,352.1303,337.9686,-99
9015269470,349.906,327.2766,-99
9015302803,349.5468,333.6389,-99
9015336136,348.4773,332.0027,-99
9015369469,346.3804,321.2734,-99
9015402802,346.1223,312.9355,-99
9015436135,346.6662,317.3966,-99
9015469468,349.4955,332.6274,-99
9015502801,347.5579,327.7503,-99
9015536134,347.5233,323.4869,-99
9015569467,348.1731,324.897,-99
9015602800,349.4351,319.9849,-99
9015636133,348.3771,310.2359,-99
9015669466,344.2466,294.8786,-99
9015702799,347.8029,304.8602,-99
9015736132,349.1564,309.1265,-99
9015769465,352.2742,320.6362,-99
9015802798,351.4468,320.382,-99
9015836131,347.7107,308.8982,-99
9015869464,344.8927,302.678,-99
9015902797,341.5342,293.3531,-99
9015936130,342.3893,296.5714,-99
9015969463,343.7959,300.2693,-99
9016002796,344.9407,301.4051,-99
9016036129,347.5366,307.1688,-99
9016069462,350.3442,314.935,-99
9016102795,352.9632,326.385,-99
9016136128,354.6289,333.289,-99
9016169461,354.8441,334.7326,-99
9016202794,353.8753,327.0903,-99
9016236127,355.0495,330.8828,-99
9016269460,356.4125,331.8335,-99
9016302793,357.4462,331.6076,-99
9016336126,359.351,335.5842,-99
9016369459,360.8741,335.3147,-99
9016402792,362.0486,336.4923,-99
9016436125,360.8637,335.0688,-99
9016469458,360.9261,336.8838,-99
9016502791,360.3848,337.2231,-99
9016536124,360.1641,335.9388,-99
9016569457,361.1539,342.326,-99
9016602790,361.4425,343.1192,-99
9016636123,357.4576,323.0936,-99
9016669456,354.1846,318.6393,-99
9016702789,357.4978,328.653,-99
9016736122,350.6241,307.1649,-99
9016769455,357.6973,325.2244,-99
9016802788,362.7747,334.2912,-99
9016836121,362.9409,330.2565,-99
9016869454,364.9362,332.5737,-99
9016902787,364.2135,326.1644,-99
9016936120,360.617,313.6846,-99
9016969453,366.0655,319.5057,-99
9017002786,363.5958,310.3357,-99
9017036119,367.3299,315.5561,-99
9017069452,372.7943,324.8501,-99
9017102785,383.5525,343.6035,-99
9017136118,383.7555,343.0132,-99
9017169451,379.3187,332.1558,-99
9017202784,374.3062,320.56,-99
9017236117,374.7671,322.7322,-99
9017269450,374.8754,323.2116,-99
9017302783,373.1197,320.2576,-99
9017336116,375.7326,326.2219,-99
9017369449,373.4985,322.5015,-99
9017402782,371.6484,318.3078,-99
9017436115,371.7389,318.9554,-99
9017469448,372.7336,322.6146,-99
9017502781,373.7446,325.0736,-99
9017536114,373.4594,325.6841,-99
9017569447,371.6957,323.127,-99
9017602780,370.0912,321.3812,-99
9017636113,370.6956,324.9855,-99
9017669446,369.5132,324.174,-99
9017702779,370.5476,331.9678,-99
9017736112,369.5064,336.6302,-99
9017778244,366.5839,337.6013,-99
9017811577,362.2474,335.7629,-99
9017844910,358.8501,336.1779,-99
9017878243,356.4295,338.3929,-99
9017911576,353.6736,333.4966,-99
9017944909,349.399,325.0275,-99
9017978242,346.87,319.415,-99
9018011575,351.4924,325.2188,-99
9018044908,350.3461,333.8509,-99
9018078241,350.5868,342.2751,-99
9018111574,350.5409,341.444,-99
9018144907,350.1006,343.4473,-99
9018178240,349.8507,342.3661,-99
9018211573,349.2503,341.2902,-99
9018244906,349.1162,337.4355,-99
9018278239,349.2123,340.8467,-99
9018311572,349.2202,337.009,-99
9018344905,350.1643,345.2471,-99
9018378238,350.4224,341.8141,-99
9018411571,349.9028,331.2641,-99
9018444904,348.7321,328.6859,-99
9018478237,348.8594,336.4308,-99
9018511570,348.2885,339.6841,-99
9018544903,347.4961,340.293,-99
9018578236,347.0345,340.8255,-99
9018611569,346.86,341.5995,-99
9018644902,347.1261,343.2098,-99
9018678235,346.6675,342.6138,-99
9018711568,345.9456,340.9405,-99
9018744901,345.3513,343.1769,-99
9018778234,345.1468,345.7231,-99
9018811567,344.5858,346.157,-99
9018844900,343.326,344.9576,-99
9018878233,342.9846,342.5757,-99
9018911566,342.7616,338.9325,-99
9018944899,343.1146,344.0473,-99
9018978232,343.4861,348.5531,-99
9019011565,342.8447,346.1456,-99
9019044898,342.549,337.4242,-99
9019078231,342.2282,335.7817,-99
9019111564,341.6378,338.0041,-99
9019144897,341.1362,338.6499,-99
9019178230,341.2252,348.7631,-99
9019211563,340.9976,349.3397,-99
9019244896,339.6575,345.8917,-99
9019278229,338.3409,344.5353,-99
9019311562,336.7306,346.415,-99
9019344895,335.2836,344.1132,-99
9019378228,333.7819,344.8023,-99
9019411561,332.4404,345.8122,-99
9019444894,330.8278,344.2423,-99
9019478227,329.2899,343.5,-99
9019511560,328.3108,341.8244,-99
9019544893,327.2653,342.5497,-99
9019578226,326.4286,342.2768,-99
9019611559,325.2708,342.8803,-99
9019644892,324.3449,346.9844,-99
9019678225,323.4736,343.0348,-99
9019711558,322.5214,342.9698,-99
9019744891,321.8289,344.4807,-99
9019778224,321.448,343.2043,-99
9019811557,320.9451,345.3956,-99
9019844890,321.0236,349.2758,-99
9019878223,321.0373,352.6764,-99
9019911556,321.1077,354.8077,-99
9019944889,320.3036,347.6901,-99
9019978222,319.7649,343.9987,-99
9020011555,319.2484,348.8752,-99
9020044888,318.6445,363.5463,-99
9020078221,316.5326,380.2156,-99
9020111554,315.2375,383.9487,-99
9020144887,315.5745,385.8032,-99
9020178220,314.2496,382.9307,-99
9020211553,315.2952,366.4524,-99
9020244886,320.2231,346.1064,-99
9020278219,320.3188,347.0768,-99
9020311552,311.0437,375.8854,-99
9020344885,302.0346,402.9272,-99
9020378218,298.4156,405.4657,-99
9020411551,295.7802,405.4378,-99
9020444884,294.5268,404.9393,-99
9020478217,291.8711,403.9931,-99
9020511550,289.6708,403.8838,-99
9020544883,287.4192,401.8771,-99
9020578216,305.516,359.4256,-99
9020611549,298.0923,370.9002,-99
9020644882,282.1081,399.9744,-99
9020678215,279.9281,399.5877,-99
9020711548,277.531,399.1257,-99
9020744881,274.4124,398.9897,-99
9020778214,272.6136,398.4276,-99
9020811547,270.0488,396.6655,-99
9020844880,268.9022,395.8079,-99
9020878213,267.1215,395.0581,-99
9020911546,265.8716,395.6484,-99
9020944879,265.1447,395.6689,-99
9020978212,264.9141,395.7613,-99
9021011545,264.1603,396.6591,-99
9021044878,263.4114,397.0318,-99
9021078211,263.6009,398.2948,-99
9021107371,263.3798,399.9249,-99
9021140704,262.8096,401.5624,-99
9021174037,262.1323,403.9888,-99
9021207370,258.596,405.7129,-99
9021240703,257.6364,405.9668,-99
9021274036,256.644,407.046,-99
9021307369,255.4133,406.5068,-99
9021340702,255.8497,405.1102,-99
9021374035,257.2262,404.7019,-99
9021407368,256.9557,402.1219,-99
9021440701,256.2882,400.5432,-99
9021474034,256.4099,397.103,-99
9021507367,253.2864,395.4865,-99
9021540700,253.6655,394.056,-99
9021574033,253.7013,392.2838,-99
9021607366,251.2919,391.5443,-99
9021640699,250.9373,391.0904,-99
9021674032,248.5368,389.607,-99
9021707365,248.3159,390.0561,-99
9021740698,247.0403,390.3941,-99
9021774031,244.9446,389.1365,-99
9021807364,244.5179,388.2183,-99
9021840697,245.4831,388.4607,-99
9021874030,245.8636,388.9234,-99
9021907363,246.3047,389.6768,-99
9021940696,246.2217,389.4301,-99
9021974029,243.9545,388.2964,-99
9022007362,244.3834,391.6689,-99
9022040695,242.625,393.0771,-99
9022074028,241.3514,392.2665,-99
9022107361,240.4173,392.937,-99
9022140694,239.5345,392.643,-99
9022174027,239.4714,392.1834,-99
9022207360,237.0068,390.5605,-99
9022240693,236.8253,389.1961,-99
9022274026,235.7989,387.769,-99
9022307359,235.8716,384.9493,-99
9022340692,236.4012,382.9763,-99
9022374025,235.7644,382.0965,-99
9022407358,234.0829,380.7495,-99
9022440691,233.3954,378.3411,-99
9022474024,232.6372,376.5443,-99
9022507357,232.7954,373.826,-99
9022540690,233.1711,372.5052,-99
9022574023,233.9068,371.6271,-99
9022607356,234.31,369.7915,-99
9022640689,235.2061,368.5897,-99
9022674022,237.07,368.3025,-99
9022707355,237.1766,368.6996,-99
9022740688,236.5832,368.3933,-99
9022771490,237.2357,370.0308,-99
9022804823,236.1713,370.3864,-99
9022838156,234.8852,371.6342,-99
9022871489,233.1875,372.6016,-99
9022904822,231.2824,372.9447,-99
9022938155,229.119,373.2379,-99
9022971488,226.481,372.6825,-99
9023004821,224.6724,371.5395,-99
9023038154,223.4053,370.7649,-99
9023071487,221.9763,370.6095,-99
9023104820,221.1159,369.8691,-99
9023138153,219.355,369.132,-99
9023171486,219.0451,368.2961,-99
9023204819,217.1332,366.0576,-99
9023238152,215.8428,365.0755,-99
9023271485,214.1309,363.7363,-99
9023304818,213.8493,362.6196,-99
9023338151,213.3306,361.2837,-99
9023371484,212.1832,360.0936,-99
9023404817,212.9592,359.7596,-99
9023438150,212.5462,358.3758,-99
9023471483,212.435,356.9803,-99
9023504816,211.523,356.7107,-99
9023538149,211.0235,355.4467,-99
9023571482,208.761,355.6653,-99
9023604815,208.108,355.515,-99
9023638148,204.6742,353.3575,-99
9023671481,202.1426,350.2168,-99
9023704814,200.0482,349.0161,-99
9023738147,199.8678,349.1717,-99
9023771480,198.9235,347.7781,-99
9023804813,198.599,347.5964,-99
9023838146,197.9235,347.4433,-99
9023871479,196.5668,348.267,-99
9023904812,196.0799,348.9871,-99
9023938145,195.6574,350.2766,-99
9023971478,194.6298,350.3918,-99
9024004811,193.506,350.8626,-99
9024038144,192.9495,352.255,-99
9024071477,192.2897,353.3318,-99
9024104810,191.0423,352.7423,-99
9024138143,190.7422,352.0987,-99
9024171476,191.2408,353.2081,-99
9024204809,190.4192,351.5749,-99
9024238142,190.063,349.8779,-99
9024271475,190.464,349.6026,-99
9024304808,191.7124,349.1842,-99
9024338141,194.0589,348.6443,-99
9024371474,194.35,345.8269,-99
9024404807,196.6194,343.9641,-99
9024443688,198.5295,340.6039,-99
9024477021,199.5919,336.728,-99
9024510354,201.1872,335.7963,-99
9024543687,202.4649,333.7087,-99
9024577020,204.2947,334.6368,-99
9024610353,204.5523,334.3382,-99
9024643686,203.4852,333.8029,-99
9024677019,203.2632,332.1184,-99
9024710352,200.6717,330.8055,-99
9024743685,199.0433,330.5903,-99
9024777018,196.8451,327.7066,-99
9024810351,195.6373,326.3756,-99
9024843684,193.6034,324.7129,-99
9024877017,192.1959,321.7277,-99
9024910350,190.4387,319.2736,-99
9024943683,189.6278,318.3524,-99
9024977016,188.3589,316.8069,-99
9025010349,186.9788,315.6614,-99
9025043682,186.6803,315.1448,-99
9025077015,185.7778,315.4959,-99
9025110348,185.2006,314.9109,-99
9025143681,184.0517,314.6667,-99
9025177014,183.8152,314.8886,-99
9025210347,182.8686,315.3943,-99
9025243680,181.9199,315.9254,-99
9025277013,181.1468,314.4266,-99
9025310346,180.6062,313.2671,-99
9025343679,179.6229,312.4583,-99
9025377012,180.3258,311.2825,-99
9025410345,180.249,308.5059,-99
9025443678,180.1409,305.8919,-99
9025477011,180.5617,303.9532,-99
9025510344,180.4227,299.2387,-99
9025543677,180.4803,295.8209,-99
9025577010,181.8367,294.7015,-99
9025610343,181.1989,290.6866,-99
9025643676,180.8529,287.3924,-99
9025677009,181.4394,285.0784,-99
9025710342,181.2182,281.6786,-99
9025743675,182.4008,276.2025,-99
9025777008,184.1866,273.2842,-99
9025810341,185.3458,269.5417,-99
9025843674,185.8689,267.1409,-99
9025877007,185.2118,265.6141,-99
9025910340,184.629,266.1263,-99
9025943673,183.4634,264.7398,-99
9025977006,182.2413,264.6407,-99
9026010339,181.2984,265.0105,-99
9026043672,180.5923,265.159,-99
9026077005,180.7743,265.5039,-99
9026115917,181.4034,263.8669,-99
9026149250,180.7266,264.4628,-99
9026182583,181.4857,265.0649,-99
9026215916,180.9921,261.9031,-99
9026249249,182.5558,261.6973,-99
9026282582,183.0026,261.5622,-99
9026315915,182.5917,261.571,-99
9026349248,181.5823,260.9038,-99
9026382581,179.764,260.5685,-99
9026415914,178.0759,261.1073,-99
9026449247,175.7698,261.4603,-99
9026482580,174.0919,262.3565,-99
9026515913,172.6906,262.8923,-99
9026549246,170.8912,261.9041,-99
9026582579,169.9774,261.6617,-99
9026615912,169.4612,259.7672,-99
9026649245,170.9028,259.7409,-99
9026682578,172.2939,259.1549,-99
9026715911,172.9852,258.0021,-99
9026749244,174.2443,256.9864,-99
9026782577,176.1498,257.3216,-99
9026815910,177.2254,257.25,-99
9026849243,178.1667,256.671,-99
9026882576,178.476,255.5175,-99
9026915909,178.1535,253.6535,-99
9026949242,178.3205,251.5314,-99
9026982575,178.4519,249.4184,-99
9027015908,178.6452,247.6895,-99
9027049241,179.6621,243.8703,-99
9027082574,181.3109,243.3167,-99
9027115907,182.2304,239.6004,-99
9027149240,183.402,240.3291,-99
9027182573,184.153,236.9563,-99
9027215906,187.08,234.2027,-99
9027249239,189.8255,231.1867,-99
9027282572,191.6299,228.1667,-99
9027315905,192.9493,224.8451,-99
9027349238,194.1457,222.505,-99
9027382571,193.8895,220.0728,-99
9027415904,194.8835,217.443,-99
9027449237,194.6803,216.388,-99
9027482570,194.3545,214.335,-99
9027515903,193.1765,212.238,-99
9027549236,192.6832,209.6287,-99
9027582569,191.9651,207.3512,-99
9027615902,192.0904,204.3233,-99
9027649235,192.9692,202.2962,-99
9027682568,195.3538,197.1227,-99
9027715901,197.2802,193.5447,-99
9027749234,198.1752,189.8366,-99
9027782567,198.2513,187.4326,-99
9027815900,200.9062,184.7185,-99
9027849233,202.9557,181.2422,-99
9027882566,204.4401,177.6458,-99
9027915899,206.0716,173.4668,-99
9027949232,207.8511,169.2686,-99
9027982565,210.7953,164.8118,-99
9028015898,215.764,160.18,-99
9028049231,218.3138,157.5028,-99
9028082564,221.6593,154.5671,-99
9028115897,224.0858,151.922,-99
9028149230,224.1861,149.4529,-99
9028182563,224.528,148.7573,-99
9028215896,224.6589,145.4651,-99
9028249229,224.2766,144.1732,-99
9028282562,224.8356,141.5543,-99
9028315895,225.1456,141.9838,-99
9028349228,224.3711,141.5309,-99
9028382561,224.6237,141.9798,-99
9028415894,226.4253,140.3552,-99
9028449227,229.5664,139.2593,-99
9028482560,232.3863,138.6549,-99
9028515893,235.9433,138.1683,-99
9028549226,239.5624,138.2896,-99
9028582559,243.8517,137.0501,-99
9028615892,248.7258,135.9012,-99
9028649225,253.4441,133.3217,-99
9028682558,255.926,132.969,-99
9028715891,261.0516,131.4319,-99
9028749224,264.1486,129.4623,-99
9028782557,267.5294,128.5652,-99
9028815890,270.7132,126.2843,-99
9028849223,273.2686,125.1223,-99
9028882556,275.5681,123.801,-99
9028915889,278.3333,121.6398,-99
9028949222,283.469,120.1823,-99
9028982555,285.3891,119.703,-99
9029015888,286.7336,118.4461,-99
9029049221,291.8478,116.0814,-99
9029082554,293.947,113.0949,-99
9029115887,296.5527,111.7481,-99
9029149220,299.8942,110.5919,-99
9029182553,303.042,110.2741,-99
9029215886,308.7291,109.9666,-99
9029249219,311.8681,109.7362,-99
9029282552,315.3496,110.1074,-99
9029315885,319.7733,109.9886,-99
9029349218,323.4088,110.8512,-99
9029382551,328.0723,111.1016,-99
9029415884,332.5934,111.4066,-99
9029451515,337.1282,118.4832,-99
9029484848,342.9737,144.9962,-99
9029518181,346.3525,145.0085,-99
9029551514,348.0406,135.0584,-99
9029584847,347.0903,112.1704,-99
9029618180,349.8569,112.9284,-99
9029651513,351.6736,113.5929,-99
9029684846,353.897,114.7703,-99
9029718179,357.381,116.0267,-99
9029751512,360.5612,116.8776,-99
9029784845,364.3653,117.714,-99
9029818178,367.73,118.138,-99
9029851511,372.1307,118.4516,-99
9029884844,375.6404,118.4487,-99
9029918177,378.7121,118.5656,-99
9029951510,381.5788,118.2673,-99
9029984843,383.396,118.6525,-99
9030018176,385.4844,119.4387,-99
9030051509,387.9918,120.8498,-99
9030084842,392.1411,122.5238,-99
9030118175,394.2362,125.0184,-99
9030151508,397.5445,127.5572,-99
9030184841,399.8644,130.3305,-99
9030218174,400.7866,132.3192,-99
9030251507,401.748,133.558,-99
9030284840,403.7885,133.3308,-99
9030318173,405.4191,133.5129,-99
9030351506,405.7177,133.7112,-99
9030384839,406.2369,132.6951,-99
9030418172,407.5893,132.5931,-99
9030451505,408.7068,133.4388,-99
9030484838,408.914,134.0022,-99
9030518171,409.7416,135.9569,-99
9030551504,409.624,138.0992,-99
9030584837,409.5786,140.319,-99
9030618170,411.312,142.6093,-99
9030651503,412.8801,145.7218,-99
9030684836,414.1495,148.8178,-99
9030718169,418.7677,151.3051,-99
9030751502,419.6429,152.798,-99
9030784835,422.666,154.3358,-99
9030818168,424.9601,155.2236,-99
9030851501,427.0021,156.7635,-99
9030884834,428.9091,157.6304,-99
9030918167,431.5137,159.5765,-99
9030951500,432.0529,161.5835,-99
9030984833,434.458,163.2416,-99
9031018166,436.9186,166.2655,-99
9031051499,438.6826,167.2775,-99
9031084832,441.3799,170.9803,-99
9031126964,443.1017,174.5088,-99
9031160297,444.9821,177,-99
9031193630,446.2732,180.38,-99
9031226963,447.4732,182.8642,-99
9031260296,448.37,185.082,-99
9031293629,449.5938,186.9492,-99
9031326962,450.274,187.873,-99
9031360295,452.4057,188.6516,-99
9031393628,454.9264,189.9632,-99
9031426961,455.4836,190.8135,-99
9031460294,454.4534,191.4681,-99
9031493627,454.8041,193.2216,-99
9031526960,455.4044,196.701,-99
9031560293,456.4834,200.0353,-99
9031593626,458.7047,204.6935,-99
9031626959,462.0838,209.1581,-99
9031660292,463.1682,212.2257,-99
9031693625,463.7084,214.9719,-99
9031726958,464.4248,218.8232,-99
9031760291,465.3947,221.1053,-99
9031793624,465.2353,222.0806,-99
9031826957,465.3813,223.4118,-99
9031860290,465.3763,225.0063,-99
9031893623,465.1259,224.6944,-99
9031926956,465.718,226.5022,-99
9031960289,466.39,227.278,-99
9031993622,466.8756,225.6366,-99
9032026955,467.3433,225.4523,-99
9032060288,466.9971,225.2709,-99
9032093621,468.2611,224.6194,-99
9032126954,469.93,224.3499,-99
9032160287,472.2797,222.8305,-99
9032193620,474.7579,220.3718,-99
9032226953,477.2581,218.5935,-99
9032260286,479.4956,215.9359,-99
9032293619,481.2419,213.0148,-99
9032326952,483.1469,214.2873,-99
9032360285,484.7621,212.4375,-99
9032393618,485.8272,211.0019,-99
9032426951,486.6674,210.0917,-99
9032460284,487.3616,210.2929,-99
9032493617,487.3933,210.0356,-99
9032526950,488.2165,211.0557,-99
9032560283,488.1215,211.9308,-99
9032593616,487.9711,212.7148,-99
9032626949,486.5221,213.4358,-99
9032660282,487.3397,212.6449,-99
9032693615,488.0667,212.445,-99
9032726948,487.7581,211.9581,-99
9032760281,488.0026,209.4447,-99
9032793614,488.9006,210.6491,-99
9032826947,490.1494,210.9326,-99
9032860280,489.7189,211.0463,-99
9032893613,490.4421,210.7041,-99
9032926946,490.1172,210.8207,-99
9032960279,490.0089,210.5762,-99
9032993612,489.5367,210.2773,-99
9033026945,488.3168,208.7545,-99
9033060278,488.1101,205.961,-99
9033093611,487.7163,206.0686,-99
9033126944,487.6029,205.8014,-99
9033160277,487.5825,203.965,-99
9033193610,486.9492,203.3118,-99
9033226943,486.7051,202.0798,-99
9033260276,486.8471,200.6985,-99
9033293609,486.9889,200.4633,-99
9033326942,486.7642,199.9569,-99
9033360275,487.162,199.9084,-99
9033393608,487.6963,200.1497,-99
9033426941,488.3364,200.6751,-99
9033460274,489.1131,200.4231,-99
9033493607,489.4941,200.9176,-99
9033526940,489.3388,200.88,-99
9033560273,490.5107,200.3641,-99
9033593606,490.2653,199.3944,-99
9033626939,491.0515,197.9216,-99
9033660272,491.8548,196.8249,-99
9033693605,492.0667,195.0123,-99
9033726938,492.3521,193.544,-99
9033760271,492.3952,192.1357,-99
9033793604,492.6866,191.2742,-99
9033826937,492.8544,189.8592,-99
9033860270,492.7552,189.1144,-99
9033893603,495.1111,190.5829,-99
9033926936,495.9917,190.4552,-99
9033960269,495.2629,190.1421,-99
9033993602,494.3581,189.4951,-99
9034026935,492.8603,188.2162,-99
9034060268,493.0018,190.3232,-99
9034093601,490.2904,192.9722,-99
9034126934,490.14,194.0762,-99
9034160267,489.5188,198.4787,-99
9034193600,487.1801,205.4148,-99
9034226933,483.6076,201.6962,-99
9034260266,481.8107,203.9342,-99
9034293599,477.7893,213.3563,-99
9034326932,474.0724,225.168,-99
9034360265,467.8472,231.5451,-99
9034393598,462.1301,241.4658,-99
9034426931,458.4724,244.2992,-99
9034454482,463.0686,244.6,-99
9034487815,460.7158,236.1193,-99
9034521148,462.3113,235.989,-99
9034554481,463.5138,240.9518,-99
9034587814,464.1859,240.8203,-99
9034621147,464.4261,241.9388,-99
9034654480,464.3077,242.8813,-99
9034687813,463.433,244.9331,-99
9034721146,462.3293,246.9217,-99
9034754479,461.1649,248.6124,-99
9034787812,460.2889,249.9932,-99
9034821145,459.8889,251.1451,-99
9034854478,459.5338,252.5221,-99
9034887811,460.1279,253.8081,-99
9034921144,460.0916,254.2112,-99
9034954477,462.6973,256.3498,-99
9034987810,464.998,257.9236,-99
9035021143,465.9064,260.9376,-99
9035054476,466.6068,262.26,-99
9035087809,467.0364,265.0773,-99
9035121142,466.2923,268.0615,-99
9035154475,463.7201,269.1699,-99
9035187808,460.7599,268.2437,-99
9035221141,461.2103,267.1028,-99
9035254474,460.129,268.8525,-99
9035287807,463.4021,275.6192,-99
9035321140,464.2682,277.1839,-99
9035354473,462.6317,278.4763,-99
9035387806,465.2331,281.109,-99
9035421139,466.2767,282.2476,-99
9035454472,473.8881,291.6716,-99
9035487805,474.1029,296.125,-99
9035521138,475.3203,297.2353,-99
9035554471,473.9295,295.8238,-99
9035587804,470.1104,299.9755,-99
9035621137,468.9684,300.6895,-99
9035654470,472.4066,301.2426,-99
9035687803,472.9525,301.0271,-99
9035721136,473.2434,302.2639,-99
9035754469,471.0617,304.2775,-99
9035787802,472.8647,306.3882,-99
9035821135,468.5871,309.0199,-99
9035854468,465.4128,308.7248,-99
9035887801,463.2742,313.1452,-99
9035921134,466.4445,311.8148,-99
9035954467,457.2667,316.3333,-99
9035987800,456.4478,323.6418,-99
9036021133,455.4522,322.7348,-99
9036054466,452.7021,323.0651,-99
9036087799,455.6589,325.7093,-99
9036120210,457.2,331.779,-99
9036153543,453.4943,333.0646,-99
9036186876,453.4205,333.576,-99
9036220209,454.1736,331.4067,-99
9036253542,453.0989,329.789,-99
9036286875,451.1052,329.7247,-99
9036320208,449.1992,331.2203,-99
9036353541,447.7256,332.4096,-99
9036386874,446.1223,333.7022,-99
9036420207,444.9532,335.685,-99
9036453540,443.8241,337.9052,-99
9036486873,442.5695,339.7829,-99
9036520206,442.4458,341.8354,-99
9036553539,440.7708,344.3494,-99
9036586872,440.6778,345.9784,-99
9036620205,439.8049,346.8781,-99
9036653538,440.92,347.4378,-99
9036686871,439.5229,349.0954,-99
9036720204,439.2204,349.6898,-99
9036753537,439.0986,350.2817,-99
9036786870,439.293,350.8663,-99
9036820203,440.4185,350.7389,-99
9036853536,442.0806,351.1209,-99
9036886869,443.0909,351.9091,-99
9036920202,443.2234,352.5443,-99
9036953535,445.8399,347.8103,-99
9036986868,444.9509,348.2344,-99
9037020201,443.628,351.4016,-99
9037053534,443.1848,351.8288,-99
9037086867,443.7064,354.6679,-99
9037120200,443.0569,355.6477,-99
9037153533,441.8893,356.0305,-99
9037186866,441.0333,355.5149,-99
9037220199,439.1927,357.1278,-99
9037253532,437.7222,353.7267,-99
9037286865,434.6135,355.3539,-99
9037320198,431.5216,356.5948,-99
9037353531,425.6697,355.2826,-99
9037386864,421.0532,354.9025,-99
9037420197,418.1924,355.4622,-99
9037453530,417.9013,354.0807,-99
9037486863,416.7362,353.9289,-99
9037520196,416.6682,356.1648,-99
9037553529,417.5,357.474,-99
9037586862,418.0584,360.2854,-99
9037620195,419.1155,363.1849,-99
9037653528,418.3427,365.1573,-99
9037686861,418.3104,368.9147,-99
9037720194,418.5638,371.2761,-99
9037753527,419.1486,373.675,-99
9037795658,416.8552,377.0137,-99
9037828991,420.3654,378.1082,-99
9037862324,419.9819,381.2447,-99
9037895657,417.9394,383.1157,-99
9037928990,415.1798,383.1386,-99
9037962323,404.7032,386.8839,-99
9037995656,401.4478,386.7612,-99
9038028989,411.3617,384.7376,-99
9038062322,413.9779,382.1328,-99
9038095655,409.9966,381.017,-99
9038128988,407.3922,382.4052,-99
9038162321,404.6477,384.3494,-99
9038195654,401.1727,387.1703,-99
9038228987,399.0535,389.1624,-99
9038262320,396.4647,389.2929,-99
9038295653,397.8086,392.1824,-99
9038328986,396.9258,393.2686,-99
9038362319,399.0823,393.2294,-99
9038395652,394.9467,393.9099,-99
9038428985,392.5658,395.1477,-99
9038462318,391.6211,395.4637,-99
9038495651,392.0277,395.998,-99
9038528984,392.6395,395.093,-99
9038562317,392.9286,395.2394,-99
9038595650,391.1404,396.4991,-99
9038628983,390.5143,396.4087,-99
9038662316,389.8512,396.8599,-99
9038695649,388.6569,396.9229,-99
9038728982,386.2634,397.7115,-99
9038762315,385.3812,396.7644,-99
9038795648,382.7875,396.5177,-99
9038828981,383.9344,396.2846,-99
9038862314,385.4393,396.0506,-99
9038895647,385.1408,396.507,-99
9038928980,383.4196,396.7297,-99
9038962313,382.9983,397.5092,-99
9038995646,382.5472,397.7736,-99
9039028979,381.5674,398.0543,-99
9039062312,379.6389,399.1389,-99
9039095645,379.0911,398.0801,-99
9039128978,378.7674,398.4722,-99
9039162311,377.3893,398.8037,-99
9039195644,376.5904,400.1344,-99
9039228977,376.0966,399.8365,-99
9039262310,375.4369,400.5268,-99
9039295643,375.318,399.4164,-99
9039328976,374.6748,397.8059,-99
9039362309,373.727,396.9805,-99
9039395642,372.6451,395.8934,-99
9039428975,371.0345,395.6306,-99
9039462308,371.9072,395.4739,-99
9039495641,373.3195,394.6477,-99
9039528974,373.9304,394.8544,-99
9039562307,373.3011,395.1259,-99
9039595640,374.5074,395.2791,-99
9039628973,375.6864,395.7807,-99
9039662306,376.8637,395.448,-99
9039695639,378.3475,395.1973,-99
9039728972,379.9241,396.1215,-99
9039762305,382.1544,396.765,-99
9039795638,383.9161,398.3289,-99
9039828971,385.8826,399.6432,-99
9039862304,388.2198,400.9645,-99
9039895637,390.5862,403.2094,-99
9039928970,390.9063,406.7943,-99
9039962303,393.0971,409.0331,-99
9039995636,394.8367,410.4184,-99
9040028969,397.9844,411.6481,-99
9040062302,398.9518,414.0081,-99
9040095635,403.7823,415.2903,-99
9040128968,409.5405,414.7396,-99
9040162301,412.7479,414.0609,-99
9040195634,415.3304,414.971,-99
9040228967,416.1744,413.1628,-99
9040262300,415.8497,416.319,-99
9040295633,414.5559,417.2175,-99
9040328966,415.4872,417.2878,-99
9040362299,415.1,417.7559,-99
9040395632,415.2351,417.605,-99
9040428965,416.6028,415.9722,-99
9040462298,416.4973,416.1456,-99
9040495631,416.9352,415.2405,-99
9040528964,416.045,414.6217,-99
9040562297,414.9634,414.2219,-99
9040595630,413.7069,414.0386,-99
9040628963,413.2312,413.696,-99
9040662296,411.661,413.8561,-99
9040695629,409.5103,414.3272,-99
9040728962,406.2384,413.3859,-99
9040762295,403.4575,411.7874,-99
9040795628,398.0234,411.2651,-99
9040828961,392.8223,409.0117,-99
9040862294,384.4549,406.4235,-99
9040895627,380.3162,403.2787,-99
9040928960,375.7424,401.0047,-99
9040962293,371.2353,399.8485,-99
9040995626,368.1267,397.724,-99
9041028959,367.7619,394.7743,-99
9041062292,366.3879,394.1092,-99
9041095625,365.7524,395.665,-99
9041128037,364.7516,395.4346,-99
9041161370,364.3692,395.5846,-99
9041194703,363.3599,396,-99
9041228036,360.3444,398.0685,-99
9041261369,357.8529,398.1021,-99
9041294702,355.1949,399.2284,-99
9041328035,353.8706,400.1647,-99
9041361368,353.2343,400.5996,-99
9041394701,350.7479,401.0566,-99
9041428034,349.0086,401.693,-99
9041461367,346.7241,402.5435,-99
9041494700,344.9365,402.9947,-99
9041528033,341.6942,403.9605,-99
9041561366,339.8375,407.4244,-99
9041594699,338.7286,405.7643,-99
9041628032,336.0323,407.9812,-99
9041661365,334.3291,405.8825,-99
9041694698,331.8904,403.5078,-99
9041728031,330.7874,401.6555,-99
9041761364,328.8741,400.9523,-99
9041794697,325.711,399.6039,-99
9041828030,325.9377,399.483,-99
9041861363,323.8017,398.9296,-99
9041894696,321.5267,397.9689,-99
9041928029,319.227,397.015,-99
9041961362,316.5386,397.0752,-99
9041994695,314.2301,397.5204,-99
9042028028,312.5729,398.8161,-99
9042061361,310.9978,401.7917,-99
9042094694,309.5968,404.7117,-99
9042128027,308.9037,407.733,-99
9042161360,307.629,411.9677,-99
9042194693,305.2162,416.21,-99
9042228026,300.3333,421.1034,-99
9042261359,300.2401,421.8563,-99
9042294692,300.0994,423.8226,-99
9042328025,306.8849,421.3717,-99
9042361358,302.4538,421.9017,-99
9042394691,298.8734,421.7907,-99
9042428024,298.065,421.1796,-99
9042461357,301.0291,420.6971,-99
9042494690,299.0237,416.9802,-99
9042528023,297.0695,412.6391,-99
9042561356,289.9163,408.3589,-99
9042594689,286.1091,404.6527,-99
9042628022,286.373,401.7029,-99
9042661355,283.7762,399.2,-99
9042694688,280.2054,401.1764,-99
9042728021,278.7468,400.2441,-99
9042761354,279.2495,399.3091,-99
9042803485,278.1285,398.0064,-99
9042836818,276.9825,396.1948,-99
9042870151,274.8911,395.1267,-99
9042903484,274.1119,393.7694,-99
9042936817,271.6425,391.9457,-99
9042970150,269.6261,391.2051,-99
9043003483,267.5449,390.7735,-99
9043036816,266.1183,391.1987,-99
9043070149,264.7528,391.364,-99
9043103482,262.6133,391.9445,-99
9043136815,261.1605,392.4555,-99
9043170148,259.3747,392.9651,-99
9043203481,257.787,393.7824,-99
9043236814,256.0998,393.8259,-99
9043270147,254.5243,393.7449,-99
9043303480,252.3288,392.3881,-99
9043336813,252.1031,391.3486,-99
9043370146,251.015,390.3222,-99
9043403479,249.9599,388.9381,-99
9043436812,250.7129,389.9953,-99
9043470145,249.2725,389.127,-99
9043503478,246.2393,388.656,-99
9043536811,244.6004,388.814,-99
9043570144,243.0781,389.8661,-99
9043603477,242.2488,391.3793,-99
9043636810,240.481,390.7616,-99
9043670143,239.5587,391.4935,-99
9043703476,236.4686,390.8276,-99
9043736809,235.4941,390.455,-99
9043770142,236.4159,390.7563,-99
9043803475,234.9429,390.0718,-99
9043836808,234.8833,388.6176,-99
9043870141,234.2529,387.1882,-99
9043903474,233.4908,385.5037,-99
9043936807,232.9271,383.8464,-99
9043970140,232.4991,381.6004,-99
9044003473,231.3226,378.0794,-99
9044036806,229.9871,376.0809,-99
9044070139,227.651,372.2532,-99
9044103472,227.0894,370.9813,-99
9044136805,227.7766,368.6947,-99
9044170138,227.8226,365.9645,-99
9044203471,226.6904,363.7817,-99
9044236804,226.5268,361.4129,-99
9044270137,224.9634,359.6756,-99
9044303470,224.4698,358.6281,-99
9044336803,222.4634,358.239,-99
9044370136,221.5691,357.3911,-99
9044403469,219.7285,357.1183,-99
9044436802,217.0698,357.3791,-99
9044470135,214.9245,357.5283,-99
9044503468,212.4543,357.9368,-99
9044536801,210.0784,358.049,-99
9044570134,206.4543,358.5059,-99
9044603467,202.4502,356.2331,-99
9044636800,200.9236,354.2101,-99
9044670133,199.4475,353.8768,-99
9044703466,200.1325,352.759,-99
9044736799,197.8896,350.5125,-99
9044770132,197.1473,350.5212,-99
9044803465,195.0835,349.114,-99
9044836798,193.6865,347.1595,-99
9044870131,192.5244,345.4442,-99
9044903464,191.4153,344.2058,-99
9044936797,191.2352,342.5315,-99
9044970130,191.7201,340.744,-99
9045003463,192.6,339.0118,-99
9045036796,192.6667,336.3966,-99
9045070129,193.5213,332.6783,-99
9045103462,194.2162,333.7625,-99
9045136795,193.9757,332.1578,-99
9045170128,194.9259,330.8571,-99
9045203461,193.0743,329.2153,-99
9045236794,192.6298,327.7738,-99
9045270127,192.1234,327.2047,-99
9045303460,190.6214,325.9612,-99
9045336793,189.1293,325.0846,-99
9045370126,188.0949,323.4231,-99
9045403459,187.5693,322.2698,-99
9045436792,186.7271,321.1399,-99
9045470125,187.7219,316.8323,-99
9045503458,187.9925,315.1034,-99
9045536791,187.5833,314.0619,-99
9045570124,187.2052,314.3467,-99
9045603457,188.0687,311.9313,-99
9045636790,186.9695,310.6972,-99
9045670123,187.1128,310.3641,-99
9045703456,185.7768,307.4928,-99
9045736789,186.1066,307.3985,-99
9045770122,184.4875,303.4709,-99
9045803455,184.1635,302.9346,-99
9045836788,185.2585,298.0812,-99
9045870121,184.6383,296.0257,-99
9045903454,185.1255,293.8222,-99
9045936787,184.5954,291.1393,-99
9045970120,184.4316,289.8915,-99
9046003453,184.0098,289.6005,-99
9046036786,184.0331,287.0687,-99
9046070119,183.3716,285.0648,-99
9046103452,183.5698,283.6895,-99
9046136551,182.3432,279.8177,-99
9046169884,181.5663,277.3521,-99
9046203217,181.8549,275.5207,-99
9046236550,181.048,273.424,-99
9046269883,181.4487,270.4135,-99
9046303216,181.2669,268.1789,-99
9046336549,182.1129,264.9606,-99
9046369882,182.0693,261.8449,-99
9046403215,183.2513,260.8549,-99
9046436548,182.8781,259.5125,-99
9046469881,182.3398,257.5497,-99
9046503214,182.9217,257.376,-99
9046536547,183.1504,257.5376,-99
9046569880,181.0162,255.273,-99
9046603213,181.6694,253.7222,-99
9046636546,180.9169,250.6455,-99
9046669879,181.4866,248.9659,-99
9046703212,181.0582,245.0166,-99
9046736545,182.4223,244.5803,-99
9046769878,181.4187,241.3939,-99
9046803211,182.6168,240.937,-99
9046836544,182.3772,237.2506,-99
9046869877,182.649,233.5783,-99
9046903210,181.2155,229.4586,-99
9046936543,180.8943,227.2737,-99
9046969876,180.9077,225.5963,-99
9047003209,178.6121,223.0058,-99
9047036542,178.9112,220.6945,-99
9047069875,179.1481,216.8074,-99
9047103208,178.5417,212.9375,-99
9047136541,179.1919,209.4676,-99
9047169874,181.5446,208.9084,-99
9047203207,181.7222,204.7778,-99
9047236540,184.4359,202.2128,-99
9047269873,186.6868,200.5374,-99
9047303206,188.2324,197.1189,-99
9047336539,191.5389,196.544,-99
9047369872,193.5424,194.2325,-99
9047403205,195.4399,193.6667,-99
9047436538,196.2465,193.0609,-99
9047469871,196.553,190.8243,-99
9047503204,197.5013,191.1028,-99
9047536537,196.2065,186.5313,-99
9047569870,196.2047,186.0698,-99
9047603203,194.8501,185.1226,-99
9047636536,193.231,183.1371,-99
9047669869,193.272,182.4171,-99
9047703202,192.8741,179.5787,-99
9047736535,196.1331,176.9373,-99
9047769868,196.7638,175.6004,-99
9047803201,199.4271,173.4671,-99
9047836534,203.0684,171.8398,-99
9047869867,205.5224,170.3902,-99
9047903200,208.7276,168.6138,-99
9047936533,208.4743,167.7615,-99
9047969866,211.5445,165.911,-99
9048003199,213.7801,163.1911,-99
9048036532,216.0861,162.5671,-99
9048069865,217.9497,158.7831,-99
9048103198,219.8545,158.1714,-99
9048136531,220.8849,154.7041,-99
9048169864,222.0535,154.0113,-99
9048203197,223.9821,153.6811,-99
9048236530,225.6563,149.8889,-99
9048269863,226.9731,150.7062,-99
9048303196,227.4489,148.8578,-99
9048336529,228.1069,145.7506,-99
9048369862,229.1485,145.8144,-99
9048403195,230.3488,141.993,-99
9048436528,233.3848,141.1703,-99
9048469861,235.7787,140.998,-99
9048503194,239.1135,140.4481,-99
9048536527,241.4877,140.6049,-99
9048569860,245.0586,140.3778,-99
9048603193,248.3674,138.7309,-99
9048636526,251.4542,136.5751,-99
9048669859,253.2939,135.6531,-99
9048703192,254.9169,133.3587,-99
9048736525,258.057,133.4534,-99
9048769858,261.4059,130.7995,-99
9048803191,263.715,129.7914,-99
9048836524,266.0898,129.2744,-99
9048869857,268.3088,125.1995,-99
9048903190,270.6454,125.0536,-99
9048936523,273.5203,120.7843,-99
9048969856,276.0198,120.0744,-99
9049003189,279.4147,117.0687,-99
9049036522,282.5141,116.1954,-99
9049069855,285.0838,114.5497,-99
9049103188,287.9035,113.0682,-99
9049136521,289.8581,112.6017,-99
9049169854,291.6218,111.0713,-99
9049203187,292.6983,110.0759,-99
9049236520,291.8261,108.7522,-99
9049269853,293.0105,107.04,-99
9049303186,294.9854,105.6204,-99
9049336519,295.0645,105.502,-99
9049369852,296.5445,105.7557,-99
9049403185,297.4648,107.162,-99
9049436518,299.7448,108.9791,-99
9049472180,303.4965,110.8534,-99
9049505513,306.9055,111.5187,-99
9049538846,310.9102,112.5039,-99
9049572179,313.8374,113.8168,-99
9049605512,315.8488,114.7991,-99
9049638845,319.0966,114.4306,-99
9049672178,322.5445,115.2142,-99
9049705511,322.562,114.2214,-99
9049738844,325.1358,114.5013,-99
9049772177,327.2222,114.7652,-99
9049805510,329.4621,114.4773,-99
9049838843,332.5884,113.2753,-99
9049872176,335.5021,113.4433,-99
9049905509,338.1566,112.117,-99
9049938842,338.4362,111.2133,-99
9049972175,338.9584,111.9263,-99
9050005508,339.4793,111.1616,-99
9050038841,339.8586,111.3888,-99
9050072174,341.5122,111.6199,-99
9050105507,343.4442,112.1439,-99
9050138840,344.042,112.704,-99
9050172173,345.4367,113.4178,-99
9050205506,346.8427,114.2063,-99
9050238839,346.8551,114.7633,-99
9050272172,345.853,114.7036,-99
9050305505,346.5492,114.1967,-99
9050338838,346.9844,114.9818,-99
9050372171,347.9699,114.3552,-99
9050405504,349.1346,112.8338,-99
9050438837,349.4478,111.4173,-99
9050472170,348.9098,109.9045,-99
9050505503,349.8819,109.5494,-99
9050538836,351.5717,109.1218,-99
9050572169,352.2446,108.6268,-99
9050605502,352.1013,109.7091,-99
9050638835,352.4979,110.4402,-99
9050672168,355.6478,111.2072,-99
9050705501,357.8484,112.054,-99
9050738834,359.6618,113.3051,-99
9050772167,361.7966,114.791,-99
9050805500,364.6325,116.5803,-99
9050838833,367.8317,117.891,-99
9050872166,370.3212,119.6962,-99
9050905499,369.6217,120.1058,-99
9050938832,371.1176,122.2995,-99
9050972165,372.3352,123.4063,-99
9051005498,372.5185,124.1083,-99
9051038831,372.6772,124.7343,-99
9051072164,372.8146,124.7753,-99
9051105497,372.6845,124.7964,-99
9051138830,374.0184,124.6378,-99
9051172163,375.8446,125.8421,-99
9051205496,378.1107,126.498,-99
9051238829,380.2888,126.9961,-99
9051272162,382.3346,128.1252,-99
9051305495,384.1163,128.9481,-99
9051338828,385.8646,130.0193,-99
9051372161,386.7116,129.13,-99
9051405494,388.6743,129.2824,-99
9051438827,390.9577,130.6085,-99
9051472160,392.7409,131.2617,-99
9051505493,394.0674,132.2695,-99
9051538826,395.9608,132.6893,-99
9051572159,397.946,135.3175,-99
9051605492,400.2945,136.4386,-99
9051638825,403.3852,137.537,-99
9051672158,404.8901,139.5421,-99
9051705491,406.9478,140.7892,-99
9051738824,407.666,141.9585,-99
9051772157,408.2108,142.5462,-99
9051805490,408.7729,141.7781,-99
9051838823,409.0129,141.5751,-99
9051872156,410.2784,141.4768,-99
9051905489,411.9225,142.7198,-99
9051938822,412.4309,144.6463,-99
9051972155,413.0847,145.4972,-99
9052005488,413.4766,146.3471,-99
9052038821,412.4609,148.3186,-99
9052072154,413.4485,150.7689,-99
9052105487,414.668,152.8085,-99
9052138820,415.3127,155.556,-99
9052172153,417.2474,157.3893,-99
9052205486,418.9232,158.2697,-99
9052238819,419.5769,157.6466,-99
9052272152,421.2097,159.1586,-99
9052305485,422.3511,160.5266,-99
9052338818,423.7848,161.1759,-99
9052372151,424.826,161.426,-99
9052405484,425.9345,162.0707,-99
9052438817,427.3629,162.5355,-99
9052472150,429.7669,165.3885,-99
9052505483,432.1927,166.7109,-99
9052538816,433.552,167.4915,-99
9052572149,435.0619,169.6885,-99
9052605482,436.3687,171.0174,-99
9052638815,437.4437,171.1195,-99
9052672148,439.266,172.0399,-99
9052705481,440.4296,174.1778,-99
9052738814,443.0161,175.0885,-99
9052772147,443.4153,176.9577,-99
9052813356,444.2653,177.9363,-99
9052846689,445.6818,180.1096,-99
9052880022,447.142,184.03,-99
9052913355,447.4008,186.3497,-99
9052946688,447.723,187.8153,-99
9052980021,447.8454,188.7299,-99
9053013354,447.7378,190.0881,-99
9053046687,448.7697,190.9098,-99
9053080020,449.1732,191.3649,-99
9053113353,450.2272,191.6065,-99
9053146686,451.5106,192.9597,-99
9053180019,451.379,192.6647,-99
9053213352,450.1279,193.8316,-99
9053246685,450.1121,196.4058,-99
9053280018,450.3189,199.5309,-99
9053313351,450.5927,203.0383,-99
9053346684,450.7596,204.9955,-99
9053380017,451.8724,207.4424,-99
9053413350,452.5756,210.876,-99
9053446683,453.3824,212.687,-99
9053480016,454.2946,211.3286,-99
9053513349,452.3936,210.8273,-99
9053546682,452.9216,211.4216,-99
9053580015,453.8854,212.8854,-99
9053613348,459.7342,219.481,-99
9053646681,466.7059,224.8627,-99
9053680014,464.25,227.6645,-99
9053713347,459.0773,230.0864,-99
9053746680,462.1429,226.2063,-99
9053780013,460.7364,225.1589,-99
9053813346,464.9386,225.4232,-99
9053846679,467.6758,225.7121,-99
9053880012,469.9707,225.1056,-99
9053913345,471.7758,224.8152,-99
9053946678,474.3009,223.295,-99
9053980011,476.6085,220.6648,-99
9054013344,478.3622,219.0027,-99
9054046677,479.8606,218.4162,-99
9054080010,480.0274,216.8904,-99
9054113343,480.3386,215.9432,-99
9054146676,480.8737,214.743,-99
9054180009,480.9738,214.0979,-99
9054213342,480.9501,214.7756,-99
9054246675,479.3424,215.2065,-99
9054280008,478.3165,215.7519,-99
9054313341,477.6846,217.8895,-99
9054346674,478.6624,218.1645,-99
9054380007,478.1075,219.0358,-99
9054413340,478.9009,219.0525,-99
9054446673,477.4235,224.0471,-99
9054480006,479.569,223.3896,-99
9054513339,478.5106,223.9656,-99
9054546672,478.748,225.3604,-99
9054580005,477.9502,227.3364,-99
9054613338,475.0058,231.1246,-99
9054646671,473.7056,235.1565,-99
9054680004,471.1387,238.04,-99
9054713337,471.2492,240.6231,-99
9054746670,471.4957,240.2406,-99
9054780003,473.2372,240.4822,-99
9054813336,474.1994,243.4831,-99
9054846669,474.8464,246.7048,-99
9054880002,472.3253,247.6355,-99
9054913335,473.8747,246.2323,-99
9054946668,474.7159,246.883,-99
9054980001,474.564,248.1967,-99
9055013334,473.9174,249.5041,-99
9055046667,474.7419,250.6359,-99
9055080000,474.8871,249.4077,-99
9055113333,476.2948,250.8182,-99
9055146666,476.8426,252.6029,-99
9055179999,478.8205,254.5682,-99
9055213332,480.5758,257.7754,-99
9055246665,480.8887,260.2724,-99
9055279998,480.4156,261.7572,-99
9055313331,479.3707,262.7177,-99
9055346664,478.5129,264.0047,-99
9055379997,478.1365,265.7459,-99
9055413330,477.9932,266.8886,-99
9055446663,478.8147,267.1161,-99
9055479996,477.8372,268.4326,-99
9055513329,476.2602,268.8618,-99
9055546662,476.2368,270.7549,-99
9055579995,476.374,270.8249,-99
9055613328,475.0932,270.4011,-99
9055646661,475.0133,270.2607,-99
9055679994,474.2997,270.3406,-99
9055713327,475.986,270.8009,-99
9055746660,474.138,270.5606,-99
9055779993,474.2371,269.5773,-99
9055813326,474.2587,270.6533,-99
9055846659,474.0727,271.1247,-99
9055879992,473.3087,273.0237,-99
9055913325,472.2771,275.1284,-99
9055946658,471.4667,275.869,-99
9055979991,469.3087,276.3957,-99
9056013324,467.4514,275.8842,-99
9056046657,465.6878,275.6624,-99
9056079990,463.7083,275.7157,-99
9056113323,462.1563,275.5757,-99
9056145703,463.9662,275.013,-99
9056179036,459.4642,274.8367,-99
9056212369,459.9347,273.6082,-99
9056245702,457.5687,281.3969,-99
9056279035,455.3423,285.6306,-99
9056312368,453.9355,277.4516,-99
9056345701,454.5486,273.9028,-99
9056379034,455.5404,277.1667,-99
9056412367,460.8074,284.0123,-99
9056445700,463.1518,284.8691,-99
9056479033,465.5373,277.7239,-99
9056512366,468.2244,282.9744,-99
9056545699,473.4477,283.3394,-99
9056579032,474.8571,285.2938,-99
9056612365,476.2086,285.705,-99
9056645698,477.0805,286.1766,-99
9056679031,480.1086,286.633,-99
9056712364,476.9073,287.3371,-99
9056745697,473.3636,287.4897,-99
9056779030,470.9794,288.6794,-99
9056812363,468.5374,290.6006,-99
9056845696,469.3429,290.6387,-99
9056879029,466.7381,291.9735,-99
9056912362,464.4742,295.2809,-99
9056945695,463.5578,298.9955,-99
9056979028,462.5381,302.2892,-99
9057012361,460.5996,304.752,-99
9057045694,458.8093,307.1752,-99
9057079027,457,308.7039,-99
9057112360,457.4322,312.4697,-99
9057145693,457.2213,313.6876,-99
9057179026,454.6331,314.2275,-99
9057212359,453.6575,315.3563,-99
9057245692,453.6881,315.0696,-99
9057279025,450.7545,317.5493,-99
9057312358,448.3635,318.9779,-99
9057345691,448.6962,319.8204,-99
9057379024,446.3674,322.5303,-99
9057412357,444.7401,324.8558,-99
9057445690,443.9504,326.8053,-99
9057479023,444.7107,328.2757,-99
9057512356,443.4843,330.1333,-99
9057545689,442.2842,333.0198,-99
9057579022,440.7669,334.8826,-99
9057612355,438.9715,337.4367,-99
9057645688,438.7112,339.6143,-99
9057679021,439.092,340.9516,-99
9057712354,438.0685,341.6235,-99
9057745687,437.5837,343.5957,-99
9057779020,436.5223,345.9505,-99
9057813072,436.3985,347.8851,-99
9057846405,435.4925,349.78,-99
9057879738,433.2495,352.6718,-99
9057913071,430.0261,355.4791,-99
9057946404,429.3185,356.8832,-99
9057979737,429.1525,359.3225,-99
9058013070,424.7705,360.3217,-99
9058046403,422.5405,361.3482,-99
9058079736,419.8695,363.1416,-99
9058113069,419.5431,363.5077,-99
9058146402,419.1133,365.3622,-99
9058179735,419.3112,366.761,-99
9058213068,420.311,369.3182,-99
9058246401,421.0408,370.3166,-99
9058279734,418.1829,371.5214,-99
9058313067,417.3201,372.1932,-99
9058346400,416.0017,373.2845,-99
9058379733,413.3668,373.9749,-99
9058413066,412.1051,374.1974,-99
9058446399,410.6027,373.6236,-99
9058479732,407.0713,374.4228,-99
9058513065,405.817,374.2264,-99
9058546398,402.7062,375.4656,-99
9058579731,404.2761,375.2575,-99
9058613064,402.245,375.7748,-99
9058646397,400.2533,376.4604,-99
9058679730,398.3326,377.1216,-99
9058713063,396.4036,379.0067,-99
9058746396,394.936,379.4547,-99
9058779729,392.4337,379.8697,-99
9058813062,389.9604,380.6853,-99
9058846395,385.7123,381.9112,-99
9058879728,386.2403,382.611,-99
9058913061,384.8841,383.7977,-99
9058946394,383.8153,385.4933,-99
9058979727,383.0419,386.8153,-99
9059013060,382.4136,388.6636,-99
9059046393,382.0698,391.5884,-99
9059079726,381.7646,393.641,-99
9059113059,378.9702,395.3104,-99
9059146392,376.8667,396.3402,-99
9059179725,376.4974,396.4042,-99
9059213058,375.0663,396.3125,-99
9059246391,373.2295,397.5551,-99
9059279724,373.851,398.3163,-99
9059313057,371.549,399.2727,-99
9059346390,370.8531,401.039,-99
9059379723,371.7347,401.6268,-99
9059413056,370.3355,403.6688,-99
9059446389,370.4919,403.3427,-99
9059482019,369.6914,404.3341,-99
9059515352,367.3828,403.9875,-99
9059548685,364.99,403.9269,-99
9059582018,363.6981,402.2343,-99
9059615351,362.9319,401.0341,-99
9059648684,360.963,399.792,-99
9059682017,359.5269,398.872,-99
9059715350,358.0295,396.9462,-99
9059748683,357.6227,394.278,-99
9059782016,356.2018,392.3766,-99
9059815349,355.1589,390.7946,-99
9059848682,353.1489,389.5862,-99
9059882015,353.8801,390.4736,-99
9059915348,353.2422,389.9955,-99
9059948681,351.4653,389.8613,-99
9059982014,349.6659,390.53,-99
9060015347,348.5186,391.1233,-99
9060048680,347.0266,391.2106,-99
9060082013,345.6372,392.1615,-99
9060115346,345.2523,392.9699,-99
9060148679,344.4184,394.7116,-99
9060182012,342.5011,395.7216,-99
9060215345,341.214,398.3908,-99
9060248678,339.8018,400.6318,-99
9060282011,338.1996,403.6425,-99
9060315344,337.0223,405.2428,-99
9060348677,334.6588,407.678,-99
9060382010,331.9665,409.4488,-99
9060415343,328.365,409.09,-99
9060448676,326.282,409.6436,-99
9060482009,323.2255,409.3959,-99
9060515342,320.8048,407.9424,-99
9060548675,316.7946,407.0214,-99
9060582008,314.8948,405.9733,-99
9060615341,311.5016,405.288,-99
9060648674,311.6589,406.0951,-99
9060682007,308.5978,406.0132,-99
9060715340,305.12,406.4556,-99
9060748673,302.6064,406.5699,-99
9060782006,300.0938,406.221,-99
9060815339,297.3362,405.3493,-99
9060848672,291.7227,402.1175,-99
9060882005,288.5101,399.2791,-99
9060915338,288.002,399.0676,-99
9060948671,287.3646,398.2985,-99
9060982004,285.5067,397.7646,-99
9061015337,283.6877,398.1438,-99
9061048670,282.1682,400.2038,-99
9061082003,280.6416,401.1018,-99
9061115336,279.446,402.108,-99
9061148669,277.5294,404.1335,-99
9061182002,274.0618,403.527,-99
9061215335,272.4813,403.2798,-99
9061248668,270.9896,401.9583,-99
9061282001,269.3527,400.4371,-99
9061315334,268.0188,398.919,-99
9061348667,264.9894,397.7284,-99
9061382000,262.2931,396.4207,-99
9061415333,261.291,396.2112,-99
9061448666,260.1273,395.35,-99
9061481999,259.4956,394.163,-99
9061515332,259.1501,393.2914,-99
9061548665,259.662,392.5688,-99
9061581998,259.3668,391.3622,-99
9061615331,258.0046,390.5425,-99
9061648664,255.327,388.8684,-99
9061681997,254.8256,387.8786,-99
9061715330,252.5529,387.0188,-99
9061748663,251.566,385.1863,-99
9061781996,249.6229,383.9708,-99
9061815329,247.4804,383.6443,-99
9061848662,245.947,382.8733,-99
9061881995,245.1388,381.6013,-99
9061915328,243.9637,380.5941,-99
9061948661,241.3912,379.3099,-99
9061981994,240.2123,378.5228,-99
9062015327,237.0258,375.4614,-99
9062048660,237.8854,375.0024,-99
9062081993,237.2436,374.7471,-99
9062115326,237.0307,373.7127,-99
9062148659,236.149,373.2323,-99
9062181992,234.8425,372.6275,-99
9062215325,233.3046,372.2513,-99
9062248658,232.4749,372.2437,-99
9062281991,230.1622,372.3559,-99
9062315324,227.9265,371.9621,-99
9062348657,225.423,371.3655,-99
9062381990,222.9681,369.8155,-99
9062415323,221.5193,368.7511,-99
9062448656,218.2065,367.3202,-99
9062481989,217.3177,364.6085,-99
9062515322,214.7338,362.2566,-99
9062548655,213.3316,359.7021,-99
9062581988,211.8321,357.218,-99
9062615321,210.1707,355.192,-99
9062648654,208.4523,353.8291,-99
9062681987,207.095,351.1768,-99
9062715320,204.8142,349.3097,-99
9062748653,203.686,346.0581,-99
9062781986,202.3378,346.5432,-99
9062820899,201.7915,345.3543,-99
9062854232,201.2686,343.891,-99
9062887565,199.0072,342.694,-99
9062920898,198.6486,340.8889,-99
9062954231,197.2963,340.1032,-99
9062987564,196.61,338.795,-99
9063020897,196.2321,338.6543,-99
9063054230,195.1335,338.2356,-99
9063087563,194.4951,336.5,-99
9063120896,193.2136,334.9724,-99
9063154229,193.0273,333.6179,-99
9063187562,191.3175,331.9815,-99
9063220895,190.6885,331.4426,-99
9063254228,190.0191,330.6147,-99
9063287561,189.8056,330.133,-99
9063320894,189.6772,330.0499,-99
9063354227,189.1325,329.605,-99
9063387560,188.7289,327.8737,-99
9063420893,188.0333,325.2217,-99
9063454226,187.1328,323.7787,-99
9063487559,185.8671,323.8932,-99
9063520892,185.1901,322.5624,-99
9063554225,185.132,321.5913,-99
9063587558,185.1811,323.8138,-99
9063620891,186.3396,322.7062,-99
9063654224,187.8568,322.0716,-99
9063687557,187.9144,321.5053,-99
9063720890,187.4536,321.2387,-99
9063754223,187.4987,320.9974,-99
9063787556,186.0532,321.4335,-99
9063820889,184.0576,321.4084,-99
9063854222,183.2706,321.3369,-99
9063887555,182.3889,319.9293,-99
9063920888,182.5916,315.0101,-99
9063954221,182.5612,313.5428,-99
9063987554,182.741,310.9333,-99
9064020887,182.9562,309.1641,-99
9064054220,183.5338,306.594,-99
9064087553,184.0751,303.0751,-99
9064120886,183.5952,300.5774,-99
9064154219,183.9927,298.6553,-99
9064187552,183.3166,296.5887,-99
9064220885,181.6228,294.8658,-99
9064254218,180.6011,293.5128,-99
9064287551,180.658,289.2251,-99
9064320884,179.7591,287.6405,-99
9064354217,178.7937,285.6292,-99
9064387550,178.0702,282.3977,-99
9064420883,177.9785,281.7733,-99
9064454216,177.6559,279.6693,-99
9064489846,177.573,277.4518,-99
9064523179,179.0898,275.7365,-99
9064556512,178.8656,272.586,-99
9064589845,178.7106,268.8915,-99
9064623178,178.9459,265.8015,-99
9064656511,177.6483,261.7885,-99
9064689844,178.2869,259.6639,-99
9064723177,178.345,257.0525,-99
9064756510,178.6053,253.3132,-99
9064789843,177.7932,250.2153,-99
9064823176,178.6309,248.6254,-99
9064856509,178.0803,244.8653,-99
9064889842,178.9293,241.1728,-99
9064923175,178.6468,237.0647,-99
9064956508,179.4,233.3425,-99
9064989841,180.0961,229.266,-99
9065023174,179.5184,225.4703,-99
9065056507,181.7576,224.7879,-99
9065089840,180.6381,221.3834,-99
9065123173,178.9375,218.3892,-99
9065156506,178.8359,217.1487,-99
9065189839,176.3279,213.1749,-99
9065223172,175.4671,212.1347,-99
9065256505,174.4771,209.6873,-99
9065289838,173.8386,209.3757,-99
9065323171,173.1606,206.1465,-99
9065356504,174.7513,205.1385,-99
9065389837,176.0419,200.6872,-99
9065423170,180.2733,197.8547,-99
9065456503,181.8869,195.4643,-99
9065489836,186.1382,195.2724,-99
9065523169,189.2229,191.9538,-99
9065556502,192.1899,191.4505,-99
9065589835,193.3405,189.3094,-99
9065623168,196.0027,188.7446,-99
9065656501,198.4733,185.7405,-99
9065689834,200.5945,184.0932,-99
9065723167,203.8306,181.6889,-99
9065756500,205.6166,178.4741,-99
9065789833,207.5559,177.6218,-99
9065823166,208.2903,174.7258,-99
9065856499,209.7218,173.7938,-99
9065889832,210.7525,172.1378,-99
9065923165,211.0516,169.4742,-99
9065956498,211.4774,168.3895,-99
9065989831,211.0679,165.7598,-99
9066023164,211.3103,164.2103,-99
9066056497,214.4004,161.4263,-99
9066089830,216.7316,159.4004,-99
9066123163,218.8211,156.4388,-99
9066156496,221.1677,154.7799,-99
9066189829,223.7416,153.4787,-99
9066223162,225.8923,151.7177,-99
9066256495,227.9063,149.726,-99
9066289828,231.0711,147.3368,-99
9066323161,233.7931,145.4778,-99
9066356494,236.8087,142.4082,-99
9066389827,240.2247,140.916,-99
9066423160,244.1592,139.9279,-99
9066456493,247.8788,138.0346,-99
9066489826,249.7057,137.4877,-99
9066523159,251.8021,136.3061,-99
9066556492,253.3862,134.1111,-99
9066589825,254.8222,133.9534,-99
9066623158,256.1345,133.1853,-99
9066656491,257.3246,130.2147,-99
9066689824,258.0164,128.7896,-99
9066723157,259.0644,125.9742,-99
9066756490,262.4904,125.1812,-99
9066789823,265.4438,124.3464,-99
9066823156,266.2557,124.5155,-99
9066856489,269.9606,123.7224,-99
9066889822,271.6571,122.4457,-99
9066923155,274.5019,120.1236,-99
9066956488,276.3781,120.1134,-99
9066989821,277.2531,117.0844,-99
9067023154,280.0445,115.4607,-99
9067056487,283.6923,113.2878,-99
9067089820,286.7349,111.8207,-99
9067123153,291.9231,110.6652,-99
9067156486,296.9109,110.9618,-99
9067189819,300.7368,111.6316,-99
9067223152,304.6443,111.7016,-99
9067256485,307.5064,111.8177,-99
9067289818,309.747,111.6152,-99
9067323151,310.6443,111.8164,-99
9067356484,310.843,110.5242,-99
9067389817,312.593,108.2864,-99
9067423150,315.1439,109.0236,-99
9067456483,317.8142,107.8908,-99
9067489816,319.9557,108.3526,-99
9067523149,322.7059,110.4057,-99
9067556482,325.3018,111.6286,-99
9067589815,327.9723,113.2601,-99
9067623148,328.7536,113.9441,-99
9067656481,331.7658,114.0928,-99
9067689814,334.4418,114.3815,-99
9067723147,337.1689,114.2399,-99
9067756480,337.7291,114.1354,-99
9067789813,339.5093,113.4107,-99
9067818974,341.4231,113.7115,-99
9067852307,342.1409,114.3591,-99
9067885640,343.4305,114.6485,-99
9067918973,344.4528,113.911,-99
9067952306,345.6097,112.3781,-99
9067985639,346.1746,111.2513,-99
9068018972,347.7867,109.1611,-99
9068052305,348.2087,108.9248,-99
9068085638,350.1885,106.6414,-99
9068118971,351.4665,106.3222,-99
9068152304,352.0289,106.5906,-99
9068185637,351.9489,107.9668,-99
9068218970,352.727,109.0111,-99
9068252303,353.1387,109.9293,-99
9068285636,352.7604,110.8022,-99
9068318969,353.6202,110.6257,-99
9068352302,354.0395,111.514,-99
9068385635,355.79,111.6819,-99
9068418968,357.7691,111.5754,-99
9068452301,357.5302,112.2869,-99
9068485634,358.4376,113.3594,-99
9068518967,360.0149,113.3594,-99
9068552300,359.8063,113.9706,-99
9068585633,359.6652,115.6135,-99
9068618966,361.3634,117.772,-99
9068652299,362.8171,119.361,-99
9068685632,364.9308,119.2749,-99
9068718965,365.4835,120.5517,-99
9068752298,367.3129,121.3703,-99
9068785631,368.8507,122.0896,-99
9068818964,370.1364,122.6601,-99
9068852297,372.4436,123.4261,-99
9068885630,377.0643,124.8187,-99
9068918963,381.2307,126.1515,-99
9068952296,383.5262,127.7238,-99
9068985629,387.642,130.2626,-99
9069018962,390.9533,132.1159,-99
9069052295,393.6447,134.2989,-99
9069085628,394.8276,134.7168,-99
9069118961,397.1693,135.5026,-99
9069152294,400.7231,136.2097,-99
9069185627,403.5464,136.2705,-99
9069218960,405.6771,136.3333,-99
9069252293,408.965,138.2448,-99
9069285626,412.8757,139.6554,-99
9069318959,413.9268,140.182,-99
9069352292,416.7349,141.7349,-99
9069385625,418.2292,142.3515,-99
9069418958,420.1917,142.164,-99
9069452291,422.9731,142.8442,-99
9069489562,424.6331,142.6976,-99
9069522895,425.6323,142.6615,-99
9069556228,426.7394,142.5194,-99
9069589561,426.6969,143.6158,-99
9069622894,425.5978,145.1648,-99
9069656227,425.6516,146.9925,-99
9069689560,427.87,149.591,-99
9069722893,429.8034,152.141,-99
9069756226,431.5224,154.6099,-99
9069789559,431.8668,156.9523,-99
9069822892,434.0929,158.9193,-99
9069856225,437.2737,161.5654,-99
9069889558,437.9699,162.6546,-99
9069922891,440.2833,163.9725,-99
9069956224,442.4045,165.6468,-99
9069989557,442.7804,166.1386,-99
9070022890,445.1935,167.6258,-99
9070056223,446.9725,168.7231,-99
9070089556,446.1409,166.0619,-99
9070122889,449.8051,168.2203,-99
9070156222,450.3487,170.8257,-99
9070189555,451.8716,175.2232,-99
9070222888,454.0767,179.6534,-99
9070256221,456.4416,181.7009,-99
9070289554,457.8372,184.1415,-99
9070322887,458.7709,187.0263,-99
9070356220,457.2102,188.6469,-99
9070389553,456.9427,189.9936,-99
9070422886,458.3221,192.6319,-99
9070456219,455.8946,197.7738,-99
9070489552,455.5388,200.0447,-99
9070522885,455.8232,201.5061,-99
9070556218,459.2658,204.2439,-99
9070589551,461.6698,205.962,-99
9070622884,463.2379,206.7252,-99
9070656217,464.5457,206.3435,-99
9070689550,466.4672,208.6154,-99
9070722883,467.9582,210.5352,-99
9070756216,468.8187,211.7333,-99
9070789549,469.7049,214.5082,-99
9070822882,469.4706,214.4334,-99
9070856215,469.6447,215.4654,-99
9070889548,468.7014,219.0301,-99
9070922881,466.3983,221.9913,-99
9070956214,466.5752,221.4248,-99
9070989547,467.7093,219.489,-99
9071022880,467.6697,223.9061,-99
9071056213,470.4509,229.6731,-99
9071089546,473.5479,236.7739,-99
9071122879,473.0067,233.5852,-99
9071158541,474.6929,234.1414,-99
9071191874,474.1775,235.2989,-99
9071225207,473.8413,238.1086,-99
9071258540,474.1754,240.1774,-99
9071291873,473.8369,242.4645,-99
9071325206,473.5347,244.8376,-99
9071358539,472.4547,245.2691,-99
9071391872,470.8953,246.3927,-99
9071425205,470.8416,249.9381,-99
9071458538,470.984,250.7074,-99
9071491871,473.1552,254.9933,-99
9071525204,474.8055,259.3438,-99
9071558537,476.0229,261.025,-99
9071591870,477.6789,263.9468,-99
9071625203,478.7324,266.5664,-99
9071658536,479.1038,268.6398,-99
9071691869,478.4286,271.4615,-99
9071725202,476.6082,273.5562,-99
9071758535,475.2236,278.2684,-99
9071791868,475.1405,277.451,-99
9071825201,475.2762,277.5496,-99
9071858534,474.3389,280.1008,-99
9071891867,474.9799,279.5034,-99
9071925200,474.438,279.8672,-99
9071958533,474.9377,284.0415,-99
9071991866,474.6,287.4124,-99
9072025199,475.3168,290.4576,-99
9072058532,475.1114,293.0107,-99
9072091865,475.0544,294.3304,-99
9072125198,475.3631,296.2866,-99
9072158531,474.1906,296.704,-99
9072191864,474.1868,297.7699,-99
9072225197,470.7793,299.9916,-99
9072258530,468.2333,302.7533,-99
9072291863,467.1028,307.7021,-99
9072325196,463.5314,314.5121,-99
9072358529,461.5972,315.338,-99
9072391862,465.2225,310.485,-99
9072425195,463.8375,312.8856,-99
9072458528,464.1158,317,-99
9072491861,464.2706,320.315,-99
9072525194,464.1435,322.6152,-99
9072558527,463.8595,324.3564,-99
9072591860,463.1711,325.841,-99
9072625193,464.105,320.8992,-99
9072658526,461.4647,325.1818,-99
9072691859,457.1958,328.6818,-99
9072725192,454.9138,328.9026,-99
9072758525,458.8022,330.8718,-99
9072791858,453.8291,339.4786,-99
9072830739,451.8865,339.422,-99
9072864072,451.4427,341.7596,-99
9072897405,448.0616,343.3079,-99
9072930738,444.9116,347.3719,-99
9072964071,442.3397,352.6565,-99
9072997404,437.196,351.2737,-99
9073030737,434.0497,350.3571,-99
9073064070,433.7231,349.0923,-99
9073097403,433.5221,350.8761,-99
9073130736,431.0526,353.7632,-99
9073164069,428.5782,356.6021,-99
9073197402,431.3427,357.1292,-99
9073230735,429.5309,358.1062,-99
9073264068,427.7372,359.9362,-99
9073297401,428.2401,359.4821,-99
9073330734,426.8098,361.3659,-99
9073364067,424.9728,362.5761,-99
9073397400,422.7231,363.4568,-99
9073430733,420.6447,364.3297,-99
9073464066,419.2628,364.2372,-99
9073497399,416.8487,365.8,-99
9073530732,414.9867,366.7476,-99
9073564065,412.9292,368.2514,-99
9073597398,411.3793,370.3902,-99
9073630731,412.7381,371.3595,-99
9073664064,411.6457,373.6504,-99
9073697397,410.7694,376.5138,-99
9073730730,407.3971,378.926,-99
9073764063,405.4919,379.8605,-99
9073797396,404.6026,379.8577,-99
9073830729,403.7224,380.7182,-99
9073864062,400.7956,381.356,-99
9073897395,397.7996,382.3649,-99
9073930728,396.0617,382.5553,-99
9073964061,394.9722,384.3319,-99
9073997394,395.7706,385.6835,-99
9074030727,395.4441,389.2857,-99
9074064060,394.4526,388.5213,-99
9074097393,393.5746,390.3398,-99
9074130726,390.3748,392.9292,-99
9074164059,389.2639,394.0204,-99
9074197392,387.9752,394.4947,-99
9074230725,386.7033,394.9744,-99
9074264058,385.1148,395.4614,-99
9074297391,383.8473,396.6558,-99
9074330724,382.5071,398.5232,-99
9074364057,379.453,399.9337,-99
9074397390,380.1259,400.4045,-99
9074430723,380.3452,400.6119,-99
9074464056,376.8592,402.3347,-99
9074497389,374.4524,402.6194,-99
9074530722,373.2683,402.287,-99
9074564055,371.7795,402.7757,-99
9074597388,370.5627,403.3365,-99
9074630721,368.1826,403.9801,-99
9074664054,365.3407,404.5627,-99
9074697387,366.1841,405.4561,-99
9074730720,365.6722,406.3017,-99
9074764053,365.6158,407.1575,-99
9074797386,365.0147,406.7273,-99
9074830719,365.0374,408.1635,-99
9074864052,363.3333,409.044,-99
9074897385,363.2371,409.5134,-99
9074930718,361.3656,408.6698,-99
9074964051,359.6107,405.5892,-99
9074997384,358.6985,402.3166,-99
9075030717,355.3636,401.4368,-99
9075064050,352.0687,401.9103,-99
9075097383,352.2801,401.6937,-99
9075130716,350.5671,403.7835,-99
9075164049,349.4165,404.3564,-99
9075197382,346.0298,403.8823,-99
9075230715,343.6998,404.3323,-99
9075264048,342.2019,404.6575,-99
9075297381,341.9384,405.6721,-99
9075330714,339.6604,405.8113,-99
9075364047,338.5042,406.1447,-99
9075397380,334.5351,406.2645,-99
9075430713,331.0841,405.2161,-99
9075464046,330.8387,404.6043,-99
9075497379,328.346,404.2946,-99
9075530712,325.2048,404.6231,-99
9075564045,321.9957,404.7192,-99
9075597378,318.697,404.7648,-99
9075630711,312.9819,403.3997,-99
9075664044,310.7953,403.7682,-99
9075697377,308.1316,403.8257,-99
9075730710,305.9736,404.2806,-99
9075764043,305.6177,405.2829,-99
9075797376,303.4005,406.3758,-99
9075830709,301.2905,407.1508,-99
9075864042,299.4347,408.7523,-99
9075897375,298.5185,409.0671,-99
9075930708,294.7293,408.6626,-99
9075964041,291.2457,408.0773,-99
9075997374,290.8075,407.3439,-99
9076030707,288.8708,406.6685,-99
9076064040,287.125,405.0152,-99
9076097373,286.6191,403.2739,-99
9076130706,285.2119,402.3766,-99
9076166368,281.6512,401.128,-99
9076199701,279.5758,399.6498,-99
9076233034,274.9266,398.8339,-99
9076266367,272.3322,397.5181,-99
9076299700,271.2434,397.9005,-99
9076333033,267.7266,396.2103,-99
9076366366,266.2639,395.0443,-99
9076399699,264.9757,392.7566,-99
9076433032,263.7033,391.356,-99
9076466365,262.9626,389.9369,-99
9076499698,263.0899,388.1483,-99
9076533031,262.565,387.818,-99
9076566364,260.9688,387.8033,-99
9076599697,259.389,387.6396,-99
9076633030,257.2429,388.581,-99
9076666363,254.8551,389.0546,-99
9076699696,252.5753,389.5551,-99
9076733029,249.8701,389.303,-99
9076766362,245.5328,386.4017,-99
9076799695,244.1947,384.2796,-99
9076833028,241.1969,381.5251,-99
9076866361,240.1186,379.2672,-99
9076899694,239.4912,379.501,-99
9076933027,240.0623,380.3142,-99
9076966360,239.3068,379.274,-99
9076999693,238.4756,378.778,-99
9077033026,237.0865,378.8173,-99
9077066359,235.147,379.4217,-99
9077099692,233.4312,379.0138,-99
9077133025,230.7579,377.9842,-99
9077166358,228.3391,374.0381,-99
9077199691,226.9089,373.1465,-99
9077233024,226.995,370.0435,-99
9077266357,225.1918,369.8557,-99
9077299690,225.4408,369.007,-99
9077333023,224.8741,366.6128,-99
9077366356,222.7565,364.5602,-99
9077399689,221.6266,363.6031,-99
9077433022,221.3703,362.3243,-99
9077466355,221.0744,362.1051,-99
9077499688,221.3776,361.4088,-99
9077533021,220.5733,361.4895,-99
9077566354,220.801,359.7587,-99
9077599687,218.9293,359.0833,-99
9077633020,216.0768,358.5721,-99
9077666353,212.5414,358.8641,-99
9077699686,210.2308,360.0791,-99
9077733019,208.0738,361.2081,-99
9077766352,207.2417,361.936,-99
9077799685,206.8586,362.1288,-99
9077838566,206.4322,360.8668,-99
9077871899,205.9811,358.7045,-99
9077905232,204.8707,356.8463,-99
9077938565,204.9671,354.6918,-99
9077971898,204.4094,352.8306,-99
9078005231,202.3671,351.1494,-99
9078038564,201.3524,348.469,-99
9078071897,200.2941,345.9977,-99
9078105230,197.679,344.3899,-99
9078138563,196.8902,343.1829,-99
9078171896,195.2753,342.4293,-99
9078205229,194.5623,341.6259,-99
9078238562,193.3135,340.8005,-99
9078271895,194.6682,340.2299,-99
9078305228,194.9949,340.2057,-99
9078338561,195.1846,339.5014,-99
9078371894,195.4951,338.7438,-99
9078405227,194.6977,335.7738,-99
9078438560,195.5773,333.0059,-99
9078471893,195.522,332.1432,-99
9078505226,196.212,329.9807,-99
9078538559,196.1828,327.5996,-99
9078571892,195.9598,324.7463,-99
9078605225,195.8589,325.4055,-99
9078638558,193.8464,322.276,-99
9078671891,194.2091,319.8552,-99
9078705224,193.8447,317.2112,-99
9078738557,192.8946,314.2763,-99
9078771890,194.0766,314.0534,-99
9078805223,194.0023,313.5908,-99
9078838556,193.4758,312.7446,-99
9078871889,192.4956,311.4307,-99
9078905222,191.6563,310.7733,-99
9078938555,190.2974,307.8979,-99
9078971888,189.9591,306.5934,-99
9079005221,188.9169,303.7313,-99
9079038554,187.1213,300.911,-99
9079071887,187.5401,298.1685,-99
9079105220,187.1818,294.8155,-99
9079138553,187.7686,293.5743,-99
9079171886,188.2652,291.7287,-99
9079205219,187.2481,290.0921,-99
9079238552,185.6219,289.2537,-99
9079271885,183.1583,289.6389,-99
9079305218,181.1205,290.6526,-99
9079338551,178.9772,290.8858,-99
9079371884,177.5445,290.9059,-99
9079405217,176.1658,290.6036,-99
9079438550,175.553,288.632,-99
9079471883,175.6898,287.7218,-99
9079505216,174.7726,287.338,-99
9079538549,175.384,286.8992,-99
9079571882,175.4585,289.3171,-99
9079605215,177.3358,288.5637,-99
9079638548,178.8466,287.5899,-99
9079671881,180.3907,286.8046,-99
9079705214,180.4988,283.4543,-99
9079738547,179.9547,281.8133,-99
9079771880,178.9709,281.4673,-99
9079805213,176.777,281.3407,-99
9079838546,174.6535,281.6758,-99
9079871879,172.7217,282.4557,-99
9079905212,170.547,282.8342,-99
9079938545,168.8963,283.5407,-99
9079971878,167.9149,285.1702,-99
9080005211,166.6415,285.1294,-99
9080038544,165.6641,284.7135,-99
9080071877,164.408,284.4213,-99
9080105210,162.726,284.2192,-99
9080138543,162.3442,284.3198,-99
9080171876,160.9577,284.0767,-99
9080205209,160.8537,284.8697,-99
9080238542,158.9322,284.8481,-99
9080271875,157.5668,285.9677,-99
9080305208,155.0535,287.049,-99
9080338541,154.0168,288.8221,-99
9080371874,153.7708,290.4836,-99
9080405207,152.5602,291.2924,-99
9080438540,151.0104,291.2682,-99
9080471873,150.5556,291.6772,-99
9080505206,149.3902,291.6201,-99
9080538539,148.1247,291.6616,-99
9080571872,147.3224,291.4408,-99
9080605205,146.6481,291.3254,-99
9080638538,145.3947,291.7053,-99
9080671871,144.1187,291.798,-99
9080705204,143.5342,291.8763,-99
9080738537,141.9046,292.0077,-99
9080771870,141.3784,293.2932,-99
9080805203,138.9723,294.1663,-99
9080838536,138.7309,296.3217,-99
9080871869,138.1574,298.9893,-99
9080905202,139.901,301.9753,-99
9080938535,138.9876,304.2382,-99
9080971868,138.0168,306.8441,-99
9081005201,137.7546,308.1366,-99
9081038534,136.5906,308.7976,-99
9081071867,137.9576,309.6353,-99
9081105200,137.4263,309.6599,-99
9081138533,135.2364,307.9218,-99
9081174194,134.5495,307.7935,-99
9081207527,135.56,307.2348,-99
9081240860,136.0182,306.514,-99
9081274193,136.1032,304.671,-99
9081307526,138.9252,303.9103,-99
9081340859,141.3229,301.0763,-99
9081374192,144.1141,297.8878,-99
9081407525,146.4582,293.403,-99
9081440858,151.7511,287.9119,-99
9081474191,158.6344,282.3898,-99
9081507524,163.5764,275.669,-99
9081540857,167.9957,269.2419,-99
9081574190,173.9153,264.4773,-99
9081607523,177.9446,263.4591,-99
9081640856,181.0112,262.7479,-99
9081674189,182.4852,261.4653,-99
9081707522,181.2801,259.3305,-99
9081740855,181.7256,258.9238,-99
9081774188,181.6628,257.7896,-99
9081807521,179.5069,255.4518,-99
9081840854,179.5512,254.8864,-99
9081874187,177.4597,253.2338,-99
9081907520,177.4686,252.7147,-99
9081940853,177.8235,251.9888,-99
9081974186,178.5913,249.109,-99
9082007519,180.8367,248.6964,-99
9082040852,181.5858,244.7388,-99
9082074185,182.8618,242.103,-99
9082107518,183.9899,240.1889,-99
9082140851,184.5266,237.112,-99
9082174184,184.7929,232.8801,-99
9082207517,183.5432,228.6324,-99
9082240850,183.0124,226.2508,-99
9082274183,183.2151,224.8212,-99
9082307516,181.1236,221.1638,-99
9082340849,182.0206,219.9882,-99
9082374182,183.6004,215.9471,-99
9082407515,185.1116,213.5496,-99
9082440848,186.0098,211.3918,-99
9082474181,187.5037,209.5459,-99
9082507514,189.2225,207.3612,-99
9082540847,191.0413,205.4711,-99
9082574180,193.144,204.776,-99
9082607513,193.9536,202.065,-99
9082640846,196.5698,200.7892,-99
9082674179,197.6782,199.6035,-99
9082707512,197.9973,196.7131,-99
9082740845,198.6228,196.4591,-99
9082774178,198.9562,193.9072,-99
9082807511,198.9006,192.5852,-99
9082840844,200.1638,190.5526,-99
9082874177,201.3025,189.7248,-99
9082907510,202.7984,188.6431,-99
9082940843,205.2703,186.5048,-99
9082974176,208.2091,186.5979,-99
9083007509,210.515,184.4087,-99
9083040842,212.8533,181.9864,-99
9083074175,214.5476,182.1587,-99
9083107508,216.0871,179.4972,-99
9083140841,217.0415,176.8031,-99
9083174174,217.0892,172.8425,-99
9083207507,216.9069,170.0771,-99
9083240840,216.4278,166.3093,-99
9083274173,215.9818,164.4833,-99
9083307506,216.9864,161.4239,-99
9083340839,217.6549,158.194,-99
9083374172,220.6467,155.9884,-99
9083407505,222.6182,152.575,-99
9083440838,225.2764,150.8984,-99
9083474171,227.5011,149.1053,-99
9083507504,231.0954,148.086,-99
9083540837,233.6574,146.5255,-99
9083574170,236.9485,144.0234,-99
9083607503,238.5421,143.2158,-99
9083640836,238.2869,141.1612,-99
9083674169,239.1581,140.0891,-99
9083707502,240.0579,138.2421,-99
9083740835,241.0418,137.397,-99
9083774168,240.683,135.8847,-99
9083807501,241.1061,135.2626,-99
9083840834,243.09,134.49,-99
9083874167,247.0481,134.3013,-99
9083907500,249.9926,133.9851,-99
9083940833,252.7615,133.0879,-99
9083974166,256.575,132.1846,-99
9084007499,257.1863,131.6115,-99
9084040832,259.4921,129.6553,-99
9084074165,262.1826,129.5253,-99
9084107498,264.9456,127.2203,-99
9084140831,266.8262,124.6123,-99
9084174164,267.3216,124.3946,-99
9084207497,267.874,121.8981,-99
9084240830,268.9971,120.4752,-99
9084274163,270.7902,117.8653,-99
9084307496,273.0632,117.228,-99
9084340829,275.0106,116.148,-99
9084374162,277.2298,115.6591,-99
9084407495,279.833,115.4361,-99
9084440828,282.6214,115.668,-99
9084474161,285.0185,116.1605,-99
9084500791,288.672,116.026,-99
9084534124,289.4026,116.2487,-99
9084567457,290.7195,115.5014,-99
9084600790,292.3619,114.5553,-99
9084634123,293.5271,113.3048,-99
9084667456,295.4146,111.6134,-99
9084700789,296.2253,109.6126,-99
9084734122,298.5223,110.3973,-99
9084767455,301.0517,109.5886,-99
9084800788,302.6642,111.1208,-99
9084834121,305.2895,111.7829,-99
9084867454,306.6237,112.886,-99
9084900787,308.5169,113.4402,-99
9084934120,310.5171,113.3013,-99
9084967453,312.6024,113.6988,-99
9085000786,314.3958,113.5705,-99
9085034119,316.9193,113.0315,-99
9085067452,318.9649,111.5828,-99
9085100785,319.738,110.3486,-99
9085134118,320.4745,108.4209,-99
9085167451,321.9543,107.6714,-99
9085200784,323.4559,107.1029,-99
9085234117,325.2522,108.6043,-99
9085267450,327.1701,108.6712,-99
9085300783,329.1047,108.9671,-99
9085334116,329.7906,109.462,-99
9085367449,331.9042,109.9751,-99
9085400782,333.1204,110.9184,-99
9085434115,334.0885,111.463,-99
9085467448,336.8022,112.5112,-99
9085500781,338.1509,113.0423,-99
9085534114,337.9089,112.4276,-99
9085567447,339.8119,112.2448,-99
9085600780,342.0526,112.9499,-99
9085634113,344.2088,113.0644,-99
9085667446,345.1845,113.4251,-99
9085700779,345.6141,113.6005,-99
9085734112,346.3705,113.203,-99
9085767445,347.6598,112.8711,-99
9085800778,348.4577,111.4701,-99
9085834111,349.6769,110.9436,-99
9085867444,352.1345,110.8782,-99
9085900777,353.576,111.1002,-99
9085934110,354.6394,110.8674,-99
9085967443,356.4566,111.0732,-99
9086000776,357.2166,111.2321,-99
9086034109,360.2,111.3815,-99
9086067442,362.3269,111.236,-99
9086100775,364.9548,110.4575,-99
9086134108,367.1603,111.27,-99
9086176239,367.4592,112.1953,-99
9086209572,367.876,111.9811,-99
9086242905,370.2792,114.074,-99
9086276238,372.683,115.2409,-99
9086309571,374.5028,116.4557,-99
9086342904,374.9695,117.9485,-99
9086376237,376.3045,119.6287,-99
9086409570,378.4034,121.0084,-99
9086442903,377.6301,121.9269,-99
9086476236,379.372,122.626,-99
9086509569,381.002,124.8563,-99
9086542902,381.677,124.9066,-99
9086576235,384.9284,124.8819,-99
9086609568,387.0828,125.8217,-99
9086642901,388.0622,124.4676,-99
9086676234,389.7781,124.9699,-99
9086709567,389.9947,125.7713,-99
9086742900,390.4556,126.9255,-99
9086776233,391.2727,127.0114,-99
9086809566,391.9238,128.0357,-99
9086842899,394.5275,127.9451,-99
9086876232,397.4101,127.6554,-99
9086909565,397.1231,127.6022,-99
9086942898,400.2817,126.7295,-99
9086976231,401.1371,126.1562,-99
9087009564,403.471,125.5782,-99
9087042897,405.2893,125.2414,-99
9087076230,408.1461,124.2769,-99
9087109563,410.6337,124.3059,-99
9087142896,410.381,126.2631,-99
9087176229,411.0282,128.7086,-99
9087209562,411.3084,131.2672,-99
9087242895,410.3501,132.3441,-99
9087276228,410.9175,133.1979,-99
9087309561,410.7895,133.3947,-99
9087342894,410.7199,133.4212,-99
9087376227,411.6949,134.0495,-99
9087409560,413.2925,134.1722,-99
9087442893,415.0324,134.6093,-99
9087476226,416.425,134.5672,-99
9087509559,416.4854,135.2637,-99
9087542892,417.8936,136.6248,-99
9087576225,417.8703,137.9549,-99
9087609558,417.725,139.3375,-99
9087642891,417.8498,140.1352,-99
9087676224,417.2529,141.0603,-99
9087709557,417.403,141.1511,-99
9087742890,417.834,142.8644,-99
9087776223,418.1314,142.5529,-99
9087809556,417.0847,142.626,-99
9087842889,414.8706,143.6729,-99
9087876222,414.3065,145.3117,-99
9087909555,415.6809,146.9753,-99
9087942888,416.9091,149.0887,-99
9087976221,417.3057,150.4882,-99
9088009554,417.7113,152.0644,-99
9088042887,419.8247,152.5472,-99
9088076220,419.9704,154.2643,-99
9088109553,422.1779,157.0511,-99
9088142886,424.1176,158.6129,-99
9088176219,425.9326,160.1551,-99
9088209552,427.7278,161.235,-99
9088242885,428.8134,163.0236,-99
9088276218,429.0615,164.498,-99
9088309551,430.6787,166.6702,-99
9088342884,432.3812,167.574,-99
9088376217,434.9552,169.3326,-99
9088409550,436.6026,171.8812,-99
9088442883,439.6216,173.6744,-99
9088476216,442.0224,175.4807,-99
9088509549,444.364,177.898,-99
9088542882,445.7146,177.4243,-99
9088576215,444.2896,176.0207,-99
9088609548,445.9928,179.7862,-99
9088642881,449.016,185.8,-99
9088676214,452.0212,189.629,-99
9088709547,453.6592,200.5587,-99
9088742880,452.4211,196.6502,-99
9088776213,453.4987,197.7959,-99
9088809546,454.0733,202.3239,-99
9088842879,457.2198,205.5842,-99
9088876212,456.6909,208.5773,-99
9088909545,456.5878,210.3271,-99
9088942878,458.5032,214.7949,-99
9088976211,461.1821,219.7893,-99
9089009544,465.5,221.6963,-99
9089042877,469.4461,222.6138,-99
9089076210,468.5229,223.8595,-99
9089109543,472.1414,224.5101,-99
9089142876,473.2019,226.3406,-99
9089176209,473.6599,231.1313,-99
9089209542,472.5021,232.2636,-99
9089242875,472.6036,238.7523,-99
9089276208,471.8817,247.1006,-99
9089309541,469.0794,249.2063,-99
9089342874,469.6913,251.4027,-99
9089376207,470.3543,255.2686,-99
9089409540,475.1786,255.1389,-99
9089442873,473.4315,251.7116,-99
9089476206,473.7149,255.4659,-99
9089508586,473.63,259.0057,-99
9089541919,474.4735,262.4381,-99
9089575252,473.8879,263.7208,-99
9089608585,472.3629,265.4812,-99
9089641918,471.672,268.8827,-99
9089675251,471.7813,270.9707,-99
9089708584,471.2981,274.2837,-99
9089741917,470.3369,278.3155,-99
9089775250,469.5685,283.4264,-99
9089808583,470.4043,288.9742,-99
9089841916,468.5689,290.7193,-99
9089875249,466.829,290.9936,-99
9089908582,468.8117,294.1605,-99
9089941915,472.3324,296.1375,-99
9089975248,472.2153,298.6431,-99
9090008581,470.2841,301.8579,-99
9090041914,469.3721,298.4558,-99
9090075247,469.5128,299.594,-99
9090108580,467.4286,304.25,-99
9090141913,464.5616,308.8438,-99
9090175246,464.5775,312.8899,-99
9090208579,464.499,315.5906,-99
9090241912,463.7205,317.2954,-99
9090275245,463.1706,321.2367,-99
9090308578,463.9096,323.308,-99
9090341911,464.2637,325.8017,-99
9090375244,464.8463,327.5984,-99
9090408577,465.9687,328.094,-99
9090441910,467.0216,329.606,-99
9090475243,467.5171,332.4987,-99
9090508576,467.2879,328.8638,-99
9090541909,466.7688,331.2393,-99
9090575242,465.8694,333.8473,-99
9090608575,465.0501,335.7303,-99
9090641908,462.7553,338.1045,-99
9090675241,460.2436,340.4462,-99
9090708574,458.2643,341.2693,-99
9090741907,456.1906,341.0627,-99
9090775240,456.1131,339.0365,-99
9090808573,452.6037,344.0798,-99
9090841906,452.6582,347.2506,-99
9090875239,451.7438,346.7868,-99
9090908572,451.5877,348.907,-99
9090941905,448.3517,351.168,-99
9090975238,450.7912,346.5181,-99
9091008571,452.9282,346.3481,-99
9091041904,445,351.8804,-99
9091075237,441.203,356.9211,-99
9091108570,439.2377,357.0291,-99
9091141903,434.9769,360.7063,-99
9091184035,431.1185,359.5431,-99
9091217368,429.8613,358.875,-99
9091250701,427.0919,359.8144,-99
9091284034,425.1333,360.3257,-99
9091317367,425.6165,359.7743,-99
9091350700,424.6196,361.4928,-99
9091384033,420.029,362.6474,-99
9091417366,418.4307,363.1478,-99
9091450699,416.9123,364.4235,-99
9091484032,413.5151,366.2519,-99
9091517365,411.1408,368.4577,-99
9091550698,410.6923,369.6445,-99
9091584031,409.8703,371.059,-99
9091617364,408.1182,371.5745,-99
9091650697,406.405,373.0275,-99
9091684030,405.2336,374,-99
9091717363,403.0579,375.5648,-99
9091750696,402.1656,377.5882,-99
9091784029,400.8931,381.0432,-99
9091817362,398.3422,383.4951,-99
9091850695,396.0934,386.2463,-99
9091884028,393.3873,387.2341,-99
9091917361,390.9925,387.2688,-99
9091950694,387.748,386.1085,-99
9091984027,390.8615,392.5088,-99
9092017360,390.8188,396.289,-99
9092050693,390.7976,399.1167,-99
9092084026,392.6314,401.4065,-99
9092117359,393.7694,401.5611,-99
9092150692,389.4601,402.9928,-99
9092184025,389.9915,402.154,-99
9092217358,389.4935,402.5217,-99
9092250691,385.9613,402.6606,-99
9092284024,383.3979,402.1957,-99
9092317357,380.9172,402.451,-99
9092350690,379.4847,401.8615,-99
9092384023,377.6797,400.7081,-99
9092417356,375.9335,400.2528,-99
9092450689,374.0567,399.9324,-99
9092484022,372.453,399.785,-99
9092517355,370.5778,401.8914,-99
9092550688,369.4577,402.4966,-99
9092584021,365.2857,401.5226,-99
9092617354,366.8875,401.184,-99
9092650687,366.1489,401.5889,-99
9092684020,364.8456,402.97,-99
9092717353,363.6109,403.4536,-99
9092750686,361.8163,403.6465,-99
9092784019,360.0495,403.1981,-99
9092817352,356.5583,402.9521,-99
9092850685,352.0083,401.7181,-99
9092884018,349.3644,400.4414,-99
9092917351,347.1445,398.9573,-99
9092950684,345.4694,398.0901,-99
9092984017,342.7013,396.5698,-99
9093017350,343.8891,395.5782,-99
9093050683,342.2051,394.9792,-99
9093084016,340.4084,394.6752,-99
9093117349,339.2433,394.6509,-99
9093150682,337.686,395.9799,-99
9093184015,337.2914,396.6645,-99
9093217348,335.5795,398.3137,-99
9093250681,334.4445,399.4052,-99
9093284014,332.622,401.0308,-99
9093317347,331.232,402.6729,-99
9093350680,329.7225,403.1894,-99
9093384013,326.9002,404.7401,-99
9093417346,323.6371,405.3528,-99
9093450679,317.664,405.7177,-99
9093484012,316.1795,406.7989,-99
9093517345,315.5974,409.0241,-99
9093550678,312.8614,410.2523,-99
9093584011,310.6895,411.1507,-99
9093617344,308.8147,412.0268,-99
9093650677,306.6448,413.6018,-99
9093684010,303.2955,414.0952,-99
9093717343,298.5781,413.1953,-99
9093750676,297.1587,412.4921,-99
9093784009,296.0036,410.9016,-99
9093817342,293.7178,409.169,-99
9093850675,290.6515,408.7138,-99
9093884008,288.6744,406.0031,-99
9093917341,287.1011,405.4238,-99
9093950674,288.5714,405.6483,-99
9093984007,287.4861,404.3897,-99
9094017340,286.0135,404.3851,-99
9094050673,285.1553,404.3617,-99
9094084006,284.8799,404.6905,-99
9094117339,284.6013,404.1482,-99
9094150672,283.3608,404.4076,-99
9094184005,281.4815,403.3464,-99
9094217338,279.8376,401.8523,-99
9094250671,278.6718,400.442,-99
9094284004,276.2577,399.8392,-99
9094317337,274.3373,398.5511,-99
9094350670,273.9269,396.7146,-99
9094384003,271.3676,395.5548,-99
9094417336,269.7435,394.4394,-99
9094450669,267.623,393.1806,-99
9094484002,264.7408,392.7706,-99
9094510631,261.991,392.4709,-99
9094543964,260.0555,391.7917,-99
9094577297,257.9609,391.7126,-99
9094610630,255.8615,391,-99
9094643963,254.1065,388.2348,-99
9094677296,255.3372,386.9284,-99
9094710629,253.8811,386.5728,-99
9094743962,252.222,385.7244,-99
9094777295,250.739,384.2887,-99
9094810628,248.4333,384.8071,-99
9094843961,245.4479,385.4858,-99
9094877294,243.1445,385.965,-99
9094910627,241.6262,385.3762,-99
9094943960,239.2217,384.4503,-99
9094977293,237.5774,382.7668,-99
9095010626,236.2506,380.5333,-99
9095043959,234.1198,378.288,-99
9095077292,233.0845,376.392,-99
9095110625,231.5117,374.5023,-99
9095143958,229.4715,373.9826,-99
9095177291,227.495,373.9075,-99
9095210624,225.4148,374.3481,-99
9095243957,224.2193,375.0241,-99
9095277290,222.37,375.3044,-99
9095310623,220.7414,375.6544,-99
9095343956,219.472,375.7266,-99
9095377289,218.9727,374.6523,-99
9095410622,216.8975,374.1025,-99
9095443955,216.9287,373.2391,-99
9095477288,218.3829,372.3707,-99
9095510621,220.1793,371.5884,-99
9095543954,221.1933,371.2578,-99
9095577287,221.4989,370.0504,-99
9095610620,220.818,369.7431,-99
9095643953,220.4596,369.6389,-99
9095677286,218.6848,369.739,-99
9095710619,217.8507,369.6293,-99
9095743952,217.1772,369.8915,-99
9095777285,215.9266,369.8734,-99
9095810618,216.5065,370.0496,-99
9095843951,216.3122,370.0609,-99
9095877284,216.1689,370.4565,-99
9095910617,215.3526,370.4333,-99
9095943950,216.2304,371.144,-99
9095977283,216.2745,370.4319,-99
9096010616,215.7749,370.4723,-99
9096043949,216.5932,369.6989,-99
9096077282,216.3225,368.9638,-99
9096110615,215.2444,367.7876,-99
9096143948,215.9088,366.838,-99
9096183782,214.7444,364.834,-99
9096217115,215.5921,364.1941,-99
9096250448,216.1823,359.6538,-99
9096283781,216.1975,356.5551,-99
9096317114,217.0023,355.1889,-99
9096350447,218.2525,353.905,-99
9096383780,217.4485,351.562,-99
9096417113,217.2351,348.248,-99
9096450446,215.9545,345.2798,-99
9096483779,214.4418,342.2423,-99
9096517112,213.4841,339.6409,-99
9096550445,211.0089,337.5682,-99
9096583778,209.6644,335.118,-99
9096617111,207.2308,334.2354,-99
9096650444,204.4545,333.5175,-99
9096683777,202.5036,332.6096,-99
9096717110,199.9218,331.7946,-99
9096750443,197.7034,331.8557,-99
9096783776,195.288,331.8098,-99
9096817109,193.2199,330.5916,-99
9096850442,191.5415,329.6839,-99
9096883775,190.4922,327.8679,-99
9096917108,188.9197,326.7737,-99
9096950441,186.8904,325.6742,-99
9096983774,185.8989,324.6573,-99
9097017107,184.8252,323.8195,-99
9097050440,184.4246,322.6006,-99
9097083773,184.2378,320.946,-99
9097117106,184.7613,319.4138,-99
9097150439,185.4499,316.8835,-99
9097183772,186.7188,312.6187,-99
9097217105,188.7177,309.2867,-99
9097250438,190.972,306.7651,-99
9097283771,191.7476,306.2924,-99
9097317104,193.1176,304.1324,-99
9097350437,194.1544,302.212,-99
9097383770,195.25,299.1452,-99
9097417103,196.7134,297.0255,-99
9097450436,196.8549,294.3641,-99
9097483769,197.2011,293.0083,-99
9097517102,196.3268,292.4169,-99
9097550435,195.8333,291.7354,-99
9097583768,193.8058,291.315,-99
9097617101,191.1671,290.7251,-99
9097650434,189.2806,289.8036,-99
9097683767,186.8993,289.4101,-99
9097717100,184.2772,287.4619,-99
9097750433,183.6134,286.817,-99
9097783766,183.6192,281.8762,-99
9097817099,184.4086,279.0295,-99
9097850432,185.2593,276.11,-99
9097883765,185.3228,273.0696,-99
9097917098,184.7664,269.7489,-99
9097950431,183.2373,267.7947,-99
9097983764,182.8507,264.7333,-99
9098017097,183.7299,261.1604,-99
9098050430,183.9462,257.9785,-99
9098083763,184.2493,254.0345,-99
9098117096,185.0871,250.1451,-99
9098150429,185.7398,246.0623,-99
9098183762,187.0266,242.4602,-99
9098217095,188.7177,239.5495,-99
9098250428,190.6658,237.0411,-99
9098283761,190.3225,233.2547,-99
9098317094,191.4742,231.9948,-99
9098350427,190.0509,227.9669,-99
9098383760,189.3085,224.9353,-99
9098417093,189.1414,223.9975,-99
9098450426,187.0195,221.2201,-99
9098483759,187.1003,220.8078,-99
9098517092,187.3488,216.9793,-99
9098550425,188.8575,214.0773,-99
9098583758,190.7158,212.3158,-99
9098617091,191.6236,208.4885,-99
9098650424,195.9652,206.7239,-99
9098683757,197.1575,204.6796,-99
9098717090,199.0926,201.06,-99
9098750423,201.4425,198.3,-99
9098783756,203.7279,194.7231,-99
9098817089,206.017,191.8616,-99
9098850422,206.9969,188.88,-99
9098883755,208.7074,186.0483,-99
9098917088,210.1787,184.2507,-99
9098950421,211.4428,181.7067,-99
9098983754,211.8617,178.2686,-99
9099017087,212.5693,177.2743,-99
9099050420,212.3775,173.9127,-99
9099083753,212.1971,172.3571,-99
9099117086,212.3352,169.6592,-99
9099150419,212.3704,168.9516,-99
9099183752,213.3968,166.1448,-99
9099217085,216.0359,165.2718,-99
9099250418,219.2405,162.2886,-99
9099283751,221.8021,159.4312,-99
9099317084,222.2042,157.6549,-99
9099350417,222.8513,154.418,-99
9099383750,225.7616,152.6773,-99
9099417083,228.015,149.7357,-99
9099450416,230.0162,146.5459,-99
9099483749,232.6381,145.3566,-99
9099518458,234.3936,142.9475,-99
9099551791,237.5157,141.178,-99
9099585124,240.7457,139.7197,-99
9099618457,243.9342,137.6177,-99
9099651790,247.5594,135.9652,-99
9099685123,251.338,134.5457,-99
9099718456,254.7068,132.817,-99
9099751789,257.8,132.7425,-99
9099785122,260.0287,131.808,-99
9099818455,261.6126,129.978,-99
9099851788,262.8542,128.0991,-99
9099885121,263.7559,126.0866,-99
9099918454,263.8686,125.2279,-99
9099951787,265.6778,124.8144,-99
9099985120,268.3445,122.9244,-99
9100018453,272.1338,121.4485,-99
9100051786,274.9547,120.2083,-99
9100085119,277.1816,119.6498,-99
9100118452,279.3477,119.1063,-99
9100151785,281.1037,117.3975,-99
9100185118,283.4691,116.4719,-99
9100218451,285.9612,113.9806,-99
9100251784,288.2095,113.2793,-99
9100285117,290.0425,113.3723,-99
9100318450,291.1115,111.8576,-99
9100351783,291.418,111.1858,-99
9100385116,291.9836,110.0954,-99
9100418449,294.2802,110.5507,-99
9100451782,297.5659,110.0116,-99
9100485115,299.1837,109.9915,-99
9100518448,300.9835,110.0309,-99
9100551781,302.24,110.162,-99
9100585114,304.5885,110.7097,-99
9100618447,306.2253,111.3147,-99
9100651780,308.337,111.1574,-99
9100685113,310.0817,110.8151,-99
9100718446,310.6049,109.2049,-99
9100751779,312.3646,109.1316,-99
9100785112,313.6346,108.5989,-99
9100818445,315.8868,110.1174,-99
9100851778,317.8821,111.1046,-99
9100885111,319.3443,112.5876,-99
9100918444,320.2235,114.8871,-99
9100951777,322.9769,115.3655,-99
9100985110,324.1644,115.9785,-99
9101018443,325.7809,117.4663,-99
9101051776,327.4577,118.991,-99
9101085109,328.5849,119.6956,-99
9101118442,329.6125,119.9667,-99
9101151775,332.9316,119.563,-99
9101185108,332.9345,118.5655,-99
9101218441,334.5922,117.0559,-99
9101251774,336.061,116.5517,-99
9101285107,336.9357,117.6324,-99
9101318440,339.048,117.6136,-99
9101351773,339.8448,117.4532,-99
9101385106,342.3165,117.5519,-99
9101418439,345.3986,118.6131,-99
9101451772,349.4149,119.3954,-99
9101485105,351.6344,119.3656,-99
9101518438,353.6597,120.076,-99
9101551771,355.6955,120.4897,-99
9101585104,358.1737,120.6886,-99
9101618437,360.3621,121.8901,-99
9101651770,362.6787,122.5602,-99
9101685103,364.5578,123.0822,-99
9101718436,367.1976,123.6522,-99
9101751769,368.8111,123.6918,-99
9101785102,370.3213,123.0582,-99
9101818435,370.7346,121.2408,-99
9101851768,372.6401,120.5501,-99
9101885101,374.1907,120.1744,-99
9101918434,375.282,119.9077,-99
9101951767,376.8646,120.0156,-99
9101985100,378.9044,120.3196,-99
9102018433,380.6282,120.5205,-99
9102051766,383.13,120.4927,-99
9102085099,384.334,121.3913,-99
9102118432,386.1136,122.2289,-99
9102151765,385.948,123.2931,-99
9102185098,385.8995,125.1483,-99
9102218431,388.2065,125.9032,-99
9102251764,390.3972,125.9393,-99
9102285097,392.466,125.6835,-99
9102318430,395.5788,126.3133,-99
9102351763,397.863,126.4812,-99
9102385096,399.548,127.2222,-99
9102418429,401.4709,128.1291,-99
9102451762,401.3541,128.9339,-99
9102485095,403.3192,130.5515,-99
9102518428,404.6133,132.1731,-99
9102551761,405.9043,133.8368,-99
9102585094,407.5456,135.8291,-99
9102618427,408.7303,137.2953,-99
9102651760,409.8689,137.7397,-99
9102685093,412.3819,139.7975,-99
9102718426,413.7729,140.4509,-99
9102751759,414.9879,141.1485,-99
9102785092,414.4972,142.0132,-99
9102818425,414.7252,143.5401,-99
9102860556,414.7718,145.0595,-99
9102893889,415.002,145.254,-99
9102927222,415.2857,145.5859,-99
9102960555,415.6071,146.6476,-99
9102993888,415.9566,147.3446,-99
9103027221,418.739,148.0398,-99
9103060554,421.7218,148.8405,-99
9103093887,424.5814,150.0073,-99
9103127220,426.7335,150.4514,-99
9103160553,429.1952,152.1199,-99
9103193886,429.9653,153.422,-99
9103227219,430.9937,155.0869,-99
9103260552,432.4943,157.3504,-99
9103293885,434.8231,158.6581,-99
9103327218,436.8482,160.112,-99
9103360551,438.9403,161.0307,-99
9103393884,441.5866,161.5047,-99
9103427217,441.9918,161.9052,-99
9103460550,442.2954,163.0197,-99
9103493883,444.2642,164.4277,-99
9103527216,445.2404,165.5897,-99
9103560549,446.6889,168.3357,-99
9103593882,447.3821,170.6407,-99
9103627215,447.9521,172.6688,-99
9103660548,449.5769,175.6174,-99
9103693881,450.5268,178.1518,-99
9103727214,450.8171,178.4418,-99
9103760547,451.3666,179.2469,-99
9103793880,451.2928,181.0737,-99
9103827213,452.0515,182.0598,-99
9103860546,453.9562,183.4343,-99
9103893879,455.1904,183.0615,-99
9103927212,456.3582,182.9417,-99
9103960545,457.2016,182.7258,-99
9103993878,458.0944,182.8476,-99
9104027211,460.542,183.1029,-99
9104060544,462.8522,183.3381,-99
9104093877,464.9821,184.0875,-99
9104127210,465.0224,186.1951,-99
9104160543,464.0163,188.1102,-99
9104193876,462.1155,191.6754,-99
9104227209,461.757,193.2872,-99
9104260542,461.3182,193.9269,-99
9104293875,459.8613,193.4428,-99
9104327208,459.4099,190.7568,-99
9104360541,458.5494,191.679,-99
9104393874,459.6253,195.3139,-99
9104427207,459.224,198.2175,-99
9104460540,459.0549,198.6648,-99
9104493873,461.9866,200.2121,-99
9104532754,461.8532,199.9901,-99
9104566087,459.9681,198.3652,-99
9104599420,457.9455,201.2467,-99
9104632753,456.7518,202.6642,-99
9104666086,455.69,203.1911,-99
9104699419,454.0952,204.5909,-99
9104732752,453.7912,202.7552,-99
9104766085,454.2205,204.2271,-99
9104799418,455.0147,204.7053,-99
9104832751,456.538,204.0329,-99
9104866084,457.3617,203.4096,-99
9104899417,458.3585,203.7041,-99
9104932750,459.0209,203.7343,-99
9104966083,459.558,204.1867,-99
9104999416,459.1689,203.5833,-99
9105032749,459.6459,203.4365,-99
9105066082,459.7405,203.4207,-99
9105099415,461.295,201.4129,-99
9105132748,461.5092,200.9601,-99
9105166081,461.7695,200.3669,-99
9105199414,462.5452,201.1037,-99
9105232747,463.811,200.4794,-99
9105266080,465.3846,198.5869,-99
9105299413,467.3773,197.4042,-99
9105332746,469.3474,194.9698,-99
9105366079,471.6301,190.8048,-99
9105399412,473.739,187.249,-99
9105432745,475.364,184.0882,-99
9105466078,476.4388,180.9532,-99
9105499411,477.571,177.321,-99
9105532744,478.7525,174.0915,-99
9105566077,480.6991,172.1917,-99
9105599410,482.1482,168.7377,-99
9105632743,482.2755,166.8264,-99
9105666076,482.9242,164.9329,-99
9105699409,483.5555,163.7832,-99
9105732742,484.5175,162.2018,-99
9105766075,484.6901,161.7515,-99
9105799408,484.8477,161.806,-99
9105832741,484.5292,162.2554,-99
9105866074,484.4254,161.9937,-99
9105899407,484.2592,162.5617,-99
9105932740,484.4655,163.1063,-99
9105966073,483.8352,163.0085,-99
9105999406,483.7633,164.4043,-99
9106032739,483.6728,165.8575,-99
9106066072,483.7089,166.4933,-99
9106099405,483.4644,167.828,-99
9106132738,483.3784,169.5338,-99
9106166071,482.3343,171.7534,-99
9106199404,482.1963,173.9045,-99
9106232737,481.8531,176.482,-99
9106266070,480.9775,178.738,-99
9106299403,479.7895,181.8289,-99
9106332736,478.0026,184.4407,-99
9106366069,476.9681,186.5133,-99
9106399402,475.696,188.9707,-99
9106432735,474.8605,190.7342,-99
9106466068,473.2043,193.1371,-99
9106499401,470.503,195.9061,-99
9106532734,466.9142,198.9527,-99
9106566067,464.848,200.4773,-99
9106599400,460.6826,202.8343,-99
9106632733,457.5075,204.6005,-99
9106666066,454.9975,205.8922,-99
9106699399,452.2089,206.3551,-99
9106732732,450.5726,206.5699,-99
9106766065,449.5452,207.478,-99
9106799398,448.3781,208.2301,-99
9106832731,448.1425,210.0665,-99
9106866064,448.2917,210.4444,-99
9106899397,447.8732,210.8263,-99
9106932730,447.8023,210.8204,-99
9106966063,447.1754,211.6879,-99
9106999396,447.456,211.3115,-99
9107032729,447.4279,213.1059,-99
9107066062,447.2505,214.4634,-99
9107099395,448.7326,215.7116,-99
9107132728,449.5374,217.112,-99
9107166061,450.7716,217.366,-99
9107199394,451.0159,219.4432,-99
9107232727,450.183,219.3156,-99
9107266060,454.9408,220.5164,-99
9107299393,457.3864,224.6414,-99
9107332726,459.5543,226.4906,-99
9107366059,456.5152,230.1574,-99
9107399392,458.1786,232.4808,-99
9107432725,460.7796,231.7151,-99
9107466058,461.6688,233.3758,-99
9107499391,460.8061,238.6879,-99
9107532724,463.2159,239.346,-99
9107566057,462.6451,238.6485,-99
9107599390,465.1854,241.461,-99
9107632723,465.1096,244.364,-99
9107666056,466.5676,244.872,-99
9107699389,468.9281,244.9438,-99
9107732722,469.8503,249.377,-99
9107766055,469.1127,254.0501,-99
9107799388,469.8995,255.653,-99
9107832721,470.9514,256.4595,-99
9107860273,470.4922,259.2135,-99
9107893606,471.2038,260.5255,-99
9107926939,470.7153,263.3876,-99
9107960272,471.0341,264.8209,-99
9107993605,470.7218,265.3839,-99
9108026938,470.6149,267.705,-99
9108060271,470.12,268.1929,-99
9108093604,469.517,267.9597,-99
9108126937,472.2907,265.652,-99
9108160270,471.4825,269.0778,-99
9108193603,468.7196,278.8878,-99
9108226936,469.2266,279.6941,-99
9108260269,470.6726,282.8864,-99
9108293602,468.4029,284.4667,-99
9108326935,467.8294,287.4541,-99
9108360268,466.7186,291.1393,-99
9108393601,465.0127,291.962,-99
9108426934,466.478,292.1258,-99
9108460267,462.5842,294.7364,-99
9108493600,458.492,296.9787,-99
9108526933,457.6589,298.4603,-99
9108560266,459.1652,297.7014,-99
9108593599,456.9306,301.6792,-99
9108626932,457.6113,302.3009,-99
9108660265,460.2052,304.1329,-99
9108693598,460.1718,306.031,-99
9108726931,460.4662,308.5981,-99
9108760264,461.0869,310.8758,-99
9108793597,458.4778,314.5714,-99
9108826930,458,316.3052,-99
9108860263,455.152,317.0927,-99
9108893596,451.4094,319.0362,-99
9108926929,453.0703,321.7764,-99
9108960262,453.3333,326.4704,-99
9108993595,448.2677,330.0858,-99
9109026928,452.2758,328.0273,-99
9109060261,453.6366,327.2639,-99
9109093594,454.9224,328.7177,-99
9109126927,455.5753,329.7397,-99
9109160260,455.666,329.6639,-99
9109193593,454.9979,330.3883,-99
9109226926,453.5437,331.6147,-99
9109260259,452.5241,331.893,-99
9109293592,449.9437,333.5684,-99
9109326925,447.3283,335.5745,-99
9109360258,443.3123,336.2149,-99
9109393591,442.0034,336.0101,-99
9109426924,442.4435,335.9958,-99
9109460257,440.4949,342.9617,-99
9109493590,437.6775,346.0757,-99
9109526001,437.4106,347.9051,-99
9109559334,438.0368,349.8263,-99
9109592667,438.677,351.4907,-99
9109626000,439.2976,350.4102,-99
9109659333,436.3155,352.6481,-99
9109692666,433.9416,353.4323,-99
9109725999,431.5493,354.4277,-99
9109759332,430.5116,356.9457,-99
9109792665,427.842,357.8788,-99
9109825998,423.067,359.1358,-99
9109859331,422.6416,360.2725,-99
9109892664,417.5509,362.6291,-99
9109925997,415.208,363.9033,-99
9109959330,413.7273,365.2066,-99
9109992663,411.3834,366.5009,-99
9110025996,409.8242,368.1248,-99
9110059329,409.2533,369.8622,-99
9110092662,409.0699,370.6088,-99
9110125995,411.3591,371.9448,-99
9110159328,409.7161,374.4757,-99
9110192661,405.5599,375.5403,-99
9110225994,405.2442,376.6157,-99
9110259327,401.0435,378.4489,-99
9110292660,400.8194,379.7137,-99
9110325993,398.5047,380.5758,-99
9110359326,395.9323,383.2686,-99
9110392659,393.5876,385.6336,-99
9110425992,394.2901,386.7845,-99
9110459325,392.7322,387.4372,-99
9110492658,392.0494,390.0432,-99
9110525991,391.2691,391.5199,-99
9110559324,388.5452,392.7846,-99
9110592657,384.7764,392.6454,-99
9110625990,383.3055,392.8618,-99
9110659323,382.3287,393.5121,-99
9110692656,381.1437,393.6388,-99
9110725989,379.1092,394.2655,-99
9110759322,376.2575,395.4816,-99
9110792655,375.7423,395.9982,-99
9110825988,376.1716,396.5824,-99
9110859321,374.1556,397.119,-99
9110892654,372.1425,398.8575,-99
9110925987,371.2653,399.7075,-99
9110959320,369.1845,400.4852,-99
9110992653,365.6642,400.9207,-99
9111025986,368.0023,400.9514,-99
9111059319,365.1439,401.3271,-99
9111092652,364.7177,401.5816,-99
9111125985,364.9554,402.1242,-99
9111159318,366.0464,401.6857,-99
9111201449,364.3295,401.9028,-99
9111234782,366.0699,401.9131,-99
9111268115,366.8338,397.826,-99
9111301448,363.4328,395.713,-99
9111334781,360.3535,397.8039,-99
9111368114,359.4288,395.5977,-99
9111401447,359.0965,394.0425,-99
9111434780,356.6844,393.5648,-99
9111468113,355.7968,393.6704,-99
9111501446,355.7141,393.1066,-99
9111534779,355.754,393.2674,-99
9111568112,354.0912,392.1067,-99
9111601445,353.8172,390.4868,-99
9111634778,353.0211,389.4348,-99
9111668111,354.4989,388.5534,-99
9111701444,353.1706,388.1002,-99
9111734777,352.282,387.9758,-99
9111768110,350.8392,389.1498,-99
9111801443,350.2317,390.7933,-99
9111834776,348.6532,392.2477,-99
9111868109,347.3932,393.9937,-99
9111901442,345.2892,395.5033,-99
9111934775,343.4653,397.1969,-99
9111968108,342.0357,399.1585,-99
9112001441,340.5893,401.4174,-99
9112034774,340.5962,403.3444,-99
9112068107,340.2193,406.0543,-99
9112101440,340.7845,408.4543,-99
9112134773,341.5527,411.036,-99
9112168106,342.6625,413.0769,-99
9112201439,344.7784,417.4987,-99
9112234772,346.3342,421.1285,-99
9112268105,349.3397,425.9556,-99
9112301438,348.2592,428.709,-99
9112334771,346.3404,431.0479,-99
9112368104,348.61,432.2033,-99
9112401437,344.5352,433.375,-99
9112434770,347.7522,433.3805,-99
9112468103,349.5212,429.7212,-99
9112501436,348.1642,428.2836,-99
9112534769,346.1244,427.7668,-99
9112568102,346.9857,428.7464,-99
9112601435,349.162,427.743,-99
9112634768,353.0927,428.3073,-99
9112668101,356.1368,428.8737,-99
9112701434,359.5637,429.9458,-99
9112734767,364.5743,431.8714,-99
9112768100,367.3473,432.2559,-99
9112801433,371.5718,433.953,-99
9112834766,374.147,435.7807,-99
9112868099,377.9435,439.3979,-99
9112901432,377.0128,441.4923,-99
9112934765,379.1371,439.6076,-99
9112968098,381.7971,439.1174,-99
9113001431,385.4966,439.3702,-99
9113034764,387.8721,439.7625,-99
9113068097,391.3127,440.0155,-99
9113101430,393.0049,439.6413,-99
9113134763,395.6455,438.3007,-99
9113168096,399.1353,437.7475,-99
9113201429,401.2333,437.5333,-99
9113234762,404.1858,436.5648,-99
9113268095,406.2372,434.3019,-99
9113301428,407.6043,434.0154,-99
9113334761,409.2925,430.8857,-99
9113368094,409.9427,429.0417,-99
9113401427,409.8818,428.0961,-99
9113434760,408.5148,427.9089,-99
9113468093,406.7791,427.5655,-99
9113501426,404.0568,427.9086,-99
9113534759,400.7346,428.1818,-99
9113568092,396.4668,428.1659,-99
9113601425,391.1824,429.1086,-99
9113634758,386.1696,429.0435,-99
9113668091,379.4628,429.4763,-99
9113701424,371.718,429.5827,-99
9113734757,365.2034,428.1036,-99
9113768090,357.3048,427.4833,-99
9113801423,349.8379,425.7402,-99
9113834756,343.1238,422.7543,-99
9113868089,336.4217,417.7071,-99
9113901422,332.8105,416.3046,-99
9113934755,329.7703,415.5653,-99
9113968088,326.6253,412.8102,-99
9114001421,325.559,409.6638,-99
9114034754,323.7122,408.5569,-99
9114068087,324.3922,405.8912,-99
9114101420,321.336,402.8417,-99
9114134753,321.8779,401.9893,-99
9114168086,320.4977,400.7324,-99
9114201419,318.5211,399.385,-99
9114234752,315.6242,398.8615,-99
9114268085,312.551,398.9163,-99
9114301418,310.6082,398.9143,-99
9114334751,308.7992,399.6105,-99
9114368084,306.9837,400.1809,-99
9114401417,307.0665,399.1888,-99
9114434750,306.3061,399.0204,-99
9114468083,305.1106,397.9543,-99
9114501416,303.4038,398.0841,-99
9114530577,301.4052,396.5948,-99
9114563910,299.851,396.1226,-99
9114597243,297.4279,396.3558,-99
9114630576,294.5708,397.3735,-99
9114663909,292.1808,398.4027,-99
9114697242,289.5867,400.5244,-99
9114730575,285.6044,403.4222,-99
9114763908,280.6219,403.4437,-99
9114797241,278.684,404.3598,-99
9114830574,277.0035,404.1916,-99
9114863907,276.2365,403.4134,-99
9114897240,274.0503,400.9408,-99
9114930573,272.3485,398.5009,-99
9114963906,271.5162,396.4686,-99
9114997239,269.702,393.6885,-99
9115030572,270.4716,393.8057,-99
9115063905,268.2445,391.8789,-99
9115097238,265.5884,391.4867,-99
9115130571,264.3012,390.2447,-99
9115163904,262.6575,390.3225,-99
9115197237,262.6983,390.0195,-99
9115230570,261.7654,389.8701,-99
9115263903,260.2629,390.769,-99
9115297236,259.6449,390.1892,-99
9115330569,258.4279,389.8401,-99
9115363902,257.1986,389.1247,-99
9115397235,255.3492,388.1116,-99
9115430568,253.5724,386.2049,-99
9115463901,251.2754,385.5918,-99
9115497234,249.5568,383.9773,-99
9115530567,247.154,382.7359,-99
9115563900,246.3506,380.8988,-99
9115597233,244.0412,379.7119,-99
9115630566,241.7288,379.1477,-99
9115663899,240.7348,377.0633,-99
9115697232,239.1181,375.3904,-99
9115730565,236.2482,374.0747,-99
9115763898,234.5872,372.0884,-99
9115797231,234.1144,370.5194,-99
9115830564,232.7797,369.9035,-99
9115863897,231.1837,369.9721,-99
9115897230,230.1289,370.0645,-99
9115930563,229.1145,370.3131,-99
9115963896,227.7322,370.3768,-99
9115997229,226.3079,370.2242,-99
9116030562,225.5697,369.3881,-99
9116063895,223.8358,368.529,-99
9116097228,223.686,368.0241,-99
9116130561,222.5863,367.5355,-99
9116163894,221.6867,366.797,-99
9116209276,221.1293,366.3395,-99
9116242609,218.6908,366.2367,-99
9116275942,217.1872,366.4261,-99
9116309275,214.8971,366.6691,-99
9116342608,212.9975,367.25,-99
9116375941,211.2751,368,-99
9116409274,210.1382,368.2412,-99
9116442607,208.351,367.9399,-99
9116475940,208.2751,367.5219,-99
9116509273,207.4563,366.7913,-99
9116542606,205.7582,362.9978,-99
9116575939,205.5095,359.313,-99
9116609272,207.7365,356.446,-99
9116642605,209.0262,352.3528,-99
9116675938,210.3314,347.7329,-99
9116709271,211.8943,347.3608,-99
9116742604,212.6254,345.0058,-99
9116775937,213.8359,342.2604,-99
9116809270,212.4659,339.5976,-99
9116842603,211.9799,337.2344,-99
9116875936,211.7195,336.2322,-99
9116909269,210.3275,335.2746,-99
9116942602,208.5182,334.6667,-99
9116975935,206.7681,334.6884,-99
9117009268,204.8467,334.4866,-99
9117042601,202.8427,334.2324,-99
9117075934,200.6909,333.9318,-99
9117109267,198.4095,334.4333,-99
9117142600,197.1436,334.8643,-99
9117175933,195.2519,334.0274,-99
9117209266,194.5804,333.3613,-99
9117242599,193.1557,331.5961,-99
9117275932,192.5538,327.7566,-99
9117309265,191.5378,327.0243,-99
9117342598,190.4045,325.6332,-99
9117375931,191.1603,323.4212,-99
9117409264,190.3131,321.3409,-99
9117442597,190.1566,319.8846,-99
9117475930,189.2927,318.2487,-99
9117509263,189.0522,317.4918,-99
9117542596,189.1401,314.7927,-99
9117575929,189.0133,313.6569,-99
9117609262,188.9435,310.7635,-99
9117642595,189.1593,307.7445,-99
9117675928,187.5414,304.8895,-99
9117709261,188.0488,302.5784,-99
9117742594,187.664,299.2328,-99
9117775927,187.6264,295.1593,-99
9117809260,188.0967,292.5045,-99
9117842593,188.8197,291.2282,-99
9117875926,188.0904,290.2624,-99
9117909259,186.4145,287.8232,-99
9117942592,185.926,287.5829,-99
9117975925,185.9534,287.4431,-99
9118009258,185.1096,285.2877,-99
9118042591,184.3039,283.4862,-99
9118075924,185.3944,280.6056,-99
9118109257,187.0246,277.6264,-99
9118142590,188.9493,275.4109,-99
9118175923,189.803,273.0346,-99
9118209256,190.0724,271.9206,-99
9118242589,189.7136,269.5601,-99
9118275922,188.685,266.0052,-99
9118309255,189.6253,263.8759,-99
9118342588,188.7884,262.2487,-99
9118375921,189.1022,259.7956,-99
9118409254,188.3942,256.7668,-99
9118442587,188.6576,256.4039,-99
9118475920,188.3376,253.4501,-99
9118509253,186.6134,249.0952,-99
9118542586,186.9408,246.9183,-99
9118575919,187.4808,243.4041,-99
9118609252,188.6126,240.0602,-99
9118642585,189.1335,235.4861,-99
9118675918,190.1862,232.1909,-99
9118709251,189.9435,228.0977,-99
9118742584,189.2925,226.3621,-99
9118775917,189.2524,224.019,-99
9118809250,187.5499,221.5364,-99
9118842583,187.7794,220.2255,-99
9118875916,185.7704,218.7282,-99
9118909249,183.9145,215.4404,-99
9118942582,184.1175,216.0288,-99
9118975915,182.9428,216.1526,-99
9119009248,181.7709,213.6981,-99
9119042581,182.8918,213.1214,-99
9119075914,183.6723,209,-99
9119109247,187.6708,206.2277,-99
9119142580,187.7003,204.5659,-99
9119175913,188.9294,201.9592,-99
9119209246,191.2312,201.117,-99
9119242579,192.0231,196.9453,-99
9119275912,193.8747,194.8095,-99
9119309245,195.1171,193.0971,-99
9119342578,196.4278,189.3025,-99
9119375911,198.8318,187.4977,-99
9119409244,199.0809,183.4465,-99
9119442577,201.1366,183.2371,-99
9119475910,201.3411,180.4444,-99
9119509243,202.2643,179.0389,-99
9119538404,202.8078,177.7273,-99
9119571737,202.7094,176.3932,-99
9119605070,203.0825,174.5121,-99
9119638403,202.571,172.9602,-99
9119671736,202.4626,172.2936,-99
9119705069,203.696,171.5796,-99
9119738402,205.6022,169.9543,-99
9119771735,206.3039,169.7888,-99
9119805068,206.8586,168.6076,-99
9119838401,207.2187,168.0273,-99
9119871734,205.6553,166.7482,-99
9119905067,206.6405,166.4506,-99
9119938400,206.7225,164.4011,-99
9119971733,206.25,163.8952,-99
9120005066,206.8924,162.958,-99
9120038399,207.8371,162.8855,-99
9120071732,208.7847,162.139,-99
9120105065,210.0276,162.1779,-99
9120138398,210.5461,161.4397,-99
9120171731,211.1385,160.33,-99
9120205064,210.8589,158.5198,-99
9120238397,209.8801,157.7314,-99
9120271730,209.9975,155.5517,-99
9120305063,209.8955,153.8409,-99
9120338396,210.1392,152.0658,-99
9120371729,210.5339,150.1823,-99
9120405062,210.6364,147.6572,-99
9120438395,210.8269,146.1923,-99
9120471728,212.0575,145.7068,-99
9120505061,212.4135,143.9162,-99
9120538394,213.6423,142.1788,-99
9120571727,214.8701,141.3644,-99
9120605060,215.4136,140.5354,-99
9120638393,216.3557,141.2409,-99
9120671726,215.5274,140.8963,-99
9120705059,214.7301,141.2577,-99
9120738392,213.4127,141.019,-99
9120771725,212.0408,140.9913,-99
9120805058,209.2018,139.155,-99
9120838391,207.4126,139.1807,-99
9120871724,205.6881,139.7003,-99
9120905057,204.1671,140.1066,-99
9120938390,203.2141,140.4366,-99
9120971723,202.1474,139.9306,-99
9121005056,202.2585,139.7939,-99
9121038389,201.6143,140.1185,-99
9121071722,201.8146,140.2401,-99
9121105055,201.8579,140.3807,-99
9121138388,202.3296,140.4441,-99
9121171721,202.5,140.6358,-99
9121202522,203.3952,140.8859,-99
9121235855,203.6487,140.3539,-99
9121269188,203.3622,140.6301,-99
9121302521,202.9439,141.7551,-99
9121335854,201.3288,141.3288,-99
9121369187,200.7753,141.5562,-99
9121402520,199.8992,141.5013,-99
9121435853,199.6878,141.8122,-99
9121469186,198.3818,142,-99
9121502519,196.8554,141.788,-99
9121535852,195.3077,141.8089,-99
9121569185,193.7558,141.9221,-99
9121602518,190.4837,141.5088,-99
9121635851,187.9798,141.4646,-99
9121669184,185.2192,141.5271,-99
9121702517,182.7836,141.9801,-99
9121735850,178.9757,142.0704,-99
9121769183,176.1392,142.9392,-99
9121802516,173.4414,144.0463,-99
9121835849,170.3875,144.5827,-99
9121869182,168.6393,145.4536,-99
9121902515,165.8122,146.1058,-99
9121935848,162.4485,147.0335,-99
9121969181,159.8015,147.6881,-99
9122002514,157.3497,148.0583,-99
9122035847,155.3712,148.3851,-99
9122069180,153.8447,149.0188,-99
9122102513,152.0366,148.3364,-99
9122135846,150.3588,145.5329,-99
9122169179,149.8715,145.4648,-99
9122202512,149.5888,145.404,-99
9122235845,149.2113,144.9547,-99
9122269178,148.6073,144.4679,-99
9122302511,148.426,144.1718,-99
9122335844,147.6544,143.5515,-99
9122369177,147.8987,143.5105,-99
9122402510,148.2552,145.3035,-99
9122435843,147.6115,145.0551,-99
9122469176,147.3912,144.4694,-99
9122502509,147.5424,144.5036,-99
9122535842,147.3098,144.3537,-99
9122569175,147.403,144.5307,-99
9122602508,147.2165,144.8706,-99
9122635841,147.3301,144.9804,-99
9122669174,148.0639,145.9509,-99
9122702507,147.8109,145.2811,-99
9122735840,148.2494,146.0367,-99
9122769173,148.6946,145.9409,-99
9122802506,148.9976,146.3317,-99
9122835839,149.8164,146.7754,-99
9122877971,149.8947,147.4976,-99
9122911304,151.007,147.9883,-99
9122944637,151.0787,148.7569,-99
9122977970,152.8051,149.4076,-99
9123011303,153.26,149.69,-99
9123044636,154.2518,150.0198,-99
9123077969,155.1247,150.2103,-99
9123111302,156.4195,150.0049,-99
9123144635,158.4051,149.5595,-99
9123177968,160.0811,147.2658,-99
9123211301,164.3421,143.6982,-99
9123244634,169.6279,143.1767,-99
9123277967,175.8052,141.0087,-99
9123311300,183.3094,140.5817,-99
9123344633,190.4014,139.1116,-99
9123377966,198.754,139.4092,-99
9123411299,206.3196,140.7174,-99
9123444632,211.4366,142.1335,-99
9123477965,215.6004,143.9958,-99
9123511298,218.7064,145.0023,-99
9123544631,219.9972,146.4155,-99
9123577964,222.2269,148,-99
9123611297,223.3071,148.9881,-99
9123644630,225.3047,150.4442,-99
9123677963,226.8571,151.644,-99
9123711296,228.467,152.0251,-99
9123744629,229.3891,152.0724,-99
9123777962,229.163,151.3017,-99
9123811295,230.4286,149.3487,-99
9123844628,230.8229,148.1499,-99
9123877961,231.7865,145.8243,-99
9123911294,233.0129,144.9201,-99
9123944627,235.3647,143.9153,-99
9123977960,236.8252,142.8609,-99
9124011293,238.5675,141.184,-99
9124044626,239.4066,140.3168,-99
9124077959,241.7083,139.5258,-99
9124111292,244.7703,138.0833,-99
9124144625,247.002,136.3125,-99
9124177958,247.8428,134.4021,-99
9124211291,251.2005,133.2817,-99
9124244624,253.6129,132.7823,-99
9124277957,256.7032,129.5036,-99
9124311290,260.5081,128.8351,-99
9124344623,264.03,125.2225,-99
9124377956,267.382,124.1152,-99
9124411289,271.1739,121.9103,-99
9124444622,274.3235,120.8275,-99
9124477955,276.8818,119.8588,-99
9124511288,279.907,117.4732,-99
9124544621,281.9424,116.8545,-99
9124577954,283.0058,112.5889,-99
9124611287,284.1079,111.5143,-99
9124644620,283.5538,108.2688,-99
9124677953,283.9787,107.1799,-99
9124711286,286.8105,106.0105,-99
9124744619,287.6899,106.0023,-99
9124777952,289.8709,105.9139,-99
9124811285,291.1752,107.2664,-99
9124844618,293.2756,108.9537,-99
9124877951,296.9606,110.231,-99
9124911284,300.0718,110.8122,-99
9124944617,303.3901,110.9461,-99
9124977950,305.6918,110.3379,-99
9125011283,308.3643,110.5313,-99
9125044616,309.7856,110.3205,-99
9125077949,312.5576,110.5388,-99
9125111282,315.0932,111.0932,-99
9125144615,317.8155,111.506,-99
9125177948,321.5065,111.5231,-99
9125211281,324.1906,111.9493,-99
9125244614,327.1226,112.2874,-99
9125277947,329.2367,113.2854,-99
9125311280,332.1612,114.8649,-99
9125344613,335.3995,114.6618,-99
9125377946,337.0582,114.6058,-99
9125411279,340.01,114.4887,-99
9125444612,342.5496,114.7614,-99
9125477945,344.0025,114.4685,-99
9125511278,346.2267,113.3325,-99
9125544611,348.1296,112.6479,-99
9125577944,350.8513,112.6399,-99
9125611277,353.3239,111.9242,-99
9125644610,353.8458,112.4689,-99
9125677943,356.1063,113.6869,-99
9125711276,358.878,114.3534,-99
9125744609,360.0901,115.3873,-99
9125777942,362.8495,116.9161,-99
9125811275,367.7614,117.0401,-99
9125844608,369.8393,117.7738,-99
9125877941,373.5921,117.7307,-99
9125911274,377.771,118.3989,-99
9125944607,379.4114,119.0957,-99
9125977940,381.9211,119.0458,-99
9126011273,385.092,121.0363,-99
9126044606,387.1973,121.9401,-99
9126077939,390.4931,122.9234,-99
9126111272,391.6633,124.4939,-99
9126144605,393.9832,124.9645,-99
9126177938,396.4398,126.4079,-99
9126212646,398.8092,128.1272,-99
9126245979,402.0193,128.973,-99
9126279312,404.6524,130.2286,-99
9126312645,405.1974,130.6945,-99
9126345978,408.1382,131.7116,-99
9126379311,407.7799,133.6757,-99
9126412644,408.4927,136.1069,-99
9126445977,409.7976,138.3482,-99
9126479310,410.4333,141.3676,-99
9126512643,411.7196,144.013,-99
9126545976,413.7065,145.9757,-99
9126579309,413.9185,147.4951,-99
9126612642,415.9332,149.0603,-99
9126645975,417.8745,150.2741,-99
9126679308,420.1845,150.8598,-99
9126712641,420.5654,151.6115,-99
9126745974,421.5442,151.2676,-99
9126779307,422.3137,150.5236,-99
9126812640,423.694,149.9601,-99
9126845973,426.0498,148.7491,-99
9126879306,426.4687,147.6072,-99
9126912639,427.1379,147.0136,-99
9126945972,427.7478,147.2112,-99
9126979305,426.6837,149.0663,-99
9127012638,427.7724,150.1918,-99
9127045971,429.0503,152.4312,-99
9127079304,429.9033,153.0801,-99
9127112637,431.7415,154.2585,-99
9127145970,435.12,155.0941,-99
9127179303,437.8282,155.4073,-99
9127212636,440.2181,156.9667,-99
9127245969,441.8859,158.5919,-99
9127279302,443.3054,161.4562,-99
9127312635,444.1897,164.9797,-99
9127345968,445.1822,169.1158,-99
9127379301,444.7124,172.1969,-99
9127412634,445.3362,174.8319,-99
9127445967,447.5454,177.1061,-99
9127479300,447.4574,178.0693,-99
9127512633,447.0316,179.0527,-99
9127545966,448.576,181.5684,-99
9127579299,446.2565,182.9581,-99
9127612632,445.7962,185.5979,-99
9127645965,446.7379,187.7573,-99
9127679298,447.1308,188.8143,-99
9127712631,447.0243,189.4447,-99
9127745964,449.281,191.2589,-99
9127779297,451.388,192.312,-99
9127812630,453.4387,193.2708,-99
9127845963,454.0524,195.5302,-99
9127885798,454.486,197.9234,-99
9127919131,454.5,199.6255,-99
9127952464,454.4312,201.6986,-99
9127985797,454.9609,203.4525,-99
9128019130,456.3957,205.3606,-99
9128052463,456.696,206.932,-99
9128085796,457.535,208.0617,-99
9128119129,458.3773,211.3187,-99
9128152462,458.3888,214.0249,-99
9128185795,458.8236,215.8617,-99
9128219128,459.3667,215.7944,-99
9128252461,455.4518,215.9296,-99
9128285794,467.7447,221.5106,-99
9128319127,457.9091,215.8636,-99
9128352460,452.5,219,-99
9128385793,460.3806,228.806,-99
9128419126,461.6006,227.1738,-99
9128452459,462.1738,227.9943,-99
9128485792,463.0811,228.4414,-99
9128519125,466.725,228.6536,-99
9128552458,464.5959,231.968,-99
9128585791,464.2624,233.3121,-99
9128619124,464.2092,235.8495,-99
9128652457,464.0617,236.9249,-99
9128685790,461.7632,237.7237,-99
9128719123,461.5581,238.1046,-99
9128752456,460.7658,238.4955,-99
9128785789,464.3621,241.9606,-99
9128819122,467.946,244.7477,-99
9128852455,466.6601,247.9727,-99
9128885788,467.5718,252.618,-99
9128919121,469.0569,255.0049,-99
9128952454,469.5257,257.7687,-99
9128985787,469.0886,260.476,-99
9129019120,467.5291,262.8937,-99
9129052453,466.4579,265.5748,-99
9129085786,465.8894,267.1851,-99
9129119119,464.7961,269.7617,-99
9129152452,464.0838,273.4873,-99
9129185785,466.7683,279.3933,-99
9129219118,468.1041,279.8549,-99
9129252451,468.1149,280.2491,-99
9129285784,463.6559,285.7435,-99
9129319117,462.6399,289.0357,-99
9129352450,461.7403,289.9805,-99
9129385783,461.6429,291.2928,-99
9129419116,464.4706,294.958,-99
9129452449,467.4172,293.4768,-99
9129485782,469.639,294.4108,-99
9129519115,469.9359,298.1434,-99
9129552448,468.4528,297.4151,-99
9129585781,469.0555,299.2963,-99
9129619114,469.6571,302.5286,-99
9129652447,465.8607,304.9499,-99
9129685780,464.8782,306.847,-99
9129719113,464.7519,306.4248,-99
9129752446,464.1946,308.3993,-99
9129785779,466.0851,311.5619,-99
9129819112,469.0816,310.8298,-99
9129852445,465.3541,314.9805,-99
9129885778,460.7474,318.5526,-99
9129919111,455.6849,323.0342,-99
9129952444,460.735,323.885,-99
9129985777,463.502,324.1102,-99
9130019110,463.5735,325.0142,-99
9130052443,464.3243,325.8147,-99
9130085776,460.5516,324.377,-99
9130119109,460.0439,324.8,-99
9130152442,462.3825,322.75,-99
9130185775,463.3122,320.2647,-99
9130219108,462.6802,321.7185,-99
9130252441,462.7839,322.8729,-99
9130285774,464.4059,322.6129,-99
9130319107,461.5236,322.933,-99
9130352440,460,322.28,-99
9130385773,457.7683,322.1311,-99
9130419106,454.6966,322.9832,-99
9130452439,455.6596,320.4893,-99
9130485772,460.5136,323.4014,-99
9130519105,462.7692,324.5032,-99
9130552438,465.4401,324.479,-99
9130585771,467.9781,324.4295,-99
9130619104,469.7871,323.6064,-99
9130652437,469.8929,325.2219,-99
9130685770,470.4245,325.8646,-99
9130719103,470.5844,325.5091,-99
9130752436,470.6129,325.5807,-99
9130785769,469.8552,326.2563,-99
9130819102,469.0163,325.9865,-99
9130852435,468.7222,325.5861,-99
9130885768,467.7954,325.9437,-99
9130919101,466.6154,325.5942,-99
9130952434,466.652,324.5611,-99
9130985767,464.8617,324.578,-99
9131019100,464.3741,320.6619,-99
9131052433,466.5714,319.6939,-99
9131185765,457.0847,324.322,-99
9131218864,459.8198,324.1095,-99
9131252197,457.3531,323.0469,-99
9131285530,454.9364,322.3485,-99
9131318863,453.4587,322.5611,-99
9131352196,452.3125,322.3191,-99
9131385529,450.7368,322.1184,-99
9131418862,449.5559,321.5136,-99
9131452195,448.2665,321.2665,-99
9131485528,446.7908,321.4308,-99
9131518861,447.4481,321.1543,-99
9131552194,446.9167,320.9417,-99
9131585527,447.1367,320.9402,-99
9131618860,447.7981,321.441,-99
9131652193,448.5822,322.7842,-99
9131685526,448.964,324.14,-99
9131718859,447.3654,323.9317,-99
9131752192,446.3936,322.9598,-99
9131785525,445.5755,323.4434,-99
9131818858,445.0368,323.4158,-99
9131852191,445.2623,323.3552,-99
9131885524,443.4369,321.6602,-99
9131918857,440.5,320.4748,-99
9131952190,443.9817,321.1612,-99
9131985523,445.249,322.5058,-99
9132018856,445.6797,322.9219,-99
9132052189,445.9494,322.9572,-99
9132085522,446.5871,323.1099,-99
9132118855,447.3517,324.663,-99
9132152188,448.4935,325.5098,-99
9132185521,450.6283,326.0393,-99
9132218854,451.4843,326.2461,-99
9132252187,451.3218,325.9096,-99
9132285520,451.9891,326.4022,-99
9132318853,451.9257,325.7639,-99
9132352186,452.4422,325.8392,-99
9132385519,452.9171,326.2098,-99
9132418852,452.8815,325.9136,-99
9132452185,453.178,326.4659,-99
9132485518,453.1275,326.185,-99
9132518851,453.5347,326.302,-99
9132552184,453.2654,325.9533,-99
9132585517,453.4736,326.4159,-99
9132618850,452.158,326.456,-99
9132652183,451.5985,326.0648,-99
9132685516,450.081,326.0764,-99
9132718849,448.3144,325.9173,-99
9132752182,447.4345,325.7517,-99
9132785515,445.8701,325.9031,-99
9132818848,444.2171,325.679,-99
9132852181,440.7522,324.4543,-99
9132887843,438.1213,324.1544,-99
9132921176,437.3197,324.1327,-99
9132954509,439.7066,324.347,-99
9132987842,441.2997,329.6423,-99
9133021175,441.4571,334.9446,-99
9133054508,446.8013,334.2748,-99
9133087841,443.9509,335.2752,-99
9133121174,442.3017,335.1895,-99
9133154507,442.5444,335.9622,-99
9133187840,443.7599,336.0373,-99
9133221173,443.1547,338.3408,-99
9133254506,443.7973,340.1041,-99
9133287839,438.8493,340.4105,-99
9133321172,437.1723,342.1066,-99
9133354505,435.7669,343.5697,-99
9133387838,432.7879,345.9524,-99
9133421171,431.0748,347.6816,-99
9133454504,429.8224,349.8816,-99
9133487837,429.0507,350.9452,-99
9133521170,428.2913,351.1078,-99
9133554503,425.697,352.9354,-99
9133587836,424.2426,355.0476,-99
9133621169,421.1974,357.0592,-99
9133654502,416.9936,359.7425,-99
9133687835,415.4399,360.9764,-99
9133721168,415.9671,361.9863,-99
9133754501,414.329,362.8238,-99
9133787834,413.1898,364.7256,-99
9133821167,413.4774,366.8674,-99
9133854500,413.1914,367.9068,-99
9133887833,413.6134,369.1598,-99
9133921166,410.4057,372.331,-99
9133954499,410.2951,372.5027,-99
9133987832,409.0021,373.3292,-99
9134021165,409.8102,374.7616,-99
9134054498,406.0646,375.7125,-99
9134087831,403.5663,377.5977,-99
9134121164,400.3627,378.8617,-99
9134154497,398.2458,381.3403,-99
9134187830,397.2435,383.5517,-99
9134221163,395.6219,383.8455,-99
9134254496,392.3626,382.8559,-99
9134287829,392.39,381.566,-99
9134321162,390.9167,380.8919,-99
9134354495,389.0201,380.3929,-99
9134387828,386.2485,381.8146,-99
9134421161,387.226,384.4865,-99
9134454494,386.4734,386.4146,-99
9134487827,386.0272,387.7011,-99
9134521160,384.0628,388.1345,-99
9134554493,382.7584,390.1459,-99
9134587826,379.0211,392.4877,-99
9134621159,375.4371,393.9694,-99
9134654492,374.0595,394.7968,-99
9134687825,371.0873,396.0068,-99
9134721158,369.7293,396.1107,-99
9134754491,368.0132,396.8997,-99
9134787824,369.3034,396.8996,-99
9134821157,370.9105,398.255,-99
9134854490,371.1856,399.8747,-99
9134887823,372.4502,401.4909,-99
9134921156,371.0692,404.9433,-99
9134954489,373.102,407.0626,-99
9134987822,372.4333,409.4959,-99
9135021155,375.6605,408.1008,-99
9135054488,372.4317,410.0415,-99
9135087821,369.183,410.018,-99
9135121154,367.5233,408.4082,-99
9135154487,364.84,406.3629,-99
9135187820,365.5548,407.2785,-99
9135221153,364.5703,408.6204,-99
9135254486,363.0421,409.4884,-99
9135287819,361.2715,410.6573,-99
9135321152,361.1871,411.6637,-99
9135354485,360.0639,411.8028,-99
9135387818,361.36,414.72,-99
9135421151,359.6798,414.4434,-99
9135454484,357.1735,414.906,-99
9135487817,353.7487,413.6493,-99
9135521150,351.3682,412.3824,-99
9135554483,346.9152,411.35,-99
9135587816,343.4602,410.4835,-99
9135621149,339.8808,411.4525,-99
9135654482,335.0082,407.8059,-99
9135687815,337.3893,405.6807,-99
9135721148,335.4518,404.1927,-99
9135754481,333.6157,403.1104,-99
9135787814,332.3084,401.7643,-99
9135821147,331.0135,401.4719,-99
9135854480,329.9714,401.6571,-99
9135887813,329.3808,402.6098,-99
9135921146,328.1494,402.894,-99
9135954479,327.6882,404.0462,-99
9135987812,327.6932,405.3318,-99
9136021145,327.8103,407.096,-99
9136054478,327.6532,408.8009,-99
9136087811,325.7947,410.3333,-99
9136121144,322.2304,411.2771,-99
9136154477,321.1274,411.8675,-99
9136187810,319.9191,412.4874,-99
9136220189,321.1921,413.3755,-99
9136253522,318.1479,411.309,-99
9136286855,315.8976,411.203,-99
9136320188,315.213,408.8296,-99
9136353521,313.6631,407.4202,-99
9136386854,312.459,407.0857,-99
9136420187,309.4669,406.4503,-99
9136453520,306.2193,406.1244,-99
9136486853,304.5309,406.5086,-99
9136520186,303.2473,407.3656,-99
9136553519,300.5033,407.0265,-99
9136586852,297.2701,405.8527,-99
9136620185,294.8513,404.6185,-99
9136653518,292.8906,402.4742,-99
9136686851,289.9005,400.9337,-99
9136720184,288.2094,398.265,-99
9136753517,285.6574,396.5139,-99
9136786850,284.696,395.545,-99
9136820183,283.4768,394.9838,-99
9136853516,282.03,394.6767,-99
9136886849,280.1839,395.1241,-99
9136920182,278.8225,395.5011,-99
9136953515,276.5902,395.4588,-99
9136986848,273.8665,395.0543,-99
9137020181,272.2264,394.3209,-99
9137053514,270.1348,393.8565,-99
9137086847,268.6213,392.195,-99
9137120180,267.1147,391.1452,-99
9137153513,264.683,389.8578,-99
9137186846,262.7464,388.6908,-99
9137220179,262.3181,387.0252,-99
9137253512,260.1329,386.4266,-99
9137286845,257.5593,385.5109,-99
9137320178,255.7342,384.5392,-99
9137353511,252.4074,383.7901,-99
9137386844,250.5423,382.7574,-99
9137420177,247.8665,382.4099,-99
9137453510,245.1889,380.6368,-99
9137486843,243.8635,378.5977,-99
9137520176,240.8765,376.7654,-99
9137553509,239.3179,374.2274,-99
9137586842,237.724,371.569,-99
9137620175,236.1338,370.1526,-99
9137653508,234.9466,367.9517,-99
9137686841,233.3,367.0293,-99
9137720174,231.3798,366.7188,-99
9137753507,229.2332,367.137,-99
9137786840,226.5228,367.8105,-99
9137820173,225.139,367.7049,-99
9137853506,222.9408,367.4644,-99
9137889168,221.2331,367.0816,-99
9137922501,220.2945,367.5867,-99
9137955834,219.223,366.6499,-99
9137989167,219.6925,365.723,-99
9138022500,219.6552,363.1172,-99
9138055833,218.7079,362.2772,-99
9138089166,217.6127,361.162,-99
9138122499,216.887,360.4054,-99
9138155832,215.3223,359.4721,-99
9138189165,212.9604,358.4356,-99
9138222498,211.7411,356.7868,-99
9138255831,209.6572,354.866,-99
9138289164,208.4367,353.5121,-99
9138322497,207.8448,350.7277,-99
9138355830,206.6284,348.4377,-99
9138389163,205.8918,346.0528,-99
9138422496,205.7944,342.9746,-99
9138455829,205.2643,342.2394,-99
9138489162,205.1553,341.1962,-99
9138522495,203.5657,339.7775,-99
9138555828,202.3657,338.2609,-99
9138589161,201.1788,336.5214,-99
9138622494,199.5615,335.4626,-99
9138655827,198.0591,334.7995,-99
9138689160,197.2219,334.6046,-99
9138722493,196.3414,333.4785,-99
9138755826,194.1872,331.7594,-99
9138789159,192.4864,331.4103,-99
9138822492,192.4413,331.3812,-99
9138855825,191.7216,331.0703,-99
9138889158,190.7667,330.4205,-99
9138922491,189.953,330.1384,-99
9138955824,189.496,328.7825,-99
9138989157,188.6356,327.9016,-99
9139022490,188.2132,326.8096,-99
9139055823,187.528,326.5766,-99
9139089156,186.8308,325.3131,-99
9139122489,186.8354,324.038,-99
9139155822,186.0976,322.3536,-99
9139189155,186.1472,322.2919,-99
9139222488,187.5266,321.9266,-99
9139255821,188.7294,320.7427,-99
9139289154,191.1014,318.9577,-99
9139322487,193.0616,318.6429,-99
9139355820,193.8197,317.8478,-99
9139389153,193.422,316.0367,-99
9139422486,194.0145,316.9879,-99
9139455819,193.2586,315.8971,-99
9139489152,193.427,315.4972,-99
9139522485,193.6879,315.3382,-99
9139561366,193.8534,314.7068,-99
9139594699,194.2713,313.447,-99
9139628032,195.1856,311.7507,-99
9139661365,194.04,309.055,-99
9139694698,194.9434,307.125,-99
9139728031,193.7117,305.8036,-99
9139761364,193.2763,305.5799,-99
9139794697,192.3341,304.5724,-99
9139828030,191.1684,303.3964,-99
9139861363,189.5756,302.7586,-99
9139894696,188.1344,302.553,-99
9139928029,186.141,299.992,-99
9139961362,184.7357,298.7548,-99
9139994695,182.5151,296.4428,-99
9140028028,181.6402,294.7271,-99
9140061361,180.9675,292.7811,-99
9140094694,181.6777,291.3388,-99
9140128027,182.2294,289.8051,-99
9140161360,181.1488,288.0104,-99
9140194693,180.5641,288.7051,-99
9140228026,179.6278,287.1444,-99
9140261359,179.065,286.5095,-99
9140294692,178.8384,283.5014,-99
9140328025,179.1857,283.0186,-99
9140361358,179.106,279.6114,-99
9140394691,179.04,278.648,-99
9140428024,178.8011,275.3277,-99
9140461357,181.1867,273.7238,-99
9140494690,181.7373,272.2627,-99
9140528023,183.5,269.799,-99
9140561356,183.5714,265.582,-99
9140594689,184.0771,261.8972,-99
9140628022,185.7131,260.1755,-99
9140661355,187.0549,257.2967,-99
9140694688,186.5351,252.5162,-99
9140728021,187.9769,249.709,-99
9140761354,188.3446,247.653,-99
9140794687,187.7821,243.5462,-99
9140828020,186.9386,240.914,-99
9140861353,187.6709,239.9923,-99
9140894686,187.5758,237.1928,-99
9140928019,185.4799,232.6695,-99
9140961352,186.5085,231.7756,-99
9140994685,185.1269,228.7563,-99
9141028018,182.9523,227.4322,-99
9141061351,181.1843,227.0623,-99
9141094684,179.2047,227.0499,-99
9141128017,176.7513,227.1702,-99
9141161350,174.1207,227.2586,-99
9141194683,171.5865,228.1704,-99
9141228016,169.4275,228.8473,-99
9141261349,167.1373,230.5415,-99
9141294682,164.3141,230.5079,-99
9141328015,162.775,230.2025,-99
9141361348,160.1928,227.8021,-99
9141394681,158.5586,226.5477,-99
9141428014,158.5022,224.8013,-99
9141461347,157.5703,222.1385,-99
9141494680,157.5411,219.7274,-99
9141528013,157.8732,219.5925,-99
9141561346,159.1329,218.9705,-99
9141594679,159.4931,217.1106,-99
9141628012,160.9444,216.7556,-99
9141661345,161.7624,215.2654,-99
9141694678,163.3983,214.4069,-99
9141728011,164.8652,214.7281,-99
9141761344,167.4785,213.2425,-99
9141794677,169.3818,212.859,-99
9141828010,171.8373,212.8373,-99
9141861343,173.4507,210.5786,-99
9141894676,176.4801,209.323,-99
9141928009,178.9431,209.0342,-99
9141961342,182.0086,208.6266,-99
9141994675,185.1593,207.6673,-99
9142028008,189.2083,207.5179,-99
9142061341,192.3819,207.7241,-99
9142094674,195.0696,207.7376,-99
9142128007,196.6727,208.5977,-99
9142161340,196.8579,209.4819,-99
9142194673,197.733,209.1534,-99
9142228006,198.1609,206.6568,-99
9142261339,199.8342,206.6467,-99
9142294672,200.8828,205.2507,-99
9142328005,201.8651,202.8624,-99
9142361338,202.8714,201.8898,-99
9142394671,203.7798,199.1321,-99
9142428004,205.315,198.2336,-99
9142461337,205.5261,193.644,-99
9142494670,205.2811,192.5871,-99
9142528003,205.1814,189.2132,-99
9142561336,203.8329,186.1786,-99
9142594669,202.3521,182.2787,-99
9142628002,202.5065,178.6501,-99
9142661335,202.5939,174.9613,-99
9142694668,203.6208,172.1208,-99
9142728001,205.1753,169.1397,-99
9142761334,205.5,165.0622,-99
9142794667,206.3107,164.071,-99
9142828000,205.3564,162.3529,-99
9142861333,203.7939,160.585,-99
9142896995,203.4551,160.5797,-99
9142930328,201.2212,158.6061,-99
9142963661,200.1653,157.0248,-99
9142996994,202.381,155.3492,-99
9143030327,203.069,152.6793,-99
9143063660,203.1621,151.9116,-99
9143096993,204.5739,152.1283,-99
9143130326,206.9789,151.651,-99
9143163659,209.9621,150.6653,-99
9143196992,212.9471,148.5825,-99
9143230325,216.5267,147.0455,-99
9143263658,219.9323,145.8298,-99
9143296991,223.5124,145.9181,-99
9143330324,227.4326,144.7761,-99
9143363657,231.5643,143.9449,-99
9143396990,234.0581,143.3387,-99
9143430323,235.3467,142.4849,-99
9143463656,238.2275,141.3413,-99
9143496989,241.3162,141.4396,-99
9143530322,244.2694,139.9944,-99
9143563655,247.1409,138.9116,-99
9143596988,249.6554,137.1814,-99
9143630321,252.0378,136.9378,-99
9143663654,254.2297,136.2162,-99
9143696987,255.1899,133.2354,-99
9143730320,256.7419,133.164,-99
9143763653,258.5962,132.1382,-99
9143796986,260.576,130.9124,-99
9143830319,265.2495,130.0592,-99
9143863652,268.0863,130.0791,-99
9143896985,270.8065,128.6564,-99
9143930318,273.1074,128.0918,-99
9143963651,273.411,126.712,-99
9143996984,276.5414,125.396,-99
9144030317,279.8459,124.9217,-99
9144063650,282.5171,123.6534,-99
9144096983,284.7658,122.0854,-99
9144130316,287.2281,120.8329,-99
9144163649,288.9681,119.598,-99
9144196982,291.5362,118.9701,-99
9144230315,294.2711,118.2622,-99
9144263648,296.978,117.3582,-99
9144296981,298.5969,115.8295,-99
9144330314,300.1089,115.1844,-99
9144363647,302.619,113.3258,-99
9144396980,305.0137,113.4066,-99
9144430313,307.062,111.6141,-99
9144463646,308.8921,109.0816,-99
9144496979,309.1229,109.8914,-99
9144530312,310.8503,110.2925,-99
9144564333,311.065,110.6988,-99
9144597666,312.4061,111.6878,-99
9144630999,313.2717,112.2559,-99
9144664332,314.998,112.2546,-99
9144697665,315.0537,113.2147,-99
9144730998,316.2024,113.609,-99
9144764331,317.9962,114.7843,-99
9144797664,318.5202,115.7186,-99
9144830997,321.1099,115.946,-99
9144864330,322.8712,115.7525,-99
9144897663,325.5516,115.0734,-99
9144930996,327.2066,114.7488,-99
9144964329,328.0815,114.2201,-99
9144997662,329.5511,116.129,-99
9145030995,331.7763,117.4627,-99
9145064328,332.5888,119.1447,-99
9145097661,334.2376,120.651,-99
9145130994,336.3122,121.4153,-99
9145164327,338.0681,121.4581,-99
9145197660,339.6005,121.2778,-99
9145230993,341.4922,121.0984,-99
9145264326,342.7895,120.9895,-99
9145297659,345.5614,120.2506,-99
9145330992,348.8295,119.2112,-99
9145364325,350.818,119.3744,-99
9145397658,353.4433,119.8206,-99
9145430991,355.7103,120.2116,-99
9145464324,357.1384,120.7833,-99
9145497657,360.0523,121.3416,-99
9145530990,362.5743,120.7971,-99
9145564323,363.975,120.3528,-99
9145597656,367.0024,119.5036,-99
9145630989,368.0978,119.4478,-99
9145664322,369.8224,117.7463,-99
9145697655,372.8071,116.3127,-99
9145730988,371.9732,116.433,-99
9145764321,373.6792,116.5122,-99
9145797654,374.3388,117.8271,-99
9145830987,376.6389,120.2407,-99
9145864320,379.177,122.8391,-99
9145897653,380.9704,124.8656,-99
9145930986,383.325,126.5375,-99
9145964319,385.5992,127.7939,-99
9145997652,386.5393,129.7452,-99
9146030985,386.7583,129.1,-99
9146064318,388.2396,129.702,-99
9146097651,389.5023,130.3502,-99
9146130984,391.8057,131.1616,-99
9146164317,393.4486,131.6855,-99
9146197650,393.4071,130.2119,-99
9146236563,394.1711,129.2186,-99
9146269896,394.7127,128.3592,-99
9146303229,395.6584,128.3621,-99
9146336562,397.518,128.4335,-99
9146369895,399.1503,128.2487,-99
9146403228,400.9268,128.402,-99
9146436561,402.0634,129.3931,-99
9146469894,401.4072,130.3937,-99
9146503227,401.6173,131.5128,-99
9146536560,401.7224,133.4113,-99
9146569893,401.6755,135.2234,-99
9146603226,402.0435,136.2228,-99
9146636559,402.283,136.5094,-99
9146669892,402.6471,136.3808,-99
9146703225,402.8482,134.9494,-99
9146736558,403.7089,132.6199,-99
9146769891,403.4267,132.1093,-99
9146803224,403.7343,131.8478,-99
9146836557,405.6343,131.0466,-99
9146869890,405.1996,131.6977,-99
9146903223,405.4608,132.5855,-99
9146936556,405,133.2675,-99
9146969889,405.5752,134.597,-99
9147003222,407.0021,136.2376,-99
9147036555,408.103,138.3683,-99
9147069888,409.4248,140.7556,-99
9147103221,409.5257,143.0591,-99
9147136554,410.4014,145.6124,-99
9147169887,410.3626,147.471,-99
9147203220,410.1577,148.4946,-99
9147236553,410.2464,147.901,-99
9147269886,411.2734,148.4661,-99
9147303219,412.6062,148.7021,-99
9147336552,413.8824,148.7775,-99
9147369885,414.65,148.8632,-99
9147403218,416.0198,149.3127,-99
9147436551,417.2275,151.0624,-99
9147469884,417.4563,152.1087,-99
9147503217,417.1496,153.2776,-99
9147536550,417.3655,155.2101,-99
9147569883,418.5862,157.9962,-99
9147603216,419.3205,160.2092,-99
9147636549,420.2751,161.8419,-99
9147669882,421.8939,163.5383,-99
9147703215,424.4168,165.127,-99
9147736548,425.3294,166.9861,-99
9147769881,425.9,168.9622,-99
9147803214,426.6072,169.1928,-99
9147836547,427.7312,171.9274,-99
9147869880,429.6918,174.395,-99
9147903213,431.3282,175.663,-99
9147936546,433.4977,176.8968,-99
9147969879,436.0722,178.6943,-99
9148003212,439.2253,179.6716,-99
9148036545,441.7679,180.4447,-99
9148069878,443.7739,182.5239,-99
9148103211,445.0956,183.5385,-99
9148136544,446.9602,184.673,-99
9148169877,448.3492,187.2495,-99
9148203210,450.1272,189.6493,-99
9148236543,450.435,190.5197,-99
9148269876,451.2362,192.566,-99
9148303209,451.0675,193.2384,-99
9148336542,451.5874,193.62,-99
9148369875,453.8735,195.0217,-99
9148403208,454.1606,195.6724,-99
9148436541,453.1351,195.1517,-99
9148469874,453.7199,194.5392,-99
9148503207,455.0653,194.0309,-99
9148536540,459.3713,198.3614,-99
9148569873,460.3872,201.6434,-99
9148603206,463.1136,204.036,-99
9148636539,464.3647,207.2624,-99
9148669872,462.9552,209.7339,-99
9148703205,458.1864,209.2839,-99
9148736538,457.8716,210.1789,-99
9148769871,458.1765,213.5462,-99
9148803204,461.385,217.7341,-99
9148836537,463.2447,219.6152,-99
9148869870,463.6024,221.5167,-99
9148903203,465.1436,221.721,-99
9148936536,467.5799,221.2038,-99
9148969869,469.0786,223.3353,-99
9149003202,469.2668,224.8371,-99
9149036535,469.5547,226.2514,-99
9149069868,470.2833,229.4729,-99
9149103201,469.2245,230.0077,-99
9149136534,468.7228,232.6931,-99
9149169867,467.8363,235.8942,-99
9149203200,466.9355,235.566,-99
9149236533,464.9744,241.1151,-99
9149269866,464.2752,242.6212,-99
9149303199,465.3008,244.458,-99
9149336532,465.5077,247.2051,-99
9149369865,468.1745,247.3863,-99
9149403198,468.4242,250.0337,-99
9149436531,466.5929,252.5251,-99
9149469864,467.7952,253.7349,-99
9149503197,467.8177,256.2652,-99
9149536530,467.7514,259.011,-99
9149572160,465.8458,258.619,-99
9149605493,465.887,261.4103,-99
9149638826,466.9132,263.1041,-99
9149672159,466.9031,264.8015,-99
9149705492,466.3183,268.9443,-99
9149738825,467.3269,270.3029,-99
9149772158,467.6851,272.589,-99
9149805491,467.0843,274.9157,-99
9149838824,466.7563,278.6306,-99
9149872157,467.4029,279.7397,-99
9149905490,465.8155,281.8398,-99
9149938823,464.0992,283.2663,-99
9149972156,463.6522,284.5594,-99
9150005489,462.7969,288.9847,-99
9150038822,463.7257,291.3186,-99
9150072155,465.3663,292.5149,-99
9150105488,462.0213,293.539,-99
9150138821,462.1659,294.157,-99
9150172154,459.9486,298.8037,-99
9150205487,460.5517,299.6287,-99
9150238820,460.9131,300.0942,-99
9150272153,461.6109,302.7964,-99
9150305486,462.2058,302.632,-99
9150338819,461.8889,304.3617,-99
9150372152,461.4262,305.5696,-99
9150405485,461.3361,306.7423,-99
9150438818,460.0075,309.6457,-99
9150472151,457.5724,311,-99
9150505484,455.9949,313.6117,-99
9150538817,455.1097,315.2269,-99
9150572150,453.1931,317.3267,-99
9150605483,452.9653,318.7338,-99
9150638816,452.1906,320.3125,-99
9150672149,450.1572,323.768,-99
9150705482,448.9027,326.3054,-99
9150738815,446.4535,329.0594,-99
9150772148,447.8278,330.6971,-99
9150805481,448.3773,332.1533,-99
9150838814,446.5855,335.8867,-99
9150872147,446.1067,336.2,-99
9150905480,445.2172,339.0555,-99
9150938813,443.5687,340.7559,-99
9150972146,443.3739,341.3611,-99
9151005479,442.1956,342.5709,-99
9151038812,440.4028,345.498,-99
9151072145,440.8986,346.3066,-99
9151105478,439.0229,346.6732,-99
9151138811,438.663,347.9482,-99
9151172144,440.453,348.0836,-99
9151205477,438.4943,353.4286,-99
9151238810,433.2231,352.9339,-99
9151272143,430.7969,353.6042,-99
9151305476,428.4339,355.0881,-99
9151338809,429.4054,353.5251,-99
9151372142,424.4648,359.125,-99
9151405475,424.321,361.3494,-99
9151438808,421.9262,363.4381,-99
9151472141,417.7663,365.311,-99
9151505474,416.0795,368.1569,-99
9151538807,413.9138,368.2675,-99
9151572140,413.1234,368.2505,-99
9151605473,411.3748,370.4929,-99
9151638806,409.9377,371.5498,-99
9151672139,407.6816,374.3679,-99
9151705472,405.7543,375.0948,-99
9151738805,404.8439,374.332,-99
9151772138,403.2704,375.3385,-99
9151805471,402.5176,376.1094,-99
9151838804,400.3976,377.4598,-99
9151872137,400.6212,381.3406,-99
9151905470,394.8741,382.1383,-99
9151938803,391.8702,383.0813,-99
9151972136,389.1358,384.0798,-99
9152005469,387.5114,384.6964,-99
9152038802,385.5886,385.1187,-99
9152072135,384.2972,386.0945,-99
9152105468,384.6007,386.8558,-99
9152138801,382.7278,387.0907,-99
9152172134,381.0986,388.5771,-99
9152205467,379.4399,390.664,-99
9152238800,377.9187,391.5008,-99
9152272133,380.0249,392.319,-99
9152305466,377.334,394.3278,-99
9152338799,372.9199,394.2909,-99
9152372132,373.459,393.722,-99
9152405465,371.5707,392.8092,-99
9152438798,371.0111,393.0298,-99
9152472131,373.769,393.3534,-99
9152505464,371.8958,394.8146,-99
9152538797,369.648,395.1661,-99
9152572130,368.6604,395.8711,-99
9152605463,369.1689,396.6485,-99
9152638796,371.7635,397.0521,-99
9152672129,372.623,396.3567,-99
9152705462,372.7047,396.186,-99
9152738795,371.051,395.6454,-99
9152772128,370.4612,395.2461,-99
9152805461,369.8654,395.2737,-99
9152838794,369.9349,394.6334,-99
9152872127,369.6681,394.9718,-99
9152906867,369.8487,395.0329,-99
9152940200,369.4127,395.2249,-99
9152973533,369.5247,395.4664,-99
9153006866,369.5368,395.1385,-99
9153040199,368.8656,396.2146,-99
9153073532,368.4418,396.6352,-99
9153106865,368.4429,398.0936,-99
9153140198,367.9758,399.0969,-99
9153173531,368.0645,399.685,-99
9153206864,368.1865,401.7343,-99
9153240197,368.5118,402.4151,-99
9153273530,369.7727,403.634,-99
9153306863,370.0543,404.2617,-99
9153340196,370.3535,405.4721,-99
9153373529,372.2455,408.8212,-99
9153406862,373.5512,410.2139,-99
9153440195,374.9582,412.1158,-99
9153473528,377.3975,414.0186,-99
9153506861,379.1788,415.7053,-99
9153540194,380.1948,416.3925,-99
9153573527,380.2673,414.8449,-99
9153606860,381.2881,415.0119,-99
9153640193,383.0603,417.4799,-99
9153673526,384.625,419.1548,-99
9153706859,384.0107,418.7947,-99
9153740192,383.238,418.3798,-99
9153773525,382.4295,419.511,-99
9153806858,382.0512,418.877,-99
9153840191,382.2775,419.2952,-99
9153873524,382.6609,417.897,-99
9153906857,382.8139,418.2018,-99
9153940190,382.8924,418.1525,-99
9153973523,383.665,419.0579,-99
9154006856,382.7741,419.2843,-99
9154040189,380.5435,417.3482,-99
9154073522,381.4578,415.7637,-99
9154106855,382.0417,414.2939,-99
9154140188,382.5619,413.7905,-99
9154173521,381.9528,413.6297,-99
9154206854,380.776,412.0701,-99
9154240187,380.0677,410.6433,-99
9154273520,379.9661,409.2639,-99
9154306853,379.1928,409.5831,-99
9154340186,377.4783,408.9151,-99
9154373519,377.1262,406.8452,-99
9154406852,375.7488,406.6706,-99
9154440185,371.7476,404.7763,-99
9154473518,368.5719,403.3791,-99
9154506851,366.4491,400.7157,-99
9154540184,364.1272,398.6502,-99
9154573517,362.9659,396.5366,-99
9154606850,361.4536,395.1585,-99
9154640183,359.7628,393.3657,-99
9154673516,361.2614,393.2427,-99
9154706849,362.3341,393.13,-99
9154740182,361.7363,394.3729,-99
9154773515,361.437,394.0811,-99
9154806848,361.2659,395.2706,-99
9154840181,360.5238,394.839,-99
9154873514,358.3742,395.7747,-99
9154906847,358.1987,396.0371,-99
9154940180,355.2631,394.887,-99
9154973513,354.4029,394.2941,-99
9155006846,356.4131,395.4831,-99
9155040179,355.2393,395.7725,-99
9155073512,353.3672,396.0993,-99
9155106845,351.5594,396.2032,-99
9155140178,350.1685,395.9379,-99
9155173511,347.6461,396.0799,-99
9155206844,345.2505,395.8871,-99
9155240177,342.3604,397.2275,-99
9155273510,339.9304,398.4037,-99
9155306843,337.9977,399.0141,-99
9155340176,335.5468,400.1699,-99
9155373509,333.0839,401.3907,-99
9155406842,330.4004,402.6767,-99
9155440175,324.5426,401.6388,-99
9155473508,321.6857,401.7023,-99
9155506841,319.1189,401.6617,-99
9155540174,318.9029,402.1445,-99
9155573507,315.2905,400.6563,-99
9155606840,312.4507,399.8274,-99
9155640173,309.8363,399.7124,-99
9155673506,308.5579,399.8747,-99
9155706839,307.4115,401.0384,-99
9155740172,304.8804,403.1422,-99
9155773505,304.1342,404.4094,-99
9155806838,301.9957,404.9739,-99
9155840171,300.3349,404.6628,-99
9155873504,297.0707,403.4304,-99
9155906837,292.3153,400.4013,-99
9155940170,290.234,399.544,-99
9155973503,289.0435,399.1373,-99
9156006836,286.0812,398.1859,-99
9156040169,283.2041,397.1399,-99
9156073502,279.8721,397.2968,-99
9156106835,277.6043,396.3046,-99
9156140168,275.6674,395.6956,-99
9156173501,273.5826,395.1606,-99
9156206834,271.5485,394.0271,-99
9156240855,269.7156,392.7786,-99
9156274188,267.5766,392.3301,-99
9156307521,265.3216,391.0563,-99
9156340854,263.3169,389.7512,-99
9156374187,261.1406,388.1814,-99
9156407520,258.5349,387.7395,-99
9156440853,255.7767,386.3814,-99
9156474186,254.1458,384.7824,-99
9156507519,252.2196,384.028,-99
9156540852,250.3063,382.7433,-99
9156574185,249.5126,382.3058,-99
9156607518,247.9951,382.4332,-99
9156640851,246.8704,382.0318,-99
9156674184,245.3789,382.2038,-99
9156707517,243.9291,383.3013,-99
9156740850,242.7518,383.545,-99
9156774183,240.7734,383.963,-99
9156807516,239.3549,383.6115,-99
9156840849,236.6792,382.7168,-99
9156874182,234.0559,381.8903,-99
9156907515,232.1759,380.7373,-99
9156940848,230.2827,377.8855,-99
9156974181,229.1278,375.6044,-99
9157007514,228.2986,374.0533,-99
9157040847,226.6608,370.6025,-99
9157074180,226.0474,369.424,-99
9157107513,224.8103,367.7538,-99
9157140846,223.107,366.1343,-99
9157174179,222.0925,364.61,-99
9157207512,221.0895,363.5421,-99
9157240845,219.4074,362.5037,-99
9157274178,219.3472,361.1839,-99
9157307511,218.1851,359.8946,-99
9157340844,217.132,358.5159,-99
9157374177,215.8177,356.5938,-99
9157407510,215.4784,354.7786,-99
9157440843,214.0342,353.6974,-99
9157474176,211.5058,351.3823,-99
9157507509,210.5,350.4909,-99
9157540842,209.3147,350.6504,-99
9157574175,207.5885,350.7249,-99
9157607508,205.7437,350.5151,-99
9157640841,204.7749,349.1964,-99
9157674174,202.9946,347.9101,-99
9157707507,202.3144,344.9243,-99
9157740840,200.8462,342.9032,-99
9157774173,200.6361,341.055,-99
9157807506,198.7674,338.0439,-99
9157840839,200.5335,335.6006,-99
9157874172,199.0693,332.7839,-99
9157913053,199.988,330.2038,-99
9157946386,198.1283,326.7579,-99
9157979719,198.225,325.325,-99
9158013052,195.6755,323.1659,-99
9158046385,196.5862,322.6379,-99
9158079718,194.9164,320.5677,-99
9158113051,194.0839,318.4029,-99
9158146384,192.3191,316.8633,-99
9158179717,192.5324,314.507,-99
9158213050,191.2781,312.4031,-99
9158246383,190.8386,310.0489,-99
9158279716,189.8052,309.6174,-99
9158313049,187.472,308.4039,-99
9158346382,185.4541,308.1307,-99
9158379715,183.1564,308.4479,-99
9158413048,181.6412,308.7986,-99
9158446381,180.4266,309.317,-99
9158479714,180.192,310.7067,-99
9158513047,179.7937,311.336,-99
9158546380,180.5301,311.6246,-99
9158579713,182.2088,308.8769,-99
9158613046,183.4016,308.7262,-99
9158646379,185.5809,306.9212,-99
9158679712,186.9292,305.1484,-99
9158713045,188.3823,304.664,-99
9158746378,189.4481,301.4212,-99
9158779711,189.8684,302.5143,-99
9158813044,189.5629,301.1288,-99
9158846377,190.369,299.2338,-99
9158879710,191.9857,298.6714,-99
9158913043,191.5731,295.9941,-99
9158946376,193.1585,294.9299,-99
9158979709,195.2191,293.3763,-99
9159013042,195.9897,293.0155,-99
9159046375,195.7251,290.6577,-99
9159079708,195.4197,287.5155,-99
9159113041,196.2043,287.3486,-99
9159146374,193.8861,283.8837,-99
9159179707,194.3317,283.9548,-99
9159213040,192.645,281.4775,-99
9159246373,192.8005,281.4908,-99
9159279706,191.4885,279.8535,-99
9159313039,190.6154,277.0855,-99
9159346372,191.3143,276.1772,-99
9159379705,190.7953,273.342,-99
9159413038,189.2092,269.3152,-99
9159446371,189.2838,268.0189,-99
9159479704,189.9537,264.7815,-99
9159513037,190.1895,260.3453,-99
9159546370,189.9602,257.9602,-99
9159582032,190.9877,255.5911,-99
9159615365,191.3607,254.3578,-99
9159648698,191.1413,252.6,-99
9159682031,191.4341,252.3342,-99
9159715364,188.5815,249.1071,-99
9159748697,187.8941,248.7217,-99
9159782030,185.0857,244.9191,-99
9159815363,184.6715,244.7348,-99
9159848696,181.9048,240.3667,-99
9159882029,182.0568,240.2321,-99
9159915362,180.1639,237.1278,-99
9159948695,181.5806,237.0997,-99
9159982028,180.1138,232.985,-99
9160015361,181.3695,232.6537,-99
9160048694,182.4431,232.2478,-99
9160082027,182.4319,230.2145,-99
9160115360,183.5488,228.8663,-99
9160148693,185.327,228.5177,-99
9160182026,187.3913,227.144,-99
9160215359,188.1615,225.0765,-99
9160248692,189.1869,220.9596,-99
9160282025,190.8398,219.2621,-99
9160315358,191.011,216.0441,-99
9160348691,190.8753,212.0147,-99
9160382024,192.1985,210.3775,-99
9160415357,192.7657,207.7943,-99
9160448690,193.6868,205.1735,-99
9160482023,194.3461,203.9695,-99
9160515356,195.3258,201.6208,-99
9160548689,195.8437,200.4307,-99
9160582022,196.6324,198.3445,-99
9160615355,197.6657,197.898,-99
9160648688,197.5514,195.5429,-99
9160682021,197.9382,193.6601,-99
9160715354,197.4558,191.5083,-99
9160748687,197.9947,190.6658,-99
9160782020,197.4423,189.5027,-99
9160815353,197.2795,186.7692,-99
9160848686,198.7454,186.6419,-99
9160882019,198.3358,182.5466,-99
9160915352,200.6576,181.8804,-99
9160948685,202.995,178.3895,-99
9160982018,205.5083,178.1436,-99
9161015351,207.5131,174.4189,-99
9161048684,210.2813,173.401,-99
9161082017,211.2993,169.691,-99
9161115350,213.1114,167.7188,-99
9161148683,213.5354,165.2753,-99
9161182016,214.3549,163.9508,-99
9161215349,215.5735,161.8169,-99
9161248682,217.3081,159.5581,-99
9161282015,218.6846,157.7506,-99
9161315348,218.8484,155.309,-99
9161348681,219.1953,154.2665,-99
9161382014,218.409,152.3284,-99
9161415347,216.9774,151.2655,-99
9161448680,215.2204,150.416,-99
9161482013,213.0417,148.9401,-99
9161515346,212.078,147.7632,-99
9161548679,212.0672,148.8743,-99
9161582012,213.0052,146.6718,-99
9161615345,215.2119,144.9948,-99
9161648678,219.5393,143.0913,-99
9161682011,221.7851,142.8851,-99
9161715344,223.4681,143.6005,-99
9161748677,223.3554,143.6474,-99
9161782010,224.9649,142.9912,-99
9161815343,226.1856,141.6842,-99
9161848676,228.097,142.097,-99
9161882009,230.1983,139.9609,-99
9161915342,233.3767,138.0451,-99
9161948675,236.4021,137.291,-99
9161982008,238.992,135.4495,-99
9162015341,240.8556,134.126,-99
9162048674,243.3306,133.6858,-99
9162082007,245.3467,133.1461,-99
9162115340,247.4223,133.2435,-99
9162148673,249.896,132.928,-99
9162182006,251.9386,132.6257,-99
9162215339,254.3795,131.554,-99
9162248672,257.5933,128.943,-99
9162282005,259.9462,128.9651,-99
9162315338,262.8364,127.7441,-99
9162348671,266.1549,125.5944,-99
9162382004,268.7908,124.3315,-99
9162415337,270.9149,123.3803,-99
9162448670,272.2011,121.1105,-99
9162482003,272.1053,121.462,-99
9162515336,272.8977,118.9233,-99
9162548669,273.2575,117.5,-99
9162582002,273.7995,116.0535,-99
9162615335,276.8259,114.7665,-99
9162648668,278.9557,115.7359,-99
9162682001,280.3734,115.6992,-99
9162715334,282.3213,116.5643,-99
9162748667,284.556,117.6258,-99
9162782000,287.4589,117.1583,-99
9162815333,289.7882,117.1737,-99
9162848666,291.9017,117.0204,-99
9162881999,293.4035,116.6253,-99
9162920880,295.0168,116.4314,-99
9162954213,298.1581,115.8937,-99
9162987546,300.2486,116.3931,-99
9163020879,300.8386,116.3602,-99
9163054212,301.0536,115.8552,-99
9163087545,301.2231,114.2034,-99
9163120878,301.9343,113.146,-99
9163154211,302.6706,112.6706,-99
9163187544,304.1108,112.0819,-99
9163220877,305.3515,112.3762,-99
9163254210,306.7034,113.6446,-99
9163287543,307.8149,114.491,-99
9163320876,308.3499,115.7206,-99
9163354209,309.3518,115.8968,-99
9163387542,310.1924,116.5012,-99
9163420875,310.5364,116.5947,-99
9163454208,310.539,116.4397,-99
9163487541,310.119,114.8481,-99
9163520874,309.9053,113.8263,-99
9163554207,309.8346,113.1128,-99
9163587540,309.4876,112.8292,-99
9163620873,309.874,111.5616,-99
9163654206,310.0873,110.582,-99
9163687539,310.3046,110.4528,-99
9163720872,310.6099,110.2593,-99
9163754205,311.6742,109.5915,-99
9163787538,311.6744,110.0052,-99
9163820871,312.5355,109.8044,-99
9163854204,314.4035,109.6165,-99
9163887537,315.973,110.3096,-99
9163920870,316.9759,110.193,-99
9163954203,318.2823,110.6332,-99
9163987536,318.356,111.4484,-99
9164020869,318.2978,110.0422,-99
9164054202,317.9231,109.3706,-99
9164087535,317.4496,109.4128,-99
9164120868,317.1127,108.1361,-99
9164154201,318.6546,108.3092,-99
9164187534,320.9126,108.2202,-99
9164220867,322.2652,107.6187,-99
9164254200,323.71,107.2655,-99
9164287533,325.4085,108.2163,-99
9164320866,326.8774,108.7529,-99
9164354199,326.3795,110.0112,-99
9164387532,327.5798,110.6315,-99
9164420865,327.4189,110.0702,-99
9164454198,327.5414,109.0251,-99
9164487531,328.3128,108.9754,-99
9164520864,329.3125,107.8275,-99
9164554197,330.2149,107.4793,-99
9164589858,330.5119,108.3236,-99
9164623191,330.7979,107.508,-99
9164656524,331.1017,106.978,-99
9164689857,331.5338,105.7969,-99
9164723190,331.2245,105.0532,-99
9164756523,330.9541,105.422,-99
9164789856,331.4372,104.8558,-99
9164823189,330.5616,105.1484,-99
9164856522,330.0235,106.2559,-99
9164889855,329.5033,105.5758,-99
9164923188,330.4069,106.212,-99
9164956521,330.925,107.2393,-99
9164989854,330.9727,108.0039,-99
9165023187,331.6279,108.9599,-99
9165056520,331.8088,110.2868,-99
9165089853,333.5229,110.3101,-99
9165123186,334.2531,110.5,-99
9165156519,334.399,109.4977,-99
9165189852,334.713,107.6834,-99
9165223185,333.4054,107.0293,-99
9165256518,332.0932,103.9277,-99
9165289851,331.2249,100.6507,-99
9165323184,330.3488,97.74634,-99
9165356517,329.3483,94.58876,-99
9165389850,327.6443,91.17897,-99
9165423183,326.0361,88.35577,-99
9165456516,324.2112,85.21359,-99
9165489849,322.5833,82.6412,-99
9165523182,321.4207,81.65385,-99
9165556515,320.8535,78.60354,-99
9165589848,319.9821,77.14578,-99
9165623181,319.7843,77.5863,-99
9165656514,319.1629,76.92481,-99
9165689847,318.1658,75.58158,-99
9165723180,317.2053,74.79474,-99
9165756513,316.7468,73.96164,-99
9165789846,316.4489,73.8005,-99
9165823179,315.6078,73.37009,-99
9165856512,315.11,73.79426,-99
9165889845,314.4212,73.03695,-99
9165923178,314.1774,72.71722,-99
9165956511,313.8517,72.15857,-99
9165989844,314.2594,72.66578,-99
9166023177,314.5903,72.47074,-99
9166056510,315.0959,72.99242,-99
9166089843,315.7606,73.16459,-99
9166123176,316.1274,73.73284,-99
9166156509,316.974,74.02857,-99
9166189842,316.9903,74.63768,-99
9166223175,317.7418,76.00469,-99
9166256508,317.8593,76.35176,-99
9166289841,318.4066,77.36617,-99
9166323174,318.7392,77.48101,-99
9166356507,319.4801,78.68618,-99
9166389840,320.1079,79.753,-99
9166423173,320.8043,81.43868,-99
9166456506,320.9085,82.81474,-99
9166489839,321.1715,83.7029,-99
9166523172,321.6029,84.48804,-99
9166556505,321.6674,85.51781,-99
9166589838,321.4564,87.27293,-99
9166623171,321.3855,87.09579,-99
9166656504,321.2784,87.58005,-99
9166689837,321.0909,87.74501,-99
9166723170,321.0447,87.98882,-99
9166756503,321.5924,87.62322,-99
9166789836,322.5372,86.92551,-99
9166823169,323.1697,87.20872,-99
9166856502,324.676,87.03963,-99
9166889835,325.6273,88.69029,-99
9166923168,327.0771,88.70248,-99
9166956501,328.6438,89.9315,-99
9166989834,331.0357,90.76099,-99
9167023167,331.5669,91.19477,-99
9167056500,331.5948,91.31689,-99
9167089833,331.1362,90.61308,-99
9167123166,331.4538,90.68067,-99
9167156499,332.0799,90.65722,-99
9167189832,332.4604,91.81931,-99
9167223165,333.1296,92.82253,-99
9167256498,334.3539,94.43539,-99
9167289831,335.1643,95.47633,-99
9167323164,335.5652,97.5163,-99
9167356497,336.8235,98.83376,-99
9167389830,338.2727,100.2584,-99
9167423163,339.0985,102.0542,-99
9167456496,339.6839,103.5177,-99
9167489829,341.0703,105.1131,-99
9167523162,342,106.8434,-99
9167556495,342.9953,107.6816,-99
9167589828,344.0559,109.1142,-99
9167623161,344.6136,111.4501,-99
9167656494,345.6161,112.4841,-99
9167689827,346.0838,112.6472,-99
9167723160,346.7139,115.1362,-99
9167756493,348.3013,116.0709,-99
9167789826,348.9426,117.5535,-99
9167823159,349.9682,119.1141,-99
9167856492,351.0693,121.4111,-99
9167889825,352.2946,121.7054,-99
9167922237,353.1909,121.8755,-99
9167955570,354.6979,122.6711,-99
9167988903,355.8109,122.5244,-99
9168022236,355.2905,122.4862,-99
9168055569,356.1958,122.7792,-99
9168088902,356.5199,123.534,-99
9168122235,358.2136,124.385,-99
9168155568,360.3548,124.8174,-99
9168188901,362.5331,125.5371,-99
9168222234,365.0696,124.8143,-99
9168255567,367.7697,124.649,-99
9168288900,370.3189,124.2245,-99
9168322233,371.5214,124.7146,-99
9168355566,373.1031,124.8924,-99
9168388899,375.1182,125.0496,-99
9168422232,377.5626,124.2887,-99
9168455565,379.1407,124.0722,-99
9168488898,381.1079,123.4855,-99
9168522231,382.74,123.8858,-99
9168555564,382.9449,123.4809,-99
9168588897,384.843,124.0947,-99
9168622230,385.8697,124.209,-99
9168655563,387.2682,124.2532,-99
9168688896,390.9491,124.4245,-99
9168722229,392.3308,124.9757,-99
9168755562,392.6494,125.9143,-99
9168788895,394.77,127.3655,-99
9168822228,396.2722,128.3803,-99
9168855561,398.1317,129.3607,-99
9168888894,401.5345,131.1911,-99
9168922227,402.1823,133.0647,-99
9168955560,403.4905,134.5972,-99
9168988893,404.3834,135.9724,-99
9169022226,404.2034,137.678,-99
9169055559,404.2682,138.7816,-99
9169088892,403.9004,140.6801,-99
9169122225,404.7609,142.74,-99
9169155558,405.268,144.4311,-99
9169188891,405.3037,146.1384,-99
9169222224,405.961,146.2261,-99
9169255557,406.8271,146.8251,-99
9169288890,408.2431,147.0138,-99
9169322223,410.1463,147.477,-99
9169355556,413.23,147.8791,-99
9169388889,416.8047,149.7613,-99
9169422222,420.3803,151.5863,-99
9169455555,422.8062,153.2706,-99
9169488888,424.7549,154.2177,-99
9169522221,426.2419,155.0438,-99
9169555554,428.7386,155.1974,-99
9169583105,430.5544,155.6916,-99
9169616438,431.3496,155.2398,-99
9169649771,432.7402,156.375,-99
9169683104,434.0912,157.0874,-99
9169716437,435.3656,158.4468,-99
9169749770,436.7745,159.5157,-99
9169783103,437.7143,160.8982,-99
9169816436,437.5352,162.0402,-99
9169849769,439.6351,163.5907,-99
9169883102,440.7608,165.4915,-99
9169916435,440.9667,166.6125,-99
9169949768,441.4093,169.3233,-99
9169983101,441.5137,171.6038,-99
9170016434,442.3228,173.664,-99
9170049767,444.695,175.2225,-99
9170083100,444.5775,176.9747,-99
9170116433,444.4536,177.6491,-99
9170149766,445.5726,178.2929,-99
9170183099,446.094,177.6923,-99
9170216432,448.3003,178.376,-99
9170249765,449.0447,178.8017,-99
9170283098,450.696,180.984,-99
9170316431,452.9728,184.2624,-99
9170349764,454.6183,185.8015,-99
9170383097,459.4858,187.5935,-99
9170416430,461.6559,189.2253,-99
9170449763,463.3824,192.489,-99
9170483096,460.073,193.0066,-99
9170516429,459.1019,193.2359,-99
9170549762,457.458,192.5699,-99
9170583095,460.7612,196.8347,-99
9170616428,461.1466,198.4436,-99
9170649761,461.2068,199.391,-99
9170683094,462.6338,201.6519,-99
9170716427,461.8241,202.912,-99
9170749760,462.2772,205.6114,-99
9170783093,465.312,206.5847,-99
9170816426,466.4685,208.1974,-99
9170849759,466.9589,212.1831,-99
9170883092,466.576,213.9681,-99
9170916425,467.5545,215.5794,-99
9170949758,468.0214,214.4286,-99
9170983091,467.6782,218.1003,-99
9171016424,466.2415,219.2017,-99
9171049757,464.7143,219.7243,-99
9171083090,464.6187,222.2986,-99
9171116423,463.2406,226.0526,-99
9171149756,462.6597,223.3717,-99
9171183089,463.6524,223.4634,-99
9171216422,468.875,225.3448,-99
9171258553,473.3555,227.8532,-99
9171291886,475.3856,228.0283,-99
9171325219,476.3387,229.0933,-99
9171358552,477.0938,230.0875,-99
9171391885,480.2778,224.3389,-99
9171425218,478.5608,236.8412,-99
9171458551,477.7314,239.5821,-99
9171491884,475.7614,243.986,-99
9171525217,477.3187,243.7047,-99
9171558550,478.391,245.9867,-99
9171591883,480.5164,248.0587,-99
9171625216,480.6724,249.7808,-99
9171658549,478.6333,251.3545,-99
9171691882,476.796,255.107,-99
9171725215,475.962,256.8702,-99
9171758548,474.3434,260.6593,-99
9171791881,474.7626,261.433,-99
9171825214,474.2122,262.0955,-99
9171858547,472.766,264.0121,-99
9171891880,473.769,267.4524,-99
9171925213,472.052,268.1416,-99
9171958546,471.1299,269.6836,-99
9171991879,469.4546,271.0171,-99
9172025212,468.8627,271.2353,-99
9172058545,467.9149,272.4956,-99
9172091878,467.2127,273.0331,-99
9172125211,466.2131,272.8693,-99
9172158544,464.8618,273.0706,-99
9172191877,463.9717,273.3513,-99
9172225210,463.289,274.0133,-99
9172258543,463.3565,273.7003,-99
9172291876,463.8102,272.9178,-99
9172325209,465.9475,273.42,-99
9172358542,467.0604,274.0048,-99
9172391875,468.5748,274.5701,-99
9172425208,470.1529,274.7816,-99
9172458541,471.5448,276.6014,-99
9172491874,473.4107,277.8306,-99
9172525207,473.7048,279.6728,-99
9172558540,474.5442,281.3279,-99
9172591873,474.5461,283.1529,-99
9172625206,474.1596,282.8778,-99
9172658539,472.7972,284.3111,-99
9172691872,472.6071,285.832,-99
9172725205,472.3668,288.3985,-99
9172758538,470.4987,290.1924,-99
9172791871,468.6799,290.7804,-99
9172825204,467.0402,291.0431,-99
9172858537,466.2058,292.0145,-99
9172891870,465.5625,291.7092,-99
9172925203,465.7135,292.6887,-99
9172958536,466.0383,294.9745,-99
9172991869,468.8254,296.873,-99
9173025202,469.7549,298.6869,-99
9173058535,469.0567,298.5493,-99
9173091868,470.0422,302.8143,-99
9173125201,468.5134,303.6569,-99
9173158534,466.6985,300.9632,-99
9173191867,469.5539,303.4535,-99
9173225200,469.0623,307.1062,-99
9173258533,463.8416,306.8779,-99
9173291866,458.2433,304.8108,-99
9173358532,454.0317,325.381,-99
9173391865,453.3258,317.3506,-99
9173425198,453.4883,316.1169,-99
9173458531,453.0745,317.3989,-99
9173491864,453.1967,317.3629,-99
9173525197,452.4179,318.5199,-99
9173558530,452.477,319.9241,-99
9173591863,451.5198,320.948,-99
9173625196,451.0025,322.63,-99
9173658529,450.426,324.0493,-99
9173691862,447.8703,326.5357,-99
9173725195,447.0798,326.0464,-99
9173758528,446.4403,326.4853,-99
9173791861,445.7381,326.881,-99
9173825194,445.3455,326.6987,-99
9173858527,444.5847,327.9272,-99
9173891860,444.345,328.711,-99
9173925193,444.6362,330.7473,-99
9173958526,444.1394,332.433,-99
9173991859,444.2436,334.1117,-99
9174025192,444.934,335.7689,-99
9174058525,447.8478,337.63,-99
9174091858,444.9273,340,-99
9174125191,443.4909,341.7273,-99
9174158524,442.0609,343.8884,-99
9174191857,440.4435,341.8817,-99
9174225190,437.5219,342.5656,-99
9174258523,435.3232,344.2015,-99
9174291856,437.2295,345.0765,-99
9174325189,436.688,346.7201,-99
9174358522,436.8524,350.3255,-99
9174391855,434.4335,352.5692,-99
9174425188,434.6537,356.3099,-99
9174458521,434.9933,357.7056,-99
9174491854,433.5368,359.7256,-99
9174525187,430.7472,362.1851,-99
9174558520,428.0185,362.3603,-99
9174590900,420.5284,365.7525,-99
9174624233,417.4857,368.1357,-99
9174657566,418.3253,367.5349,-99
9174690899,418.3539,367.8499,-99
9174724232,416.9478,368.8361,-99
9174757565,419.1896,370.4098,-99
9174790898,415.4884,369.1163,-99
9174824231,414.4213,368.9264,-99
9174857564,414.9775,369.965,-99
9174890897,418.1263,371.386,-99
9174924230,418.5762,370.7286,-99
9174957563,417.5,372.4962,-99
9174990896,412.092,372.4686,-99
9175024229,411.0799,377.9408,-99
9175057562,410.5669,380.8979,-99
9175090895,406.3014,382.9626,-99
9175124228,404.4741,383.0395,-99
9175157561,403.5618,385.1124,-99
9175190894,400.7575,386.769,-99
9175224227,399.7057,387.5611,-99
9175257560,398.3949,388.9533,-99
9175290893,396.9326,389.2,-99
9175324226,394.2262,390.6364,-99
9175357559,391.9171,392.3785,-99
9175390892,390.1663,390.2988,-99
9175424225,386.355,389.3159,-99
9175457558,382.827,394.2701,-99
9175490891,385.6459,393.0239,-99
9175524224,390.471,393.3677,-99
9175557557,388.7477,392.9817,-99
9175590890,385.6014,392.3949,-99
9175624223,383.2601,394.0987,-99
9175657556,378.5703,393.8727,-99
9175690889,377.4281,393.9737,-99
9175724222,376.9651,393.8023,-99
9175757555,376.5694,393.6151,-99
9175790888,375.4178,392.699,-99
9175824221,377.4883,391.9382,-99
9175857554,377.2114,391.3341,-99
9175890887,377.0174,390.4902,-99
9175924220,376.244,388.6631,-99
9175957553,375.7655,388.154,-99
9175990886,376.0967,387.717,-99
9176024219,376.2105,388.8329,-99
9176057552,375.9085,390.0389,-99
9176090885,375.9009,390.9405,-99
9176124218,373.7782,390.7653,-99
9176157551,372.2383,390.8233,-99
9176190884,371.6317,390.2439,-99
9176224217,370.7328,389.4096,-99
9176266349,370.1703,388.3691,-99
9176299682,373.4084,388.2428,-99
9176333015,372.7377,387.0874,-99
9176366348,372.6036,385.9818,-99
9176399681,372.3326,384.8747,-99
9176433014,371.1395,384.5433,-99
9176466347,370.8695,384.8916,-99
9176499680,370.3859,384.4938,-99
9176533013,369.6481,385.0837,-99
9176566346,370.1479,384.7638,-99
9176599679,369.5963,385.2133,-99
9176633012,368.9867,383.8714,-99
9176666345,368.1146,382.991,-99
9176699678,367.1021,382.3828,-99
9176733011,366.3055,382.0579,-99
9176766344,365.4792,380.7051,-99
9176799677,365.1917,379.8661,-99
9176833010,364.0975,378.9524,-99
9176866343,363.3534,378.0216,-99
9176899676,362.5305,377.5798,-99
9176933009,361.4442,377.2779,-99
9176966342,360.8503,376.8617,-99
9176999675,359.5927,377.1617,-99
9177033008,358.2455,377.875,-99
9177066341,358.0209,377.5565,-99
9177099674,356.7429,378.4286,-99
9177133007,357.1115,378.9022,-99
9177166340,357.5202,379.3699,-99
9177199673,357.4164,381.2205,-99
9177233006,357.4892,383.8245,-99
9177266339,357.0843,387.1843,-99
9177299672,355.0421,390.5805,-99
9177333005,353.5153,393.7795,-99
9177366338,351.7516,397.1846,-99
9177399671,347.7484,401.4664,-99
9177433004,340.0401,404.0184,-99
9177466337,334.3263,406.3589,-99
9177499670,330.7489,409.3371,-99
9177533003,324.41,409.216,-99
9177566336,320.756,409.0828,-99
9177599669,319.1813,406.2202,-99
9177633002,317.2297,406.1316,-99
9177666335,313.2745,408.2305,-99
9177699668,309.2686,408.1922,-99
9177733001,305.0352,406.0923,-99
9177766334,302.5209,403.258,-99
9177799667,295.2515,404.1643,-99
9177833000,292.6826,404.0104,-99
9177866333,292.1267,403.752,-99
9177899666,288.4839,399.3351,-99
9177938578,285.1611,397.4278,-99
9177971911,282.7801,395.2943,-99
9178005244,283.1415,395.9292,-99
9178038577,279.809,393.2944,-99
9178071910,276.1977,391.1264,-99
9178105243,273.6127,388.5376,-99
9178138576,270.1443,387.5917,-99
9178171909,268.5216,384.7403,-99
9178205242,266.5627,383.7244,-99
9178238575,265.0431,383.1196,-99
9178271908,263.7022,382.6253,-99
9178305241,261.5038,382.2718,-99
9178338574,259.6632,382.2905,-99
9178371907,257.5823,382.2578,-99
9178405240,255.464,382.4733,-99
9178438573,252.8736,381.9047,-99
9178471906,250.7517,381.8138,-99
9178505239,248.4366,380.6174,-99
9178538572,244.7385,380.0678,-99
9178571905,242.4492,379.9882,-99
9178605238,240.7034,378.9091,-99
9178638571,237.7375,376.485,-99
9178671904,236.9667,372.8,-99
9178705237,236.4122,371.3588,-99
9178738570,236.2869,370.8361,-99
9178771903,235.0381,371.3553,-99
9178805236,234.8954,368.8372,-99
9178838569,232.6525,366.815,-99
9178871902,231.9626,364.5786,-99
9178905235,228.8317,362.6312,-99
9178938568,226.617,359.5475,-99
9178971901,223.899,357.8054,-99
9179005234,220.9756,355.6235,-99
9179038567,219.4279,353.0529,-99
9179071900,217.9621,351.2535,-99
9179105233,217.7912,349.9861,-99
9179138566,216.4976,348.8537,-99
9179171899,217.0386,348.4849,-99
9179205232,215.8228,346.2051,-99
9179238565,214.9639,345.0917,-99
9179271898,213.7238,342.7084,-99
9179305231,211.888,340.5547,-99
9179338564,210.0047,337.061,-99
9179371897,208.2368,335.4689,-99
9179405230,207.3427,333.2494,-99
9179438563,205.8265,332.5913,-99
9179471896,204.7267,332.7494,-99
9179505229,203.8077,333.0204,-99
9179538562,202.897,333.1373,-99
9179571895,203.1526,333.1435,-99
9179605228,201.8345,333.0363,-99
9179638561,201.3486,333.4519,-99
9179671894,201.5748,333.4534,-99
9179705227,200.4726,333.968,-99
9179738560,199.6752,333.4352,-99
9179771893,199.6893,332.8074,-99
9179805226,198.7065,333.1891,-99
9179838559,197.0815,333.2446,-99
9179871892,198.4726,334.3721,-99
9179905225,198.1294,335.6635,-99
9179938558,198.78,335.2933,-99
9179971891,198.4475,335.8448,-99
9180005224,198.0801,335.4221,-99
9180038557,197.6336,335.649,-99
9180071890,198.2085,334.8936,-99
9180105223,197.5628,334.8571,-99
9180138556,198.5751,334.2199,-99
9180171889,197.1459,333.7421,-99
9180205222,198.597,333.5739,-99
9180238555,198.6482,333.2921,-99
9180271888,199.1865,333.0562,-99
9180305221,199.1569,332.9521,-99
9180338554,199.2576,332.9069,-99
9180371887,199.3843,332.8079,-99
9180405220,199.3766,332.8305,-99
9180438553,199.2927,332.7849,-99
9180471886,199.4769,332.9097,-99
9180505219,199.7326,332.7957,-99
9180538552,199.6524,332.618,-99
9180571885,200.5546,332.6681,-99
9180605218,200.7602,332.743,-99
9180638551,201.2623,332.9275,-99
9180671884,200.8796,332.5333,-99
9180705217,201.6202,332.5558,-99
9180738550,201.2587,331.9587,-99
9180771883,202.0157,331.8143,-99
9180805216,201.8827,331.6814,-99
9180838549,202.2913,331.617,-99
9180871882,201.75,331.5968,-99
9180905215,202.264,331.7495,-99
9180938548,201.2774,331.8322,-99
9180971881,201.3545,332.2757,-99
9181005214,201.4595,332.0481,-99
9181038547,201.7924,332.3862,-99
9181071880,202.4355,332.9489,-99
9181105213,203.1658,332.7184,-99
9181138546,204.2339,331.5591,-99
9181171879,205.4719,330.9286,-99
9181205212,208.3384,329.2371,-99
9181238545,210.7005,327.7725,-99
9181266096,212.0328,327.5656,-99
9181299429,213.3557,327.8767,-99
9181332762,214.1883,327.4271,-99
9181366095,214.8722,327.5966,-99
9181399428,215.5299,327.3641,-99
9181432761,215.54,327.5172,-99
9181466094,215.6475,327.5574,-99
9181499427,215.5015,328.092,-99
9181532760,216.4256,328.2351,-99
9181566093,216.7047,328.0205,-99
9181599426,216.5015,327.6822,-99
9181632759,217.2388,327.455,-99
9181666092,217.6602,327.3983,-99
9181699425,218.1123,327.1096,-99
9181732758,218.5328,326.853,-99
9181766091,219.1536,326.5885,-99
9181799424,219.5369,326.6132,-99
9181832757,219.7388,326.2985,-99
9181866090,220.2332,326.1891,-99
9181899423,220.0175,326.3725,-99
9181932756,220.2798,325.8964,-99
9181966089,220.1095,326.4185,-99
9181999422,219.9641,325.8641,-99
9182032755,220.2138,326.4349,-99
9182066088,219.445,325.9975,-99
9182099421,219.8136,326.3511,-99
9182132754,219.2298,326.4798,-99
9182166087,218.9838,326.2892,-99
9182199420,218.9466,326.8168,-99
9182232753,218.6539,326.5858,-99
9182266086,218.697,326.9318,-99
9182299419,218.4667,327.0833,-99
9182332752,219.0028,327.8263,-99
9182366085,221.5908,326.3114,-99
9182399418,223.8257,327.7516,-99
9182432751,226.1526,327.0431,-99
9182466084,228.838,328.0426,-99
9182499417,231.7281,327.3978,-99
9182532750,235.2407,326.8074,-99
9182566083,238.9276,326.6754,-99
9182599416,243.3634,327.3567,-99
9182632749,247.5556,327.6729,-99
9182666082,251.0938,328.4777,-99
9182699415,253.8042,328.5263,-99
9182732748,254.8987,328.1456,-99
9182766081,256.6176,327.4949,-99
9182799414,257.0579,326.8575,-99
9182832747,258.18,325.9693,-99
9182866080,258.5892,324.5771,-99
9182899413,259.6235,323.9575,-99
9182931825,260.9917,323.9667,-99
9182965158,261.9831,324.853,-99
9182998491,263.3031,325.5418,-99
9183031824,264.7995,326.7312,-99
9183065157,266.128,327.4013,-99
9183098490,267.4512,328.5215,-99
9183131823,267.8797,329.1344,-99
9183165156,268.5661,329.3142,-99
9183198489,268.7769,328.9265,-99
9183231822,268.7052,328.3207,-99
9183265155,268.482,328.1367,-99
9183298488,268.3658,327.2971,-99
9183331821,268.073,326.7833,-99
9183365154,267.9183,326.2129,-99
9183398487,267.5223,326.3812,-99
9183431820,267.1978,326.2404,-99
9183465153,267.4389,326.6154,-99
9183498486,267.2477,326.6055,-99
9183531819,267.3848,327.1127,-99
9183565152,267.2214,326.9975,-99
9183598485,267.4635,327.2047,-99
9183631818,267.2782,327.5088,-99
9183665151,267.1859,327.4118,-99
9183698484,267.1271,326.7578,-99
9183731817,267.1768,326.7651,-99
9183765150,267.0645,326.3672,-99
9183798483,266.9535,326.3747,-99
9183831816,266.937,326.3803,-99
9183865149,266.5667,326.2292,-99
9183898482,266.291,326.1592,-99
9183931815,266.324,325.7786,-99
9183965148,266.5115,325.6055,-99
9183998481,265.8685,325.601,-99
9184031814,265.4674,324.9483,-99
9184065147,265.3516,325.0228,-99
9184098480,265.1033,324.6643,-99
9184131813,264.8816,324.672,-99
9184165146,265.2083,324.5767,-99
9184198479,265.5523,325.0312,-99
9184231812,265.5542,325.3153,-99
9184265145,265.8445,325.7926,-99
9184298478,266.0795,326.3539,-99
9184331811,266.3848,326.3676,-99
9184365144,266.5,326.6141,-99
9184398477,267.1318,326.9702,-99
9184431810,266.8235,326.9951,-99
9184465143,267.0099,327.5856,-99
9184498476,267.4219,327.9732,-99
9184531809,267.3532,328.0143,-99
9184565142,268.0313,328.4639,-99
9184600772,267.9292,327.8792,-99
9184634105,268.0633,328.1941,-99
9184667438,267.4331,327.505,-99
9184700771,267.6763,327.666,-99
9184734104,267.0407,327.1456,-99
9184767437,266.9424,326.6543,-99
9184800770,267.0211,326.943,-99
9184834103,266.5178,326.5911,-99
9184867436,266.1929,326.3962,-99
9184900769,265.765,326.4701,-99
9184934102,265.6115,326.2336,-99
9184967435,265.5551,325.815,-99
9185000768,265.7078,325.9749,-99
9185034101,264.893,325.2598,-99
9185067434,264.9279,325.5203,-99
9185100767,264.5139,325.2985,-99
9185134100,264.8127,325.4808,-99
9185167433,264.6951,325.1727,-99
9185200766,265.1367,325.5444,-99
9185234099,264.9804,325.2418,-99
9185267432,265.4305,325.6606,-99
9185300765,265.2061,325.5553,-99
9185334098,265.5275,326.0923,-99
9185367431,265.372,325.7856,-99
9185400764,265.7056,326.1234,-99
9185434097,265.8396,326.2094,-99
9185467430,265.8944,326.1967,-99
9185500763,266.1487,326.4437,-99
9185534096,266.361,326.1784,-99
9185567429,266.2586,326.3535,-99
9185600762,266.7391,326.6791,-99
9185634095,266.7256,326.7053,-99
9185667428,266.8868,326.7922,-99
9185700761,266.9473,326.7505,-99
9185734094,266.9332,326.9645,-99
9185767427,266.8421,326.8603,-99
9185800760,267.002,326.8504,-99
9185834093,266.7505,326.7175,-99
9185867426,266.9057,326.8344,-99
9185900759,266.8375,326.6187,-99
9185934092,266.9148,326.712,-99
9185967425,266.7137,326.544,-99
9186000758,266.8828,326.6606,-99
9186034091,266.4226,326.5523,-99
9186067424,266.6016,326.3521,-99
9186100757,266.4292,326.5411,-99
9186134090,266.3109,326.2185,-99
9186167423,266.0425,326.425,-99
9186200756,265.8852,326.1795,-99
9186234089,265.9474,326.2961,-99
9186272970,265.9076,326.021,-99
9186306303,266.0357,326.1563,-99
9186339636,265.7643,326.0616,-99
9186372969,265.8221,326.256,-99
9186406302,265.7832,326.0905,-99
9186439635,265.9558,326.1589,-99
9186472968,265.7155,326.0594,-99
9186506301,265.8769,326.0945,-99
9186539634,265.6717,325.9719,-99
9186572967,266.0177,326.2605,-99
9186606300,265.8034,326.1303,-99
9186639633,266.2929,326.3304,-99
9186672966,266.0781,326.0211,-99
9186706299,266.0797,326.2036,-99
9186739632,266.3077,326.1102,-99
9186772965,266.5088,326.3414,-99
9186806298,266.5723,326.1281,-99
9186839631,266.2801,326.372,-99
9186872964,266.5689,326.7002,-99
9186906297,266.349,326.5589,-99
9186939630,266.666,326.6918,-99
9186972963,266.5139,326.791,-99
9187006296,266.6594,326.7635,-99
9187039629,266.5717,326.6674,-99
9187072962,266.7763,326.7785,-99
9187106295,266.5174,326.6457,-99
9187139628,266.5636,326.864,-99
9187172961,266.6147,326.6602,-99
9187206294,266.594,326.7222,-99
9187239627,266.5222,326.6131,-99
9187272960,266.5913,326.8261,-99
9187306293,266.3861,326.5232,-99
9187339626,266.7906,326.6879,-99
9187372959,266.2903,326.4449,-99
9187406292,266.5278,326.4185,-99
9187439625,266.3031,326.3828,-99
9187472958,266.117,326.1252,-99
9187506291,265.8261,326.2848,-99
9187539624,265.9598,326.2685,-99
9187572957,265.899,326.2231,-99
9187606290,265.7339,326.3584,-99
9187639623,265.5586,326.2516,-99
9187672956,265.6832,326.4596,-99
9187706289,265.093,326.5011,-99
9187739622,265.6343,326.4626,-99
9187772955,265.002,326.5996,-99
9187806288,265.2929,326.9111,-99
9187839621,264.3199,327.1529,-99
9187872954,264.2559,327.3591,-99
9187906287,264.309,327.1113,-99
9187942870,264.072,327.0309,-99
9187976203,263.9312,327.0727,-99
9188009536,263.6955,327.5329,-99
9188042869,263.6392,326.9443,-99
9188076202,263.3873,327.3299,-99
9188109535,263.4938,327.0021,-99
9188142868,263.4089,327.5742,-99
9188176201,263.9357,327.1681,-99
9188209534,263.7691,327.0291,-99
9188242867,264.2887,326.6804,-99
9188276200,264.2545,326.8869,-99
9188309533,264.6817,327.2122,-99
9188342866,264.9447,327.3004,-99
9188376199,265.271,327.6813,-99
9188409532,265.1962,327.4377,-99
9188442865,265.3842,327.8649,-99
9188476198,265.2719,327.4039,-99
9188509531,265.3399,328.0751,-99
9188542864,265.3144,327.7059,-99
9188576197,265.5432,328.214,-99
9188609530,265.65,328.2188,-99
9188642863,265.9045,327.9736,-99
9188676196,266.2626,328.2206,-99
9188709529,265.8896,327.9639,-99
9188742862,265.8726,328.259,-99
9188776195,265.5948,328.0443,-99
9188809528,265.532,327.732,-99
9188842861,265.2996,327.8268,-99
9188876194,265.1477,327.2595,-99
9188909527,265.3553,327.6349,-99
9188942860,265.0409,327.2281,-99
9188976193,265.165,327.4252,-99
9189009526,265.0138,327.1965,-99
9189042859,265.314,327.4729,-99
9189076192,265.0637,327.1873,-99
9189109525,265.3385,327.2782,-99
9189142858,265.0393,327.1749,-99
9189176191,264.9902,327.5353,-99
9189209524,265.1766,327.3532,-99
9189242857,265.2419,327.6276,-99
9189276190,264.943,327.3163,-99
9189309523,265.249,327.7609,-99
9189342856,265.0923,327.3792,-99
9189376189,265.2829,328.0334,-99
9189409522,265.1829,327.6654,-99
9189442855,265.1484,328.2744,-99
9189476188,265.0733,327.804,-99
9189509521,265.3195,328.1528,-99
9189542854,265.1035,327.666,-99
9189576187,265.3674,327.8841,-99
9189609520,264.9625,327.2391,-99
9189642853,264.9348,326.9269,-99
9189676186,264.2894,326.7186,-99
9189709519,264.1312,326.7733,-99
9189742852,263.5605,326.5968,-99
9189776185,263.6166,326.3529,-99
9189809518,262.0335,326.9785,-99
9189842851,259.9836,327.0055,-99
9189876184,258.571,327.3827,-99
9189909517,257.1895,327.3478,-99
9189942850,256.1763,327.532,-99
9189976183,254.0812,327.1071,-99
9190009516,252.131,326.125,-99
9190042849,249.6166,325.6779,-99
9190076182,247.843,324.9884,-99
9190109515,245.1752,324.2175,-99
9190142848,241.3449,323.0791,-99
9190176181,238.5149,323.131,-99
9190209514,235.7365,323.021,-99
9190242847,232.3482,322.9415,-99
9190276180,229.1994,322.9073,-99
9190309513,225.735,323.0027,-99
9190342846,222.1573,323.08,-99
9190376179,219.8538,323.2768,-99
9190409512,217.3697,323.0107,-99
9190442845,215.199,323.6607,-99
9190476178,212.7939,323.8422,-99
9190509511,210.7348,324.0656,-99
9190542844,208.995,324.6875,-99
9190576177,207.4606,324.9606,-99
9190609510,205.7494,325.8607,-99
9190642843,203.4296,326.3277,-99
9190676176,201.9138,327.8538,-99
9190709509,200.733,328.455,-99
9190742842,199.8495,328.6582,-99
9190776175,198.9187,328.9426,-99
9190809508,197.3499,328.9082,-99
9190842841,196.4074,329.2272,-99
9190876174,194.6123,329.5981,-99
9190909507,193.7263,330.4194,-99
9190942840,193.0474,330.9526,-99
9190976173,192.437,331.7841,-99
9191009506,193.0699,331.8264,-99
9191042839,192.5552,331.4164,-99
9191076172,193.1467,330.7962,-99
9191109505,192.679,330.0796,-99
9191142838,192.6175,329.2896,-99
9191176171,192.2156,328.8467,-99
9191209504,191.3553,329.0658,-99
9191242837,191.8252,329.0115,-99
9191284047,192.6714,329.2805,-99
9191317380,192.6667,328.0712,-99
9191350713,193.9196,327.3941,-99
9191384046,193.9133,326.8076,-99
9191417379,196.0479,325.6141,-99
9191450712,196.1721,323.8928,-99
9191484045,195.6297,323.0756,-99
9191517378,196.4452,322.0559,-99
9191550711,195.7487,321.2949,-99
9191584044,196.0573,321.2649,-99
9191617377,195.599,320.5305,-99
9191650710,194.6454,318.9362,-99
9191684043,194.623,318.4225,-99
9191717376,194.6194,317.9031,-99
9191750709,193.2573,315.8786,-99
9191784042,192.5306,314.2577,-99
9191817375,193.6758,314.0091,-99
9191850708,192.6702,312.372,-99
9191884041,192.9876,311.2795,-99
9191917374,193.1944,309.9642,-99
9191950707,192.3261,308.2484,-99
9191984040,191.5695,306.2178,-99
9192017373,190.7635,303.7515,-99
9192050706,188.9395,300.398,-99
9192084039,188.7107,297.7893,-99
9192117372,188.1224,295.7672,-99
9192150705,187.9202,294.5214,-99
9192184038,187.4787,292.7774,-99
9192217371,187.3601,291.9107,-99
9192250704,187.4147,291.7324,-99
9192284037,186.1798,291.073,-99
9192317370,184.8078,290.4095,-99
9192350703,183.4971,289.9827,-99
9192384036,182.6133,288.0211,-99
9192417369,180.875,287.1276,-99
9192450702,179.977,286.5499,-99
9192484035,180.5,285.4765,-99
9192517368,181.5255,281.8912,-99
9192550701,181.8662,281.0255,-99
9192584034,183.1723,280.8447,-99
9192617367,183.7047,279.2244,-99
9192650700,183.9508,277.3401,-99
9192684033,184.9229,276.8073,-99
9192717366,182.7888,275.4679,-99
9192750699,182.2688,273.1357,-99
9192784032,182.8763,270.5263,-99
9192817365,182.0185,267.3836,-99
9192850698,182.2868,264.2947,-99
9192884031,183.1378,260.6862,-99
9192917364,184.5412,259.2835,-99
9192950697,184.1818,256.0248,-99
9192984030,185.5105,256.4319,-99
9193017363,184.3884,253.5623,-99
9193050696,185.7809,253.2474,-99
9193084029,184.7156,250.2691,-99
9193117362,185.3659,248.9098,-99
9193150695,185.7989,245.5282,-99
9193184028,186.4751,243.3314,-99
9193217361,187.4656,240.8254,-99
9193250694,187.7924,237.4328,-99
9193284027,189.9674,236.0451,-99
9193317360,189.4505,234.0302,-99
9193350693,188.6875,232.0208,-99
9193384026,189.1157,231.4458,-99
9193417359,186.4273,228.9606,-99
9193450692,185.7354,228.5688,-99
9193484025,187.8018,228.0242,-99
9193517358,188.3816,224.91,-99
9193550691,188.2577,223.1464,-99
9193584024,189.1271,222.5064,-99
9193617357,188.673,219.6773,-99
9193650690,188.8242,220.217,-99
9193684023,188.7983,216.986,-99
9193717356,190.043,216.2,-99
9193750689,189.6039,212.9888,-99
9193784022,190.7737,210.5947,-99
9193817355,191.2769,207.5974,-99
9193850688,191.3486,204.7171,-99
9193884021,192.4933,202.4585,-99
9193917354,193.9013,201.9013,-99
9193950687,194.8914,200.39,-99
9193984020,197.4173,198.4604,-99
9194017353,200.3634,196.9295,-99
9194050686,199.9913,196.7775,-99
9194084019,201.1278,194.6942,-99
9194117352,202.3113,192.9868,-99
9194150685,203.4142,190.2105,-99
9194184018,204.0127,187.7761,-99
9194217351,204.6084,184.4507,-99
9194250684,204.8471,182.7218,-99
9194284017,206.4928,181.8768,-99
9194317350,206.8462,179.9814,-99
9194350683,209.3079,178.2947,-99
9194384016,210.4538,176.106,-99
9194417349,213.0388,173.031,-99
9194450682,213.0413,170.7519,-99
9194484015,212.644,168.5679,-99
9194517348,212.3909,167.0242,-99
9194550681,211.4816,166.3474,-99
9194584014,209.7471,164.125,-99
9194607393,208.3256,163.4535,-99
9194640726,207.7664,163.4068,-99
9194674059,207.0677,161.7719,-99
9194707392,207,161.0115,-99
9194740725,207.3333,160.3602,-99
9194774058,207.5874,158.7404,-99
9194807391,208.9277,156.559,-99
9194840724,210.1152,156.1452,-99
9194874057,209.7059,156.1261,-99
9194907390,208.7458,152.7232,-99
9194940723,209,152.5043,-99
9194974056,210.4187,152.0789,-99
9195007389,212.8204,152.7645,-99
9195040722,215.1349,153.377,-99
9195074055,216.2787,154.617,-99
9195107388,218.8012,154.1092,-99
9195140721,219.2889,154.74,-99
9195174054,218.5577,155.2986,-99
9195207387,220.2261,155.7713,-99
9195240720,221.7711,154.879,-99
9195274053,223.5013,154.717,-99
9195307386,224.1301,154.2331,-99
9195340719,225.2979,153.9119,-99
9195374052,227.0387,153.7706,-99
9195407385,228.9167,153.5581,-99
9195440718,231.0866,153.0814,-99
9195474051,232.4026,153.741,-99
9195507384,233.4182,154.2156,-99
9195540717,233.8293,155.1268,-99
9195574050,233.9218,155.1632,-99
9195607383,233.9443,155.6147,-99
9195640716,234.1016,154.3341,-99
9195674049,233.1806,153.9977,-99
9195707382,233,153.7882,-99
9195740715,233.3538,153.371,-99
9195774048,233.68,153.04,-99
9195807381,233.6839,152.0725,-99
9195840714,233.7407,152.7728,-99
9195874047,234.2035,151.2513,-99
9195907380,234.0972,151.9872,-99
9195940713,234.0543,150.4272,-99
9195974046,233.6544,149.9804,-99
9196007379,233.7859,150.0414,-99
9196040712,232.9727,149.5533,-99
9196074045,232.2841,149.0601,-99
9196107378,232.1078,150.1348,-99
9196140711,233.0745,148.7765,-99
9196174044,233.2416,148.9065,-99
9196207377,234.5375,147.2584,-99
9196240710,235.5326,145.9375,-99
9196277293,236.5891,146.3908,-99
9196310626,237.8624,144.7107,-99
9196343959,239.669,142.7203,-99
9196377292,240.3205,140.8923,-99
9196410625,241.1366,141.1057,-99
9196443958,241.9761,139.8488,-99
9196477291,241.6919,139.6357,-99
9196510624,241.4935,138.6788,-99
9196543957,242.0051,138.1103,-99
9196577290,242.3115,136.8607,-99
9196610623,242.8874,136.2601,-99
9196643956,244.1973,135.8162,-99
9196677289,245.9295,135.1951,-99
9196710622,248.3358,133.3778,-99
9196743955,251.3446,133.0207,-99
9196777288,253.8118,132.5337,-99
9196810621,256.156,131.7187,-99
9196843954,259.0478,129.5809,-99
9196877287,261.6784,129.1054,-99
9196910620,264.7961,127.1228,-99
9196943953,267.2667,125.6667,-99
9196977286,269.6284,125.1096,-99
9197010619,272.1224,124.6615,-99
9197043952,274.6243,124.2293,-99
9197077285,277,123.4178,-99
9197110618,279.1816,123.3289,-99
9197143951,281.1832,122.8397,-99
9197177284,282.9523,123.1757,-99
9197210617,285.2246,122.7171,-99
9197243950,286.8913,122.1173,-99
9197277283,288.5585,120.4032,-99
9197310616,290.543,119.7246,-99
9197343949,292.9277,119.2297,-99
9197377282,295.6096,117.8564,-99
9197410615,299.2527,116.917,-99
9197443948,299.8067,116.0902,-99
9197477281,303.338,115.0443,-99
9197510614,305.7869,114.4973,-99
9197543947,307.9641,115.6492,-99
9197577280,309.1859,116.267,-99
9197610613,309.7466,116.6469,-99
9197643946,310.0428,117.2217,-99
9197677279,311.1207,116.0341,-99
9197710612,312.4298,115.7556,-99
9197743945,315.4432,116.412,-99
9197777278,317.9455,116.2614,-99
9197810611,318.8317,114.953,-99
9197843944,320.5516,113.7179,-99
9197877277,323.4987,113.946,-99
9197910610,326.4474,114.7684,-99
9197949491,328.89,115.1279,-99
9197982824,331.9651,116.0054,-99
9198016157,334.3417,117.8861,-99
9198049490,336.6577,118.0916,-99
9198082823,338.6086,118.8143,-99
9198116156,340.0904,118.8137,-99
9198149489,341.3491,118.3412,-99
9198182822,342.6369,117.9106,-99
9198216155,343.6729,117.4329,-99
9198249488,346.2255,117.8152,-99
9198282821,346.2565,117.0561,-99
9198316154,346.6045,118.5261,-99
9198349487,345.9019,120.8971,-99
9198382820,348.4563,121.8102,-99
9198416153,350.5536,123.2202,-99
9198449486,352.1538,123.8808,-99
9198482819,354.0054,124.8354,-99
9198516152,355.984,125.6433,-99
9198549485,357.5699,126.107,-99
9198582818,361.75,126.4601,-99
9198616151,365.0946,125.8274,-99
9198649484,367.2494,125.0617,-99
9198682817,369.935,124.8266,-99
9198716150,371.5197,125.2709,-99
9198749483,373.0297,125.5916,-99
9198782816,375.6266,127.5349,-99
9198816149,377.315,128.5661,-99
9198849482,379.1626,128.6659,-99
9198882815,381.3144,129.2688,-99
9198916148,383.4989,130.0419,-99
9198949481,385.1371,131.1777,-99
9198982814,388.128,132.6004,-99
9199016147,391.2262,134.4916,-99
9199049480,392.2404,135.8262,-99
9199082813,395.334,137.241,-99
9199116146,396.7289,138.289,-99
9199149479,398.5292,138.9653,-99
9199182812,400.2678,139.5749,-99
9199216145,401.1216,139.4192,-99
9199249478,401.4971,139.2019,-99
9199282811,402.9015,139.7424,-99
9199316144,403.182,141.71,-99
9199349477,401.3512,142.7185,-99
9199382810,402.1883,145.4138,-99
9199416143,405.1109,147.258,-99
9199449476,405.4008,148.1864,-99
9199482809,406.3805,149.1143,-99
9199516142,408.3084,150.3889,-99
9199549475,411.2601,151.8095,-99
9199582808,413.9805,153.8124,-99
9199618470,415.382,154.2494,-99
9199651803,417.1787,154.628,-99
9199685136,419.8199,157.9545,-99
9199718469,422.0443,160.4624,-99
9199751802,424.2193,162.6747,-99
9199785135,426.4033,164.1434,-99
9199818468,426.8254,165.6444,-99
9199851801,427.9102,166.8141,-99
9199885134,429.4595,169.106,-99
9199918467,429.8266,171.129,-99
9199951800,431.2218,173.569,-99
9199985133,432.4676,175.5369,-99
9200018466,433.3271,177.0467,-99
9200051799,433.5128,178.7002,-99
9200085132,433.0254,179.8922,-99
9200118465,433.054,181.19,-99
9200151798,433.8454,183.6165,-99
9200185131,434.8283,186.0364,-99
9200218464,435.4849,186.3535,-99
9200251797,436.6122,186.8998,-99
9200285130,437.0822,188.5556,-99
9200318463,436.137,188.6912,-99
9200351796,435.4517,189.7584,-99
9200385129,435.1065,191.4261,-99
9200418462,435.1314,193.2717,-99
9200451795,435.3714,193.1349,-99
9200485128,435.7464,194.5258,-99
9200518461,435.9412,192.8263,-99
9200551794,436.8185,193.9078,-99
9200585127,437.2686,194.3453,-99
9200618460,437.7143,194.3019,-99
9200651793,438.6021,195.6544,-99
9200685126,439.4066,196.5247,-99
9200718459,441.2039,198.2682,-99
9200751792,442.7182,199.3848,-99
9200785125,443.5691,199.8006,-99
9200818458,445.1073,199.4795,-99
9200851791,445.8187,198.9909,-99
9200885124,446.7493,198.9971,-99
9200918457,448.0084,198.2241,-99
9200951790,449.3972,197.9583,-99
9200985123,450.5356,196.467,-99
9201018456,450.9697,196.157,-99
9201051789,452.106,195.8139,-99
9201085122,452.6176,195.7416,-99
9201118455,452.4238,197.0222,-99
9201151788,452.2165,197.8995,-99
9201185121,451.6055,198.2657,-99
9201218454,450.4905,199.2276,-99
9201251787,449.4839,200.1747,-99
9201285120,449.0777,200.4456,-99
9201318453,448.338,201.2825,-99
9201351786,448.4507,201.6527,-99
9201385119,448.3529,202.4629,-99
9201418452,448.7798,202.838,-99
9201451785,448.8776,202.7552,-99
9201485118,448.8409,203.1698,-99
9201518451,450,202.5176,-99
9201551784,450.0977,201.7995,-99
9201585117,449.9102,201.2718,-99
9201618450,450.6012,200.9824,-99
9201651783,450.7697,199.9512,-99
9201685116,450.144,200.5429,-99
9201718449,451.321,200.821,-99
9201751782,451.7934,200.405,-99
9201785115,451.9565,200.5136,-99
9201818448,452.1188,200.6261,-99
9201851781,452.3827,200.7374,-99
9201885114,452.761,200.233,-99
9201918447,452.9884,199.8198,-99
9201951780,452.6527,199.4491,-99
9201985113,452.5882,200.2892,-99
9202018446,452.3287,201.8115,-99
9202051779,452.246,202.1321,-99
9202085112,451.5516,203.0023,-99
9202118445,450.973,203.5187,-99
9202151778,450.3441,204.2309,-99
9202185111,450.1684,201.8763,-99
9202218444,450.8278,202.7,-99
9202251777,449.7749,203.6931,-99
9202285110,449.535,206.0892,-99
9202318443,449.1012,207.2128,-99
9202351776,448.9875,206.8873,-99
9202385109,448.9799,205.6942,-99
9202418442,448.9691,206.3404,-99
9202451775,448.8912,206.7474,-99
9202485108,447.2659,207.8659,-99
9202518441,446.5721,207.8398,-99
9202551774,446.708,209.2962,-99
9202585107,446.3991,208.6098,-99
9202618440,446.7803,209.1088,-99
9202651773,447.0233,210.2505,-99
9202685106,446.7088,211.9165,-99
9202718439,446.3885,212.069,-99
9202751772,446.592,212.9619,-99
9202785105,446.8637,213.02,-99
9202818438,446.1935,212.8432,-99
9202851771,445.8607,212.9543,-99
9202885104,444.5553,212.0539,-99
9202918437,443.8873,213.0434,-99
9202960568,444.0724,214.3371,-99
9202993901,443.4128,215.3081,-99
9203027234,443.2951,214.2607,-99
9203060567,443.323,214.7597,-99
9203093900,444.2152,216.7238,-99
9203127233,443.9792,217.4304,-99
9203160566,444.1566,219.2972,-99
9203193899,445.0804,221.5714,-99
9203227232,447.4197,222.059,-99
9203260565,449.5273,224.6719,-99
9203293898,447.3224,225.8689,-99
9203327231,437.8182,224.3295,-99
9203360564,440.9289,229.3604,-99
9203393897,445.3586,232.2068,-99
9203427230,448.891,234.1767,-99
9203460563,452.4706,234.2353,-99
9203493896,453.6824,234.9628,-99
9203527229,460.525,236.8458,-99
9203560562,459.4958,237.6167,-99
9203593895,455.7086,239.8345,-99
9203627228,454.6,240.7905,-99
9203660561,456.0329,238.7632,-99
9203693894,462.9915,239.8143,-99
9203727227,467.7992,242.583,-99
9203760560,467.3506,242.2987,-99
9203793893,468.3778,243.8445,-99
9203827226,467.0784,246.3582,-99
9203860559,466.662,247.5157,-99
9203893892,466.6168,249.354,-99
9203927225,467.7098,251.0784,-99
9203960558,468.7614,252.634,-99
9203993891,469.9753,253.9542,-99
9204027224,470.5984,255.1767,-99
9204060557,470.7628,256.17,-99
9204093890,470.5928,255.9819,-99
9204127223,467.9179,258.0724,-99
9204160556,465.9656,260.2634,-99
9204193889,465.1709,258.9367,-99
9204227222,461.3916,261.6643,-99
9204260555,459.9884,265.5135,-99
9204293888,458.7143,267.9286,-99
9204327221,455.9924,276.8168,-99
9204360554,453.9474,277.7263,-99
9204393887,457.8911,273.8299,-99
9204427220,464.0381,276.3478,-99
9204460553,467.4063,284.2422,-99
9204493886,464.4435,286.9677,-99
9204527219,457.3625,289.075,-99
9204560552,451.5,289.8,-99
9204593885,446.7439,290.5244,-99
9204627218,448.075,289.3917,-99
9204660551,448.1772,286.5316,-99
9204693884,448.5517,284.5172,-99
9204727217,446.9636,287.1454,-99
9204760550,445.0625,289.6875,-99
9204793883,444.5789,291.7895,-99
9204827216,445.0531,298.6106,-99
9204860549,445.0846,298.4627,-99
9204893882,444.1212,300.1576,-99
9204927215,446.8508,298.0685,-99
9204960548,448.9359,296.9475,-99
9204993881,448.7361,297.8935,-99
9205027214,449.6104,298.3017,-99
9205060547,450.7721,300.5,-99
9205093880,452.1171,301.8341,-99
9205127213,453.8947,302.5125,-99
9205160546,454.7617,304.4986,-99
9205193879,454.1065,307.6544,-99
9205227212,454.2614,308.5901,-99
9205260545,455.0629,309.9493,-99
9205293878,457.4451,310.1236,-99
9205327211,456.9772,309.9288,-99
9205360544,454.0471,312.7146,-99
9205393877,452,314.1765,-99
9205427210,448.7031,318.7304,-99
9205460543,447.9788,320.0848,-99
9205493876,445.4856,320.1917,-99
9205527209,445.2038,320.5223,-99
9205560542,446.7875,321.1175,-99
9205593875,445.6675,324.0805,-99
9205627208,446.6709,326.6557,-99
9205660541,447.3692,327.6823,-99
9205693874,447.2236,330.6332,-99
9205727207,447.4281,331.6656,-99
9205760540,445.6896,332.1456,-99
9205793873,444.11,332.6507,-99
9205827206,444.228,333.1511,-99
9205860539,442.8102,335.1538,-99
9205893872,441.1537,336.9219,-99
9205927205,440.7585,337.8636,-99
9205960538,439.3746,339.4914,-99
9205993871,438.2652,340.8211,-99
9206027204,437.0596,341.4859,-99
9206060537,436.1532,341.6129,-99
9206093870,435.8547,343.5862,-99
9206127203,434.662,344.912,-99
9206160536,434.4633,344.5198,-99
9206193869,434.6521,345.4274,-99
9206227202,433.7417,346.0111,-99
9206260535,432.1179,348.0045,-99
9206293634,430.3188,350.599,-99
9206326967,428.5229,351.1336,-99
9206360300,427.4658,349.0445,-99
9206393633,425.0239,352.194,-99
9206426966,423.1502,352.43,-99
9206460299,423.8278,354.3477,-99
9206493632,424.7856,357.4675,-99
9206526965,423.0186,359.4175,-99
9206560298,421.9522,361.7082,-99
9206593631,420.601,363.2747,-99
9206626964,419.0371,364.522,-99
9206660297,417.5464,364.2634,-99
9206693630,414.6337,365.0749,-99
9206726963,413.2957,368.1226,-99
9206760296,412.5504,369.3958,-99
9206793629,411.7,368.3771,-99
9206826962,413.0162,370.954,-99
9206860295,413.6736,375.6111,-99
9206893628,410.4916,379.405,-99
9206926961,411.1275,377.205,-99
9206960294,411.2948,376.7108,-99
9206993627,409.8481,376.5304,-99
9207026960,408.288,376.1424,-99
9207060293,406.9583,375.5863,-99
9207093626,403.4529,374.7481,-99
9207126959,400.813,374.5143,-99
9207160292,398.4606,374.8386,-99
9207193625,396.4751,379.1965,-99
9207226958,396.5452,380.6822,-99
9207260291,398.3858,379.5736,-99
9207293624,399.1091,379.2831,-99
9207326957,399.439,381.0457,-99
9207360290,397.9827,382.5728,-99
9207393623,395.2135,383.7079,-99
9207426956,394.5488,383.4921,-99
9207460289,393.5331,383.7225,-99
9207493622,392.8975,383.5923,-99
9207526955,390.4192,384.6085,-99
9207560288,388.4716,386.127,-99
9207593621,389.1199,386.5867,-99
9207626954,387.7995,386.6066,-99
9207660287,387.0432,387.8243,-99
9207693620,386.6085,389.0159,-99
9207726953,386.3753,390.2956,-99
9207760286,385.9974,391.4543,-99
9207793619,385.8445,392.6794,-99
9207826952,383.8158,394.489,-99
9207860285,383.3108,394.473,-99
9207893618,380.9979,395.705,-99
9207926951,380.174,397.4167,-99
9207960284,378.9875,398.2344,-99
9207993617,377.1584,398.7039,-99
9208026950,377.6759,398.5789,-99
9208060283,377.7798,400.0703,-99
9208093616,374.7907,400.674,-99
9208126949,373.3412,400.5403,-99
9208160282,372.1132,400.5933,-99
9208193615,370.6505,400.7846,-99
9208226948,369.0787,400.9699,-99
9208260281,368.1972,400.9202,-99
9208293614,367.6644,399.7625,-99
9208326947,366.2867,399.3939,-99
9208360280,365.7857,400.2512,-99
9208393613,367.4223,399.3592,-99
9208426946,366.8768,401.3467,-99
9208460279,366.8088,399.9819,-99
9208493612,366.2148,398.8138,-99
9208526945,366.697,399.5454,-99
9208560278,366.6079,399.8329,-99
9208593611,365.7911,400.3545,-99
9208626944,365.9401,400.7143,-99
9208660277,364.843,401.4296,-99
9208693610,365.131,401.8552,-99
9208726943,364.3096,401.2695,-99
9208760276,363.6907,400.8884,-99
9208793609,364.5227,400.2649,-99
9208826942,364.6906,399.4554,-99
9208860275,364.2296,400.4099,-99
9208893608,363.75,400.3814,-99
9208926941,362.2189,401.2682,-99
9208960274,363.1435,401.5063,-99
9208993607,365.1579,402.8997,-99
9209026940,364.739,404.8244,-99
9209060273,363.3806,404.7234,-99
9209093606,363.5803,403.886,-99
9209126939,361.8821,403.2289,-99
9209160272,361.6586,399.6586,-99
9209193605,361.2761,400.7915,-99
9209226938,363.4147,400.8842,-99
9209260271,364.0496,401.4286,-99
9209293604,365.4429,398.8315,-99
9209326937,363.9099,399.1493,-99
9209360270,364.2997,401.3052,-99
9209393603,364.8734,402.9956,-99
9209426936,363.9361,402.7814,-99
9209460269,365.7731,403.6016,-99
9209493602,366.7128,403.1569,-99
9209526935,363.138,400.482,-99
9209560268,362.1729,398.833,-99
9209593601,362.1932,396.2829,-99
9209626013,364.3793,394.4975,-99
9209659346,363.1667,393.2268,-99
9209692679,362.5977,392.1425,-99
9209726012,363.0608,391.6215,-99
9209759345,360.5,390.1154,-99
9209792678,360.008,388.9453,-99
9209826011,361.6931,387.8614,-99
9209859344,362.5284,386.7004,-99
9209892677,362.8544,385.4726,-99
9209926010,362.403,385.2919,-99
9209959343,362.4697,384.4526,-99
9209992676,360.7964,382.9575,-99
9210026009,361.225,382.8221,-99
9210059342,360.373,382.8266,-99
9210092675,359.3328,382.2613,-99
9210126008,361.9804,383.8039,-99
9210159341,361.2173,383.519,-99
9210192674,360.4065,383.5478,-99
9210226007,360.1327,383.5995,-99
9210259340,358.8581,383.4703,-99
9210292673,356.9955,384.6765,-99
9210326006,355.6517,386.2512,-99
9210359339,353.4348,387.9478,-99
9210392672,351.5826,390.2217,-99
9210426005,348.4591,392.7205,-99
9210459338,345.6704,394.1919,-99
9210492671,342.364,396.2558,-99
9210526004,339.7075,397.3492,-99
9210559337,336.8764,398.773,-99
9210592670,334.9079,399.3348,-99
9210626003,330.4791,399.5308,-99
9210659336,328.124,400.692,-99
9210692669,323.3385,400.9618,-99
9210726002,320.0924,401.4019,-99
9210759335,320.3477,402.5576,-99
9210792668,319.4352,403.4653,-99
9210826001,317.4943,404.1292,-99
9210859334,315.1018,404.375,-99
9210892667,311.0635,404.1468,-99
9210926000,307.0997,402.8842,-99
9210959333,306.349,403.2964,-99
9210992666,304.6084,402.3716,-99
9211025999,303.2275,400.7919,-99
9211059332,301.1416,400.0212,-99
9211092665,297.5432,398.5989,-99
9211125998,295.2214,397.3031,-99
9211159331,293.4449,397.3788,-99
9211192664,289.9977,395.7483,-99
9211225997,286.9887,393.7382,-99
9211259330,283.2685,393.1875,-99
9211294960,280.6986,391.8326,-99
9211328293,278.3897,390.9202,-99
9211361626,275.6472,390.6131,-99
9211394959,273.4526,390.1872,-99
9211428292,271.1518,389.6867,-99
9211461625,269.0045,388.627,-99
9211494958,267.0169,388.3855,-99
9211528291,263.619,388.2789,-99
9211561624,260.7262,388.6334,-99
9211594957,258.4976,389.512,-99
9211628290,257.3358,389.9704,-99
9211661623,255.2919,390.5168,-99
9211694956,253.993,390.2253,-99
9211728289,250.7481,387.3271,-99
9211761622,249.5272,386.2478,-99
9211794955,250.202,388.4261,-99
9211828288,248.3243,387.5086,-99
9211861621,247.2315,386.778,-99
9211894954,246.0616,386.3547,-99
9211928287,243.6038,383.2222,-99
9211961620,242.1107,380.2196,-99
9211994953,241.4014,378.3391,-99
9212028286,240.4922,376.3535,-99
9212061619,240.9475,375.4811,-99
9212094952,240.0278,374.8631,-99
9212128285,238.9317,373.7175,-99
9212161618,237.5013,371.9664,-99
9212194951,235.5405,369.9842,-99
9212228284,233.754,368.2551,-99
9212261617,231.5553,366.9774,-99
9212294950,229.7837,366.9721,-99
9212328283,229.1384,365.3835,-99
9212361616,227.0424,364.2573,-99
9212394949,224.2864,363.5882,-99
9212428282,223.8544,361.8592,-99
9212461615,221.85,360.6725,-99
9212494948,219.7533,359.1403,-99
9212528281,218.8815,356.7607,-99
9212561614,217.0974,355.679,-99
9212594947,216.16,353.0375,-99
9212628280,212.3968,351.4381,-99
9212661613,210.4032,350.8716,-99
9212694946,208.8264,351.2199,-99
9212728279,207.8659,351.3682,-99
9212761612,206.9875,351.81,-99
9212794945,206.0462,351.9641,-99
9212828278,204.9821,351.9337,-99
9212861611,203.4962,350.5739,-99
9212894944,202.8413,349.4207,-99
9212928277,202.0276,344.3015,-99
9212963939,201.8659,342.1609,-99
9212997272,202.5505,342.9546,-99
9213030605,202.3291,341.7789,-99
9213063938,201.9624,340.1317,-99
9213097271,202.0363,338.1373,-99
9213130604,199.7546,336.0574,-99
9213163937,198.8268,335.2178,-99
9213197270,197.8165,333.3723,-99
9213230603,197.1845,332.0642,-99
9213263936,196.9916,331.2117,-99
9213297269,195.921,329.0518,-99
9213330602,196.9587,328.011,-99
9213363935,196.1187,326.6122,-99
9213397268,195.1747,325.0699,-99
9213430601,195.1188,324.4337,-99
9213463934,195.5652,324.2583,-99
9213497267,195.5775,324.1711,-99
9213530600,194.5179,324.0771,-99
9213563933,193.2247,323.8174,-99
9213597266,193.078,323.4059,-99
9213630599,193.1111,323.1323,-99
9213663932,192.5539,321.8546,-99
9213697265,193.7242,320.5803,-99
9213730598,192.9385,319.6217,-99
9213763931,193.8362,319.3154,-99
9213797264,193.4481,319.2354,-99
9213830597,194.0656,319.6115,-99
9213863930,196.4254,320.0225,-99
9213897263,195.3958,319.0449,-99
9213930596,194.2048,318.125,-99
9213963929,195.2982,317.845,-99
9213997262,195.7045,315.9194,-99
9214030595,196.6764,315.7872,-99
9214063928,197.3154,315.0231,-99
9214097261,199.5758,314.1019,-99
9214130594,200.0261,312.4203,-99
9214163927,199.044,311.3571,-99
9214197260,199.0914,310.4221,-99
9214230593,198.3886,309.9876,-99
9214263926,197.738,309.1864,-99
9214297259,196.1034,308.0553,-99
9214330592,195.9947,307.1979,-99
9214363925,194.6614,306.918,-99
9214397258,194.1337,307.0334,-99
9214430591,193.3476,306.1083,-99
9214463924,192.8438,303.7288,-99
9214497257,192.2453,302.9733,-99
9214530590,190.8655,299.4846,-99
9214563923,191.747,298.3434,-99
9214597256,190.5227,295.2747,-99
9214630589,192.7411,294.8965,-99
9214663922,191.9033,293.5829,-99
9214697255,191.75,291.8779,-99
9214730588,192.2416,291.2781,-99
9214763921,189.4767,287.9151,-99
9214797254,189.8507,286.8563,-99
9214830587,188.8338,284.5192,-99
9214863920,189.1333,282.1147,-99
9214897253,191.0831,279.9618,-99
9214930586,191.9753,277.4103,-99
9214963919,194.4677,276.6281,-99
9214997252,194.8865,277.7567,-99
9215030585,196.1734,276.9095,-99
9215063918,198.5695,276.5531,-99
9215097251,198.9224,274.6207,-99
9215130584,198.1786,272.176,-99
9215163917,198.1593,271.6961,-99
9215197250,196.7584,270.3195,-99
9215230583,194.9794,267.9227,-99
9215263916,194.9949,268.5038,-99
9215297249,192.1386,266.2946,-99
9215330582,189.978,265.0742,-99
9215363915,190.3419,265.2956,-99
9215397248,188.252,261.9894,-99
9215430581,188.0973,261.1596,-99
9215463914,186.9635,257.6172,-99
9215497247,187.4878,257.2195,-99
9215530580,186.1762,253.0052,-99
9215563913,186.2784,252.6134,-99
9215597246,185.2203,249.0253,-99
9215630579,185.7739,245.4548,-99
9215663912,185.1656,241.7055,-99
9215697245,187.7591,241.3446,-99
9215730578,187.3388,237.3774,-99
9215763911,188.076,233.5521,-99
9215797244,188.7151,232.0894,-99
9215830577,189.8775,229.3,-99
9215863910,190.4861,225.2317,-99
9215897243,190.2821,220.9829,-99
9215930576,192.2946,217.6297,-99
9215963909,194.9188,215.7871,-99
9215997242,195.9217,212.6754,-99
9216030575,197.6519,211.4282,-99
9216063908,199.2679,208.8138,-99
9216097241,199.4262,205.8976,-99
9216130574,199.4776,203.8259,-99
9216163907,199.3223,201.8294,-99
9216197240,198.3177,199.7292,-99
9216230573,198.2266,197.9065,-99
9216263906,197.3858,196.3709,-99
9216309288,197.4135,194.2331,-99
9216342621,197.9349,191.638,-99
9216375954,199.0698,188.9916,-99
9216409287,200.9698,186.4588,-99
9216442620,201.5964,182.9115,-99
9216475953,204.3647,181.6467,-99
9216509286,205.3132,178.2842,-99
9216542619,207.2828,176.9825,-99
9216575952,208.9257,175.644,-99
9216609285,210.7043,173.6425,-99
9216642618,212.4187,172.3223,-99
9216675951,213.8635,170.1076,-99
9216709284,215.1662,168.5668,-99
9216742617,216.7787,167.7899,-99
9216775950,217.9503,166.0654,-99
9216809283,220.1565,165.2116,-99
9216842616,221.6602,163.5,-99
9216875949,222.8271,161.853,-99
9216909282,224.1243,162.1676,-99
9216942615,224.9103,162.375,-99
9216975948,224.7778,162.7949,-99
9217009281,225.3251,163.8579,-99
9217042614,225.4037,164.1662,-99
9217075947,225.7234,164.891,-99
9217109280,228.5805,164.7884,-99
9217142613,229.1791,165.2917,-99
9217175946,229.0159,166.6084,-99
9217209279,230.126,165.9332,-99
9217242612,231.2939,165.6875,-99
9217275945,231.6569,165.7271,-99
9217309278,232.0268,166.0825,-99
9217342611,233.0428,166.4209,-99
9217375944,234.1122,167.7813,-99
9217409277,234.0644,168.4924,-99
9217442610,232.1559,168.3477,-99
9217475943,232.3465,167.5049,-99
9217509276,233.3304,167.5477,-99
9217542609,233.621,167.6788,-99
9217575942,233.4444,166.8025,-99
9217609275,232.9413,166.9109,-99
9217642608,232.9124,167.3291,-99
9217675941,233.5868,167.7165,-99
9217709274,232.6592,167.699,-99
9217742607,232.6861,168.2734,-99
9217775940,233.2786,168.5871,-99
9217809273,234.9724,167.3358,-99
9217842606,237.1131,165.2161,-99
9217875939,238.07,163.2867,-99
9217909272,239.2753,161.3258,-99
9217942605,241.1031,158.7191,-99
9217975938,241.5901,157.1227,-99
9218009271,242.7871,154.2057,-99
9218042604,243.1143,152.5329,-99
9218075937,245.6457,151.4615,-99
9218109270,248.3457,150.3736,-99
9218142603,248.4654,149.4494,-99
9218175936,249.6126,148.9128,-99
9218209269,250.8333,148.8565,-99
9218242602,252.1743,149.2165,-99
9218275935,254.8182,149.1636,-99
9218309268,256.6255,147.9709,-99
9218342601,255.6375,147.4807,-99
9218375934,257.1094,145.5859,-99
9218409267,258.6825,144.8148,-99
9218442600,260.33,142.995,-99
9218475933,262.1233,140.6166,-99
9218509266,262.9613,140.5835,-99
9218542599,263.8571,137.0887,-99
9218575932,263.8141,136.7638,-99
9218609265,265.6667,133.9147,-99
9218642598,267.0542,132.7652,-99
9218675931,268.5465,131.3349,-99
9218709264,272.8189,129.3358,-99
9218742597,273.5506,127.9365,-99
9218775930,275.2549,126.047,-99
9218809263,278.1296,124.8826,-99
9218842596,280.7688,124.0863,-99
9218875929,282.9028,122.6694,-99
9218909262,285.2909,122,-99
9218942595,287.3333,120.6098,-99
9218975928,289.0379,119.981,-99
9219009261,290.9065,118.5662,-99
9219042594,292.4391,117.9233,-99
9219075927,294.4859,117.1105,-99
9219109260,296.8316,116.8731,-99
9219142593,298.1471,116.2941,-99
9219175926,299.9547,115.136,-99
9219209259,301.8564,114.0801,-99
9219242592,303.3765,113.3618,-99
9219275925,303.832,113.2331,-99
9219309258,304.0794,113.4941,-99
9219342591,304.6884,112.6314,-99
9219375924,305.8166,112.1183,-99
9219409257,305.4529,111.6206,-99
9219442590,306.0553,111.8543,-99
9219475923,308.1985,112.6704,-99
9219509256,309.2998,112.3333,-99
9219542589,309.9827,112.9731,-99
9219575922,310.2545,112.7939,-99
9219609255,312.3522,112.9706,-99
9219636806,313.8196,113.1222,-99
9219670139,315.655,113.2435,-99
9219703472,317.9963,114.3894,-99
9219736805,320.166,115.8263,-99
9219770138,321.848,116.8415,-99
9219803471,325.3923,118.5203,-99
9219836804,327.5706,119.4647,-99
9219870137,328.8407,120.1635,-99
9219903470,330.4935,120.4625,-99
9219936803,332.3883,120.4867,-99
9219970136,334.5679,120.3075,-99
9220003469,336.2908,119.8234,-99
9220036802,337.2202,119.4801,-99
9220070135,338.1577,118.7807,-99
9220103468,339.518,118.3463,-99
9220136801,340.3077,117.7419,-99
9220170134,341.8015,116.5623,-99
9220203467,343.5088,116.1429,-99
9220236800,344.8416,115.5965,-99
9220270133,346.8047,114.8984,-99
9220303466,348.9318,115.4856,-99
9220336799,351.1761,115.7263,-99
9220370132,352.8495,116.4462,-99
9220403465,353.8926,117.6266,-99
9220436798,354.6438,118.4377,-99
9220470131,355.7101,119.2766,-99
9220503464,357.0078,119.4378,-99
9220536797,357.7921,118.8399,-99
9220570130,358.9765,118.4047,-99
9220603463,360.0022,118.7684,-99
9220636796,361.1637,116.3057,-99
9220670129,361.4893,115.0387,-99
9220703462,363.1606,114.3926,-99
9220736795,363.1324,114.521,-99
9220770128,364.7172,114.0707,-99
9220803461,365.4077,114.6389,-99
9220836794,367.132,114.7398,-99
9220870127,368.4757,114.8932,-99
9220903460,370.5472,115.7395,-99
9220936793,371.9036,116.6382,-99
9220970126,373.5417,117.3478,-99
9221003459,374.6231,119.2173,-99
9221036792,374.9415,121.3275,-99
9221070125,375.5701,122.976,-99
9221103458,374.5258,125.1807,-99
9221136791,373.4208,128.1065,-99
9221170124,373.8707,130.0185,-99
9221203457,373.6037,130.6573,-99
9221236790,373.7122,131.9488,-99
9221270123,373.9638,132.8681,-99
9221302503,374.605,133.8981,-99
9221335836,374.3604,131.7453,-99
9221369169,377.1244,131.5337,-99
9221402502,379.697,131.6894,-99
9221435835,381.3133,131.1228,-99
9221469168,385.3781,130.5366,-99
9221502501,388.4873,130.6853,-99
9221535834,390.2854,130.1317,-99
9221569167,392.4361,130.5664,-99
9221602500,394.195,132.2925,-99
9221635833,395.6102,135.7506,-99
9221669166,397.4624,139.2633,-99
9221702499,397.3287,140.2006,-99
9221735832,398.0505,142.5106,-99
9221769165,398.9867,144.7067,-99
9221802498,398.4855,145.2691,-99
9221835831,400.1945,146.6239,-99
9221869164,401.8863,147.0601,-99
9221902497,403.3513,146.0379,-99
9221935830,404.8081,145.4568,-99
9221969163,406.7137,145.4718,-99
9222002496,406.6547,145.2373,-99
9222035829,409.3254,144.9141,-99
9222069162,411.052,144.644,-99
9222102495,412.2495,145.2768,-99
9222135828,413.9945,145.5349,-99
9222169161,414.7378,146.1526,-99
9222202494,412.5074,148.4877,-99
9222235827,413.1137,151.3101,-99
9222269160,413.8466,154.734,-99
9222302493,415.2165,157.387,-99
9222335826,414.832,159.3402,-99
9222369159,416.5502,160.6139,-99
9222402492,417.0403,159.3501,-99
9222435825,419.314,159.6174,-99
9222469158,421.748,158.9554,-99
9222502491,424.0873,160.3529,-99
9222535824,426.2126,158.1264,-99
9222569157,426.7269,157.4317,-99
9222602490,426.0298,155.2362,-99
9222635823,425.4823,152.5437,-99
9222669156,426.2968,152.3828,-99
9222702489,427.0663,151.8483,-99
9222735822,427.2321,152.7768,-99
9222769155,427.1872,154.5388,-99
9222802488,426.3409,156.4966,-99
9222835821,425.1033,157.9718,-99
9222869154,424.5114,159.589,-99
9222902487,423.7123,159.9361,-99
9222935820,424.1605,159.1258,-99
9222977951,425.2685,158.0846,-99
9223011284,425.417,156.6766,-99
9223044617,427.1777,155.0086,-99
9223077950,429.2162,153.948,-99
9223111283,430.5595,152.685,-99
9223144616,432.9794,152.6749,-99
9223177949,434.2676,153.0181,-99
9223211282,434.8341,154.3297,-99
9223244615,433.2346,155.0099,-99
9223277948,433.2922,156.8312,-99
9223311281,433.1294,157.5323,-99
9223344614,433.8734,157.7995,-99
9223377947,436.0936,160.9315,-99
9223411280,437.9539,165.1844,-99
9223444613,437.268,165.6471,-99
9223477946,437.4745,166.7653,-99
9223511279,437.4175,168.2525,-99
9223544612,440.1124,167.8135,-99
9223577945,440.8974,165.4678,-99
9223611278,441.8837,161.854,-99
9223644611,443.4362,156.6225,-99
9223677944,444.4853,151.5282,-99
9223711277,445.3524,146.5383,-99
9223744610,445.7579,142.5937,-99
9223777943,445.7708,139.5469,-99
9223811276,445.967,136.5254,-99
9223844609,445.3362,134.6404,-99
9223877942,446.3088,132.2861,-99
9223911275,446.627,131.2288,-99
9223944608,447.6218,128.8653,-99
9223977941,448.2973,127.2312,-99
9224011274,448.7583,124.0278,-99
9224044607,448.2617,120.5482,-99
9224077940,448.2725,118.079,-99
9224111273,448.2805,116.4444,-99
9224144606,448.3854,112.4714,-99
9224177939,447.6239,111.1168,-99
9224211272,446.7411,109.0083,-99
9224244605,446.2102,108.7045,-99
9224277938,445.5427,107.1006,-99
9224311271,445.1982,106.6366,-99
9224344604,445.3159,107.1593,-99
9224377937,446.1482,108.2279,-99
9224411270,447.0245,108.9537,-99
9224444603,448.2943,110.752,-99
9224477936,449.3791,112.4313,-99
9224511269,450.7069,113.7249,-99
9224544602,451.6857,114.5221,-99
9224577935,452.5459,115.9554,-99
9224611268,452.9118,116.2674,-99
9224644601,452.9767,115.7416,-99
9224677934,452.7139,116.0814,-99
9224711267,453.1114,114.9284,-99
9224744600,453.0869,115.7605,-99
9224777933,453.0735,115.7113,-99
9224811266,453.3307,116.8425,-99
9224844599,453.5233,117.9452,-99
9224877932,453.622,118.9625,-99
9224911265,453.4484,120.2544,-99
9224944598,453.3317,120.7322,-99
9224977931,452.8511,121.1414,-99
9225011264,453.2079,121.2921,-99
9225044597,452.7306,122.3616,-99
9225077930,453.265,122.1325,-99
9225111263,453.2039,123.1917,-99
9225144596,453.2744,124.0245,-99
9225177929,453.04,125.7657,-99
9225211262,453.4817,127.6648,-99
9225244595,454.2299,131.3663,-99
9225277928,454.804,135.6551,-99
9225311261,454.4105,140.3632,-99
9225344594,454.1593,145.9008,-99
9225377927,452.9711,151.6618,-99
9225411260,451.8587,157.0997,-99
9225444593,452.0452,161.9202,-99
9225477926,450.9974,165.2158,-99
9225511259,449.8161,168.8057,-99
9225544592,449.4516,171.5161,-99
9225577925,449.6217,172.694,-99
9225611258,448.395,174.32,-99
9225644591,448.4794,175.5,-99
9225677924,448.6314,176.5725,-99
9225711257,448.321,177.4476,-99
9225744590,448.2235,179.0722,-99
9225777923,448.0266,181.7828,-99
9225811256,446.7978,183.8652,-99
9225844589,445.524,187.7838,-99
9225877922,443.3623,190.8602,-99
9225911255,442.1094,193.3326,-99
9225944588,439.7473,196.1264,-99
9225977921,438.4214,197.9061,-99
9226011254,437.7115,197.3819,-99
9226044587,437.3391,199.0029,-99
9226077920,437.4985,200.1888,-99
9226111253,438.8822,201.8075,-99
9226144586,440.3343,201.9767,-99
9226177919,442.3731,202.7373,-99
9226211252,444.8378,202.8468,-99
9226244585,447.1257,203.6943,-99
9226277918,448.7485,204.6568,-99
9226312658,450.9339,206.0582,-99
9226345991,452.5741,209.1412,-99
9226379324,454.2136,210.5922,-99
9226412657,456.3448,211.3059,-99
9226445990,457.7711,212.5632,-99
9226479323,459.8084,213.4986,-99
9226512656,461.8012,215.0397,-99
9226545989,462.5179,216.3393,-99
9226579322,463.9478,216.273,-99
9226612655,465.4431,216.1737,-99
9226645988,466.7359,216.276,-99
9226679321,467.2261,216.2134,-99
9226712654,468.6973,215.7033,-99
9226745987,472.2114,216.9268,-99
9226779320,470.2195,221.8902,-99
9226812653,471.4453,224.2969,-99
9226845986,467.2851,221.843,-99
9226879319,462.6293,221.3233,-99
9226912652,464.7636,223.6121,-99
9226945985,465.4159,226.3016,-99
9226979318,463.9324,224.0495,-99
9227012651,465.4924,227.2893,-99
9227045984,469.6136,227.8636,-99
9227079317,469.625,222.75,-99
9227112650,470.5032,237.0446,-99
9227145983,470.1441,232.8559,-99
9227179316,467.5,231.0636,-99
9227212649,466.6084,232.1958,-99
9227245982,466.6853,231.8735,-99
9227279315,466.469,235.1499,-99
9227312648,466.0318,236.5614,-99
9227345981,465.0422,236.8038,-99
9227379314,464.526,238.2266,-99
9227412647,462.7953,239.7015,-99
9227445980,462.7979,241.2126,-99
9227479313,461.4414,242.3724,-99
9227512646,459.9934,242.7234,-99
9227545979,461.2592,241.9747,-99
9227579312,459.7727,242.8797,-99
9227612645,459.7316,244.4209,-99
9227645978,458.9079,245.8474,-99
9227679311,458.4453,246.3073,-99
9227712644,457.9554,249.9318,-99
9227745977,459.0203,252.5101,-99
9227779310,460.5918,255.1122,-99
9227812643,457.5315,259.6697,-99
9227845976,457.3074,258.4558,-99
9227879309,453.5775,257.4131,-99
9227912642,454.8301,260.0734,-99
9227945975,456.3596,261.7778,-99
9227985778,456.8051,262.9828,-99
9228019111,456.8669,264.9745,-99
9228052444,457.1844,266.83,-99
9228085777,458.1919,268.5087,-99
9228119110,458.9167,269.6071,-99
9228152443,458,268.7531,-99
9228185776,462.4721,271.313,-99
9228219109,462.678,273.7801,-99
9228252442,462.5469,273.4688,-99
9228285775,460.7854,275.4828,-99
9228319108,459.6367,275.6849,-99
9228352441,459.0549,276.9748,-99
9228385774,459.2511,276.381,-99
9228419107,458.8033,276.9229,-99
9228452440,458.2008,278.5983,-99
9228485773,457.8351,279.8845,-99
9228519106,458.106,280.682,-99
9228552439,458.1905,282.8882,-99
9228585772,458.9122,283.2841,-99
9228619105,459.6845,284.4839,-99
9228652438,459.2287,286.4043,-99
9228685771,458.0791,286.9576,-99
9228719104,457.8164,287.7945,-99
9228752437,457.6808,289.5897,-99
9228785770,457.9439,290.8661,-99
9228819103,455.4777,293.4252,-99
9228852436,453.9753,294.9332,-99
9228885769,454.6158,294.2896,-99
9228919102,454.4119,295.9133,-99
9228952435,452.4913,298.1266,-99
9228985768,452.5033,301.0963,-99
9229019101,453.2475,303.72,-99
9229052434,453.3839,306.7616,-99
9229085767,451.9456,307.6762,-99
9229119100,449.8856,308.5,-99
9229152433,447.3315,309.8478,-99
9229185766,443.5382,306.7891,-99
9229219099,444.1934,301.1989,-99
9229252432,441.7786,301.2214,-99
9229285765,440.6857,302.5643,-99
9229319098,443.911,305.1937,-99
9229352431,446.4675,309.1585,-99
9229385764,448.3791,310.9412,-99
9229419097,447.5116,312.4884,-99
9229452430,447.3571,314.3251,-99
9229485763,448.3161,314.3938,-99
9229519096,448.979,314.0629,-99
9229552429,450.354,314.5339,-99
9229585762,450.7127,315.2818,-99
9229619095,448.9383,318.8633,-99
9229652428,448.8501,321.7439,-99
9229685761,447.1737,321.3831,-99
9229719094,446.773,322,-99
9229752427,449.3123,323.4355,-99
9229785760,448.6056,321.3592,-99
9229819093,448.5087,320.804,-99
9229852426,449.0178,320.4873,-99
9229885759,448.6929,320.875,-99
9229919092,448.8193,320.2646,-99
9229952425,448.413,322.2,-99
9229985758,450.36,324.5815,-99
9230019091,449.0532,324.2241,-99
9230052424,448.4573,324.1432,-99
9230085757,448.1321,324.3127,-99
9230119090,447.124,324.1887,-99
9230152423,446.5859,323.9606,-99
9230185756,446.9759,324.1604,-99
9230219089,447.4111,324.4748,-99
9230252422,448.3362,324.8087,-99
9230285755,447.7964,324.0719,-99
9230319088,448.6372,325.2655,-99
9230352421,448.7335,325.5874,-99
9230385754,449.6842,326.1579,-99
9230419087,445.9528,327.643,-99
9230452420,442.2527,326.4758,-99
9230485753,436.8298,328.3688,-99
9230519086,437.7985,328.8035,-99
9230552419,439.2505,328.541,-99
9230585752,438.8641,330.4602,-99
9230619085,437.0645,329.1376,-99
9230652418,436.6478,331.8973,-99
9230685751,435.4262,334.3607,-99
9230719084,435.3079,338.5843,-99
9230752417,433.7957,340.5521,-99
9230785750,432.4313,342.6731,-99
9230819083,430.9683,344.1109,-99
9230852416,429.9315,344.873,-99
9230885749,428.287,345.3102,-99
9230919082,426.357,346.714,-99
9230952415,424.6599,347.2838,-99
9230985748,421.8503,350.0544,-99
9231019081,421.6997,351.3399,-99
9231052414,425.7629,356.1121,-99
9231085747,424.5733,356.1107,-99
9231119080,423.9818,356.0061,-99
9231152413,423.0497,356.8315,-99
9231185746,421.4321,357.8552,-99
9231219079,417.7701,360.3613,-99
9231252412,417.4263,360.751,-99
9231285745,416.1431,361.9052,-99
9231313296,415.1759,362.1898,-99
9231346629,413.7169,363.8422,-99
9231379962,408.8208,366.287,-99
9231413295,408.6364,367.0068,-99
9231446628,407.2935,366.9093,-99
9231479961,404.9066,367.1495,-99
9231513294,403.157,368.2102,-99
9231546627,401.2844,369.8394,-99
9231579960,399.6823,371.0753,-99
9231613293,398.2773,373.2795,-99
9231646626,397.0474,374.6384,-99
9231679959,396.1522,377.1241,-99
9231713292,392.8709,379.7919,-99
9231746625,390.2014,381.3579,-99
9231779958,390.6021,384.0863,-99
9231813291,386.6753,386.2729,-99
9231846624,385.1584,387.201,-99
9231879957,383.6919,387.5281,-99
9231913290,381.7403,387.5146,-99
9231946623,379.0172,388.7155,-99
9231979956,381.8698,390.9171,-99
9232013289,381.7927,393.9685,-99
9232046622,380.1114,395.4929,-99
9232079955,378.9502,397.7511,-99
9232113288,378.2762,398.3512,-99
9232146621,379.2414,398.0478,-99
9232179954,377.5301,397.2289,-99
9232213287,375.5058,396.6473,-99
9232246620,370.6147,396.3596,-99
9232279953,368.8646,395.0846,-99
9232313286,371.4853,394.4966,-99
9232346619,370.0731,394.4886,-99
9232379952,368.9127,394.7632,-99
9232413285,370.0139,394.9305,-99
9232446618,369.8102,395.3236,-99
9232479951,370.0562,395.6427,-99
9232513284,369.4945,396.9073,-99
9232546617,367.896,397.7305,-99
9232579950,366.8568,399.0773,-99
9232613283,364.9294,399.5421,-99
9232646616,363.8341,400.053,-99
9232679949,363.4702,400.3028,-99
9232713282,360.7871,400.008,-99
9232746615,358.3345,399.8389,-99
9232779948,360.2449,399.9116,-99
9232813281,356.9275,399.5428,-99
9232846614,356.7666,400.6539,-99
9232879947,354.6418,401.5797,-99
9232913280,351.6717,401.2679,-99
9232946613,351.5772,401.5414,-99
9232981353,350.7072,401.1881,-99
9233014686,348.3356,401.8972,-99
9233048019,346.0357,402.3839,-99
9233081352,343.6409,402.9886,-99
9233114685,341,403.2873,-99
9233148018,338.7191,402.3262,-99
9233181351,335.7455,401.5536,-99
9233214684,332.9747,399.8122,-99
9233248017,327.9362,397.5327,-99
9233281350,326.8437,397.2611,-99
9233314683,328.3724,397.4099,-99
9233348016,327.0813,396.7111,-99
9233381349,325.9506,396.636,-99
9233414682,324.7089,397.5399,-99
9233448015,323.4445,398.3089,-99
9233481348,321.6706,400.0972,-99
9233514681,320.1873,401.8081,-99
9233548014,318.6528,402.5939,-99
9233581347,316.4117,404.0345,-99
9233614680,314.8511,404.5222,-99
9233648013,310.0067,402.197,-99
9233681346,308.9738,401.2878,-99
9233714679,310.6836,401.2995,-99
9233748012,309.7919,399.4966,-99
9233781345,309.0544,398.3215,-99
9233814678,307.3098,397.3599,-99
9233848011,306.2009,397.1917,-99
9233881344,304.2523,396.8962,-99
9233914677,301.696,396.2352,-99
9233948010,298.9147,396.2604,-99
9233981343,295.4411,395.9284,-99
9234014676,292.5011,395.3608,-99
9234048009,290.2072,394.1306,-99
9234081342,287.2644,393.5156,-99
9234114675,284.7857,392.3619,-99
9234148008,283.5688,390.8807,-99
9234181341,281.6334,390.6543,-99
9234214674,279.8687,391.4055,-99
9234248007,278.1602,393.0073,-99
9234281340,277.375,393.6667,-99
9234314673,274.807,395.4759,-99
9234348006,273.5891,396.6804,-99
9234381339,271.8664,397.957,-99
9234414672,270.7022,397.8578,-99
9234448005,269.1457,397.7837,-99
9234481338,267.6479,396.6095,-99
9234514671,264.652,394.78,-99
9234548004,263.0387,393.3559,-99
9234581337,263.8721,392.9628,-99
9234614670,262.3902,391.8108,-99
9234654472,260.4005,390.1247,-99
9234687805,259.7523,388.1009,-99
9234721138,257.4413,387.4077,-99
9234754471,256.782,385.99,-99
9234787804,255.3703,384.7972,-99
9234821137,254.681,383.7214,-99
9234854470,252.3013,382.5201,-99
9234887803,250.6061,381.7778,-99
9234921136,248.7945,379.5464,-99
9234954469,247.4157,378.4873,-99
9234987802,245.6905,377.5166,-99
9235021135,244.9953,375.0758,-99
9235054468,243.0024,374.2813,-99
9235087801,240.1466,373.1794,-99
9235121134,237.8612,372.685,-99
9235154467,236.628,372.2079,-99
9235187800,236.9146,372.5878,-99
9235221133,235.4499,372.7789,-99
9235254466,233.9462,372.5795,-99
9235287799,231.957,371.9139,-99
9235321132,230.488,371.1172,-99
9235354465,229.0046,370.1438,-99
9235387798,227.6675,369.3181,-99
9235421131,225.9296,368.6055,-99
9235454464,224.8786,366.5585,-99
9235487797,223.2701,366.0112,-99
9235521130,221.294,365.7039,-99
9235554463,220.1343,366.2292,-99
9235587796,220.4222,366.4197,-99
9235621129,219.0597,366.222,-99
9235654462,217.5504,364.7986,-99
9235687795,216.262,363.9496,-99
9235721128,215.4623,362.1752,-99
9235754461,215.1823,360.2143,-99
9235787794,213.9775,358.625,-99
9235821127,213.6378,356.7533,-99
9235854460,212.9277,354.5736,-99
9235887793,212.7306,353.3083,-99
9235921126,212.426,350.3954,-99
9235954459,211.0942,348.5208,-99
9235987792,210.3217,346.2045,-99
9236021125,209.1749,342.9335,-99
9236054458,207.9251,340.978,-99
9236087791,207.5505,339.375,-99
9236121124,207.8565,337.4475,-99
9236154457,207.3373,335.9953,-99
9236187790,206.3017,334.9173,-99
9236221123,205.6973,333.7703,-99
9236254456,205.8136,332.287,-99
9236287789,206.3425,331.6906,-99
9236321122,204.5373,330.7786,-99
9236354455,203.1818,329.5091,-99
9236387788,201.2514,328.0929,-99
9236421121,201.3766,327.0623,-99
9236454454,199.2005,325.9666,-99
9236487787,198.0506,325.7317,-99
9236521120,197.096,324.757,-99
9236554453,197.113,324.0319,-99
9236587786,196.329,323.1932,-99
9236621119,193.4663,320.4314,-99
9236654452,192.4688,319.2428,-99
9236687785,190.4988,318.7259,-99
9236721118,190.0657,318.0462,-99
9236754451,190.4629,318.6683,-99
9236787784,189.7645,318.1773,-99
9236821117,188.7126,316.9731,-99
9236854450,190.0652,315.8944,-99
9236887783,189.6346,313.6374,-99
9236921116,190.5831,311.7583,-99
9236954449,190.6024,309.5361,-99
9236987782,190.8333,306.4453,-99
9237021115,190.312,302.9854,-99
9237054448,189.9719,299.5013,-99
9237087781,191.0725,296.7343,-99
9237121114,191.0593,294.2766,-99
9237154447,191.5693,291.8437,-99
9237187780,192.5849,290.376,-99
9237221113,192.5483,289.4465,-99
9237254446,192.5063,289,-99
9237287779,192.0916,288.8011,-99
9237321112,190.5379,286.8329,-99
9237354445,187.638,286.0127,-99
9237387778,184.9609,285.4572,-99
9237421111,183.8714,285.3832,-99
9237454444,183.6723,285.8095,-99
9237487777,183.3777,283.7314,-99
9237521110,184.2667,282.9889,-99
9237554443,184.504,280.2815,-99
9237587776,186.8023,279.4186,-99
9237621109,187.0754,276.5826,-99
9237654442,188.25,275.2557,-99
9237687775,188.5105,272.6937,-99
9237721108,188.5297,270.2019,-99
9237754441,187.4286,267.5714,-99
9237787774,186.7595,264.3643,-99
9237821107,185.3852,262.7678,-99
9237854440,185.4906,261.9542,-99
9237887773,185.3827,260.6479,-99
9237921106,185.5199,258.7553,-99
9237954439,186.806,257.418,-99
9237995649,186.1464,255.4766,-99
9238028982,186.5573,253.1867,-99
9238062315,187.757,252.6732,-99
9238095648,187.4741,249.1753,-99
9238128981,188.6667,247.7492,-99
9238162314,189.8011,245.2262,-99
9238195647,189.1337,241.5,-99
9238228980,190.1637,238.796,-99
9238262313,190.4019,236.0823,-99
9238295646,191.3973,235.1432,-99
9238328979,190.3433,232.2071,-99
9238362312,191.685,232.3825,-99
9238395645,190.4654,228.7535,-99
9238428978,190.5625,228.285,-99
9238462311,189.9403,225.9221,-99
9238495644,189.5887,224.2699,-99
9238528977,190.2599,223.0446,-99
9238562310,189.3906,219.6927,-99
9238595643,190.1088,219.6865,-99
9238628976,190.6509,219.5312,-99
9238662309,191.1101,217.8697,-99
9238695642,190.8021,215.4866,-99
9238728975,191.7088,214.9642,-99
9238762308,191.9318,213.0398,-99
9238795641,192.9604,210.6287,-99
9238828974,193.3152,208.7622,-99
9238862307,194.6633,206.6908,-99
9238895640,195.274,204.5948,-99
9238928973,197.122,203.3183,-99
9238962306,198.5197,200.9944,-99
9238995639,199.8104,200.5902,-99
9239028972,201.5,198.0674,-99
9239062305,203.2956,195.8232,-99
9239095638,204.4543,192.0305,-99
9239128971,205.0714,188.8036,-99
9239162304,205.192,186.9707,-99
9239195637,205.4975,185.7525,-99
9239228970,205.112,183.8267,-99
9239262303,205.1455,182.537,-99
9239295636,205.5749,181.8092,-99
9239328969,206.0621,181.7249,-99
9239362302,205.6505,180.589,-99
9239395635,206.4605,179.3978,-99
9239428968,207.5163,177.6522,-99
9239462301,207.8883,176.3296,-99
9239495634,209.2,174.5215,-99
9239528967,210.6417,172.6604,-99
9239562300,211.4413,169.8345,-99
9239595633,212.8684,169.2474,-99
9239628966,212.4788,168.813,-99
9239662299,212.1557,169.6966,-99
9239695632,211.9086,168.0111,-99
9239728965,212.2237,166.4852,-99
9239762298,212.4607,166.0921,-99
9239795631,213.0889,165.3504,-99
9239828964,213.5123,165.0082,-99
9239862297,214.2139,165.4332,-99
9239895630,215.1869,166.1263,-99
9239928963,216.9296,166.9296,-99
9239962296,217.2356,166.8997,-99
9239995629,218.0459,166.5179,-99
9240028962,218.4151,166.6529,-99
9240062295,219.3229,167.361,-99
9240095628,220.79,167.58,-99
9240128961,222.6897,168.374,-99
9240162294,224.5333,169.2128,-99
9240195627,226.799,170.2129,-99
9240228960,228.6212,171.9671,-99
9240262293,229.3333,172.4221,-99
9240295626,229.5164,172.1335,-99
9240328959,229.2063,170.7549,-99
9240362292,228.1418,169.4149,-99
9240395625,227.0197,166.317,-99
9240428958,225.6524,164.9465,-99
9240462291,224.3027,162.1259,-99
9240495624,222.3782,161.3912,-99
9240528957,221.176,161.5025,-99
9240562290,218.8621,160.5438,-99
9240595623,216.4171,159.4475,-99
9240628956,213.8274,159.4603,-99
9240662289,211.3756,159.5622,-99
9240695622,207.8276,158.9363,-99
9240728955,203.3324,158.8794,-99
9240762288,198.8374,158.8618,-99
9240795621,194.664,158.7926,-99
9240828954,191.5515,159.1443,-99
9240862287,187.5521,159.1211,-99
9240895620,184.5597,160.1492,-99
9240928953,181.8636,160.6627,-99
9240962286,179.7422,160.5639,-99
9240995619,178.3388,160.7213,-99
9241028952,177.963,159.9228,-99
9241062285,177.2544,158.606,-99
9241095618,175.929,155.3432,-99
9241128951,177.2457,157.8699,-99
9241162284,176.7772,155.3528,-99
9241195617,177.74,154.6629,-99
9241228950,179.5044,153.8702,-99
9241262283,180.1818,153.7244,-99
9241295616,180.6084,153.3577,-99
9241324777,181.7531,152.1839,-99
9241358110,183.5452,152.615,-99
9241391443,184.5884,152.75,-99
9241424776,185.3309,153.7383,-99
9241458109,186.7437,154.6256,-99
9241491442,187.6923,155.8654,-99
9241524775,188.6372,156.5302,-99
9241558108,189.9199,157.983,-99
9241591441,190.3144,159.0733,-99
9241624774,191.0643,160.3143,-99
9241658107,192.3101,161.5673,-99
9241691440,193.043,161.7065,-99
9241724773,194.7292,162.3207,-99
9241758106,197.2561,162.6463,-99
9241791439,199.8392,163.1281,-99
9241824772,203.4204,163.5653,-99
9241858105,207.5541,164.6992,-99
9241891438,211.6935,166.2581,-99
9241924771,216.0258,166.9398,-99
9241958104,220.4057,168.2914,-99
9241991437,224.4698,168.6703,-99
9242024770,227.619,168.1261,-99
9242058103,229.9624,166.7849,-99
9242091436,231.3253,165.2922,-99
9242124769,232.3,164.5444,-99
9242158102,232.4467,161.8965,-99
9242191435,231.9765,161.0264,-99
9242224768,232.2126,159.6897,-99
9242258101,232.319,158.4023,-99
9242291434,233.0357,157.4203,-99
9242324767,234.295,157.0705,-99
9242358100,235.2326,155.8701,-99
9242391433,235.8961,153.1247,-99
9242424766,236.8232,152.5565,-99
9242458099,238.0445,150.7304,-99
9242491432,241.0202,149.3508,-99
9242524765,242.5174,147.9264,-99
9242558098,244.504,147.5158,-99
9242591431,246.9298,146.1384,-99
9242624764,248.264,144.1367,-99
9242658097,249.8836,142.3306,-99
9242691430,250.8329,141.6102,-99
9242724763,253.5578,139.1884,-99
9242758096,257.0907,137.1914,-99
9242791429,259.381,136.6825,-99
9242824762,262.4451,136.1621,-99
9242858095,265.1662,135.7493,-99
9242891428,267.5527,134.5983,-99
9242924761,269.6054,133.7459,-99
9242958094,271.8324,133.033,-99
9242988895,273.5383,132.9789,-99
9243022228,275.8,132.4361,-99
9243055561,279.1369,130.933,-99
9243088894,281.2697,128.9663,-99
9243122227,284.0544,128.8886,-99
9243155560,287.1891,128.0573,-99
9243188893,289.9088,126.9882,-99
9243222226,291.3125,125.9688,-99
9243255559,293.2939,124.6951,-99
9243288892,293.9238,124.0938,-99
9243322225,295.5198,121.1003,-99
9243355558,297.1844,121.0615,-99
9243388891,297.5069,119.2066,-99
9243422224,298.4025,117.2304,-99
9243455557,300.6162,116.4778,-99
9243488890,302.8663,116.2582,-99
9243522223,305.1211,115.2844,-99
9243555556,307.261,114.6114,-99
9243588889,308.3041,113.4946,-99
9243622222,309.9589,112,-99
9243655555,311.5276,112.0709,-99
9243688888,314.2898,112.2924,-99
9243722221,317.3213,112.6606,-99
9243755554,320.3534,112.2487,-99
9243788887,322.911,113.3482,-99
9243822220,326.7404,113.8855,-99
9243855553,328.7415,115.0783,-99
9243888886,331.2381,114.8346,-99
9243922219,334.1405,114.8405,-99
9243955552,335.9894,115.4762,-99
9243988885,336.7775,115.5759,-99
9244022218,338.0732,115.9566,-99
9244055551,339.7554,115.5618,-99
9244088884,340.856,113.5485,-99
9244122217,340.3838,112.577,-99
9244155550,340.1563,111.1617,-99
9244188883,340.454,108.4902,-99
9244222216,341.5419,107.8115,-99
9244255549,341.2012,107.6356,-99
9244288882,342.095,105.4881,-99
9244322215,343.7094,105.6126,-99
9244355548,345.3889,105.2585,-99
9244388881,347.8096,104.7971,-99
9244422214,348.8549,104.3435,-99
9244455547,348.9792,103.9075,-99
9244488880,350.3602,103.682,-99
9244522213,350.8727,105.0267,-99
9244555546,352.0699,105.7656,-99
9244588879,354.9889,106.6333,-99
9244622212,355.3904,108.3944,-99
9244664344,357.3017,109.0987,-99
9244697677,360.6691,110.8429,-99
9244731010,362.1882,112.6131,-99
9244764343,365.204,113.81,-99
9244797676,368.9067,115.9225,-99
9244831009,369.7214,117.6985,-99
9244864342,370.2518,119.658,-99
9244897675,371.8917,123.131,-99
9244931008,373.3374,125.8153,-99
9244964341,375.1407,129.0025,-99
9244997674,376.5236,131.877,-99
9245031007,377.7599,135.304,-99
9245064340,379.2471,136.627,-99
9245097673,380.0183,137.1667,-99
9245131006,381.9771,137.2838,-99
9245164339,383.8686,137.8741,-99
9245197672,384.7402,137.1327,-99
9245231005,386.0616,136.2832,-99
9245264338,387.8537,135.7174,-99
9245297671,390.1721,135.6093,-99
9245331004,392.7939,135.7742,-99
9245364337,394.8547,136.5865,-99
9245397670,395.1947,136.3197,-99
9245431003,396.8564,137.9442,-99
9245464336,398.2943,139.5204,-99
9245497669,399.8107,140.6102,-99
9245531002,400.7322,140.8974,-99
9245564335,401.4079,141.3711,-99
9245597668,403.0161,141.3978,-99
9245631001,405.4142,143.4059,-99
9245664334,407.6224,143.0841,-99
9245697667,409.7515,143.5927,-99
9245731000,410.2134,143.338,-99
9245764333,411.7648,143.3742,-99
9245797666,414.0429,145.1599,-99
9245830999,414.9916,145.8852,-99
9245864332,416.9589,147.8354,-99
9245897665,418.8869,149.6959,-99
9245930998,418.5061,150.349,-99
9245964331,420.364,153.5225,-99
9245997664,420.6821,155.6512,-99
9246030997,419.3277,158.4475,-99
9246064330,420.9824,161.5859,-99
9246097663,422.0533,164.1524,-99
9246130996,422.689,163.1651,-99
9246164329,424.6105,164.4724,-99
9246197662,426.0892,165.4027,-99
9246230995,427.8016,166.5657,-99
9246264328,429.419,167.5424,-99
9246297661,430.6265,169.0747,-99
9246330994,432.3587,169.6839,-99
9246364327,432.6652,168.6031,-99
9246397660,434.4107,168.7413,-99
9246430993,435.9356,170.059,-99
9246464326,436.8415,171.0679,-99
9246497659,437.4955,171.6417,-99
9246530992,437.8893,171.3107,-99
9246564325,437.2749,170.561,-99
9246597658,436.3282,170.2875,-99
9246630991,435.8807,171.6827,-99
9246664324,435.5962,173.0055,-99
9246697657,434.8907,174.1202,-99
9246730990,435.0452,174.8883,-99
9246764323,433.6891,175.8827,-99
9246797656,434.1935,175.5719,-99
9246830989,434.0106,176.5515,-99
9246864322,434.658,178.2217,-99
9246897655,436.0875,179.4708,-99
9246930988,436.584,179.6552,-99
9246964321,437.4192,180.083,-99
9246997654,437.2203,180.8612,-99
9247030987,438.158,183.2807,-99
9247064320,438.8448,184.4361,-99
9247097653,439.5163,185.3694,-99
9247130986,440.0443,187.0422,-99
9247164319,438.9075,186.965,-99
9247197652,435.7336,188.2257,-99
9247230985,436.6056,186.1235,-99
9247264318,436.9589,187.823,-99
9247297651,436.7004,189.2278,-99
9247330984,439.0419,194.476,-99
9247364317,441.8671,195.1843,-99
9247397650,444.0868,198.1849,-99
9247430983,446.1089,200.6564,-99
9247464316,447.5673,202.5244,-99
9247497649,449.1629,203.7303,-99
9247530982,450.2898,204.4091,-99
9247564315,452.1711,204.8824,-99
9247597648,452.7011,204.9832,-99
9247630981,453.4456,206.8101,-99
9247664314,453.776,210.4847,-99
9247697647,453.244,212.2829,-99
9247730980,453.6362,214.6574,-99
9247764313,453.7381,217.2238,-99
9247797646,454.942,218.7702,-99
9247830979,455.8978,221.0601,-99
9247864312,456.4804,223.7565,-99
9247897645,457.7708,223.4556,-99
9247930978,459.4006,224.9971,-99
9247964311,460.9456,226.4109,-99
9248003191,461.3848,227.2682,-99
9248036524,462.3733,227.7911,-99
9248069857,463.6408,228.0632,-99
9248103190,464.7704,228.2355,-99
9248136523,465.841,228.4404,-99
9248169856,466.6978,227.7458,-99
9248203189,466.4474,227.5646,-99
9248236522,467.3138,226.7918,-99
9248269855,467.1161,227.131,-99
9248303188,467.5944,227.774,-99
9248336521,467.203,227.7702,-99
9248369854,467.2523,228.7117,-99
9248403187,466.3826,228.3073,-99
9248436520,466.6718,229.0184,-99
9248469853,465.9613,228.6369,-99
9248503186,466.7725,228.7335,-99
9248536519,466.4421,228.3561,-99
9248569852,467.0242,228.8515,-99
9248603185,467.4841,228.5191,-99
9248636518,467.6845,228.0063,-99
9248669851,467.9453,227.0225,-99
9248703184,469.5654,226.7032,-99
9248736517,470.565,226.3374,-99
9248769850,470.316,226.672,-99
9248803183,469.9701,228.3376,-99
9248836516,466.8577,231.1219,-99
9248869849,465.0072,234.6115,-99
9248903182,461.0161,237.0444,-99
9248936515,458.2667,234.6667,-99
9248969848,452.4099,233.4099,-99
9249003181,448.6834,234.4892,-99
9249036514,443.3,236.95,-99
9249103180,457.9096,247.7401,-99
9249136513,455.3692,246.6272,-99
9249169846,451.4241,247.0086,-99
9249203179,451.1638,249.0747,-99
9249236512,451.2544,250.4201,-99
9249269845,452.2655,251.8909,-99
9249303178,453.3788,253.3569,-99
9249336511,455.2088,254.6126,-99
9249369844,456.2372,255.9946,-99
9249403177,457.7109,258.7463,-99
9249436510,459.0198,261.221,-99
9249469843,460.0538,264.2011,-99
9249503176,460.5797,266.8377,-99
9249536509,461.743,269.4546,-99
9249569842,456.1158,271.9825,-99
9249603175,458.3665,276.4858,-99
9249636508,460.9892,279.2403,-99
9249672170,461.54,282.0595,-99
9249705503,463.0042,283.8623,-99
9249738836,463.9217,286.2412,-99
9249772169,464.6076,289.4185,-99
9249805502,465.019,291.5687,-99
9249838835,465.0343,293.7859,-99
9249872168,464.6119,296.4691,-99
9249905501,463.875,296.7544,-99
9249938834,461.1166,297.329,-99
9249972167,460.3555,299.3504,-99
9250005500,460.5936,301.4366,-99
9250038833,459.7563,303.6176,-99
9250072166,458.9029,305.4008,-99
9250105499,457.7549,306.6961,-99
9250138832,456.121,309.6371,-99
9250172165,454.6089,310.9937,-99
9250205498,452.3109,313.0277,-99
9250238831,449.3283,314.7468,-99
9250272164,446.8514,316.2972,-99
9250305497,443.5086,316.2941,-99
9250338830,444.1927,319.3023,-99
9250372163,446.5085,321.743,-99
9250405496,448.7092,320.6813,-99
9250438829,446.6928,318.8191,-99
9250472162,445.0169,318.0881,-99
9250505495,444.0792,317.1585,-99
9250538828,443.6923,315.6239,-99
9250572161,443.9576,314.8437,-99
9250605494,444.4595,315.3689,-99
9250638827,445.2411,315.3901,-99
9250672160,445.1714,316.5714,-99
9250705493,447.0816,316.5587,-99
9250738826,448.7146,316.7444,-99
9250772159,450.3451,317.8312,-99
9250805492,450.8385,319.3151,-99
9250838825,449.5737,319.3981,-99
9250872158,447.9776,322.2812,-99
9250905491,447.6124,324.6538,-99
9250938824,448.7755,328.4643,-99
9250972157,449.4019,330.6077,-99
9251005490,449.2776,332.3753,-99
9251038823,449.1393,333.7869,-99
9251072156,448.4174,335.2686,-99
9251105489,446.9922,337.0098,-99
9251138822,445.6769,338.6152,-99
9251172155,444.2821,340.2529,-99
9251205488,441.743,341.9143,-99
9251238821,439.2243,344.0226,-99
9251272154,436.3168,345.9379,-99
9251305487,434.0041,347.168,-99
9251338820,429.7744,349.2408,-99
9251372153,425.7617,348.7781,-99
9251405486,424.7303,351.5191,-99
9251438819,424.6954,353.6811,-99
9251472152,426.8786,355.9178,-99
9251505485,427.0651,358.7637,-99
9251538818,425.7754,358.1508,-99
9251572151,423.9063,357.4088,-99
9251605484,423.1117,358.3169,-99
9251638817,421.7849,358.2103,-99
9251672150,418.6754,359.6491,-99
9251705483,415.0423,360.8382,-99
9251738816,412.8662,361.3165,-99
9251772149,412.0362,361.9149,-99
9251805482,408.3724,362.5255,-99
9251838815,408.7253,361.8651,-99
9251872148,407.2336,363.0341,-99
9251905481,405.4445,363.7681,-99
9251938814,404.6273,365.4143,-99
9251972147,402.9615,367.6683,-99
9252005480,402.7314,368.4676,-99
9252038813,401.3947,371.3269,-99
9252072146,400.3262,373.55,-99
9252105479,398.6286,375.7119,-99
9252138812,396.6659,377.2841,-99
9252172145,392.561,379.4932,-99
9252205478,392.2936,381.2177,-99
9252238811,388.5242,383.0716,-99
9252272144,385.8275,384.3496,-99
9252305477,384.4286,384.8167,-99
9252338810,386.0237,386.1897,-99
9252372143,384.1879,390.6141,-99
9252405476,384.9135,391.782,-99
9252438809,385.1694,395.6013,-99
9252472142,386.3177,398.2341,-99
9252505475,385.1241,398.5207,-99
9252538808,383.1355,397.0748,-99
9252572141,381.1561,397.5792,-99
9252605474,378.793,397.6625,-99
9252638807,376.6318,396.2267,-99
9252672140,372.7591,396.3138,-99
9252705473,374.3593,395.7208,-99
9252738806,374.1374,398.0175,-99
9252772139,372.7891,397.2705,-99
9252805472,371.4598,395.3147,-99
9252838805,370.3586,395.0805,-99
9252872138,369.8519,394.7403,-99
9252905471,368.8122,394.3439,-99
9252938804,367.5812,393.3318,-99
9252972137,365.9955,393.3614,-99
9253004548,364.4796,393.3552,-99
9253037881,363.0532,392.4368,-99
9253071214,361.6744,391.7837,-99
9253104547,359.9161,391.3287,-99
9253137880,357.477,391.2419,-99
9253171213,355.2854,391.7808,-99
9253204546,353.3784,392.3288,-99
9253237879,351.6968,392.3167,-99
9253271212,349.9484,392.8521,-99
9253304545,348.3445,394.9133,-99
9253337878,346.7332,395.6705,-99
9253371211,345.0567,396.3764,-99
9253404544,343.7834,397.6452,-99
9253437877,341.787,398.2338,-99
9253471210,339.7,398.46,-99
9253504543,337.9976,398.7862,-99
9253537876,336.2924,398.3962,-99
9253571209,334.6603,398.0071,-99
9253604542,333.3341,397.3365,-99
9253637875,330.8867,396.7778,-99
9253671208,328.1535,397.1952,-99
9253704541,325.4299,397.6495,-99
9253737874,320.7568,398.0091,-99
9253771207,317.0933,398.1156,-99
9253804540,313.4535,398.4399,-99
9253837873,311.0655,398.3973,-99
9253871206,308.1208,398.3781,-99
9253904539,305.8019,397.9445,-99
9253937872,302.8674,397.614,-99
9253971205,299.9009,397.0645,-99
9254004538,297.3709,396.1808,-99
9254037871,295.1963,394.4953,-99
9254071204,292.412,394.4283,-99
9254104537,289.6934,393.8915,-99
9254137870,287.1056,392.9695,-99
9254171203,285.2788,392.6475,-99
9254204536,283.3106,393.0588,-99
9254237869,281.0801,393.5126,-99
9254271202,278.7874,394.1402,-99
9254304535,276.6487,394.6089,-99
9254337868,274.9231,395.3054,-99
9254371201,272.6283,395.3501,-99
9254404534,270.5911,394.4733,-99
9254437867,268.4194,393.0375,-99
9254471200,265.9977,392.2704,-99
9254504533,263.4895,390.4801,-99
9254537866,263.3545,388.4178,-99
9254571199,261.3553,386.6469,-99
9254604532,259.2743,385.1189,-99
9254637865,256.8161,383.9215,-99
9254673496,254.8027,383.7846,-99
9254706829,253.8673,383.6634,-99
9254740162,251.7906,383.0188,-99
9254773495,250.0854,382.2537,-99
9254806828,249.4024,380.7238,-99
9254840161,248.7494,379.8979,-99
9254873494,247.732,380.6923,-99
9254906827,248.2174,381.0193,-99
9254940160,248.7692,381.4519,-99
9254973493,248.235,380.6811,-99
9255006826,247.63,380.2763,-99
9255040159,246.3081,380.4005,-99
9255073492,245.9201,379.2991,-99
9255106825,246.9315,379.022,-99
9255140158,248.3594,377.9598,-99
9255173491,249.5819,376.6161,-99
9255206824,249.9974,375.9528,-99
9255240157,250.861,375.4659,-99
9255273490,250.9688,373.8508,-99
9255306823,250.6572,373.1812,-99
9255340156,250.6091,372.893,-99
9255373489,251.02,373.4089,-99
9255406822,250.5996,373.5388,-99
9255440155,250.9912,374.0242,-99
9255473488,250.3,373.7587,-99
9255506821,249.7335,374.145,-99
9255540154,249.4783,374.1385,-99
9255573487,249.3585,373.9749,-99
9255606820,248.9448,373.7402,-99
9255640153,248.8621,372.9781,-99
9255673486,247.9269,372.929,-99
9255706819,247.781,373.1217,-99
9255740152,247.6085,373.2426,-99
9255773485,247.3611,373.2232,-99
9255806818,246.9488,373.2673,-99
9255840151,246.9486,373.2827,-99
9255873484,247.4908,373.5899,-99
9255906817,246.1211,372.6174,-99
9255940150,244.0698,370.8529,-99
9255973483,242.8678,370.3466,-99
9256006816,241.7781,369.3367,-99
9256040149,241.5902,367.8557,-99
9256073482,240.9158,366.949,-99
9256106815,239.3865,366.6234,-99
9256140148,238.4596,365.6616,-99
9256173481,238.0294,364.7402,-99
9256206814,237.4736,362.4053,-99
9256240147,237.4118,362.3976,-99
9256273480,237.627,363.4259,-99
9256306813,237.6203,363.6791,-99
9256340833,237.4768,363.2294,-99
9256374166,237.3954,362.0465,-99
9256407499,236.5729,360.8802,-99
9256440832,234.5367,359.5468,-99
9256474165,233.1985,358.8561,-99
9256507498,232.5447,358.7658,-99
9256540831,231.7769,356.3596,-99
9256574164,230.5556,355.664,-99
9256607497,228.1938,354.2196,-99
9256640830,227.3579,352.5102,-99
9256674163,225.2457,350.6824,-99
9256707496,223.5497,348.5243,-99
9256740829,220.5785,347.0281,-99
9256774162,219.6105,345.9562,-99
9256807495,216.4884,344.5903,-99
9256840828,214.6492,343.918,-99
9256874161,213.1382,343.2566,-99
9256907494,212.7012,343.253,-99
9256940827,211.0312,342.3792,-99
9256974160,209.8932,341.3534,-99
9257007493,207.8374,339.8808,-99
9257040826,206.7908,338.9049,-99
9257074159,205.7752,337.739,-99
9257107492,204.2141,336.3995,-99
9257140825,202.4022,335.5124,-99
9257174158,201.7118,334.3684,-99
9257207491,199.8753,332.3225,-99
9257240824,198.5538,330.9055,-99
9257274157,198.2506,330.168,-99
9257307490,197.5278,329.5811,-99
9257340823,197.5225,327.6241,-99
9257374156,196.5725,326.8599,-99
9257407489,195.3596,326.7389,-99
9257440822,195.6642,326.8469,-99
9257474155,195.2051,327.762,-99
9257507488,195.5027,329.1967,-99
9257540821,195.6325,329.46,-99
9257574154,194.6904,329.3836,-99
9257607487,194.4615,328.9886,-99
9257640820,194.88,328.6027,-99
9257674153,195.4105,328.562,-99
9257707486,195.0315,328.4413,-99
9257740819,196.0882,327.5995,-99
9257774152,196.4726,327.4543,-99
9257807485,196.3801,327.0791,-99
9257840818,197.3926,327.3926,-99
9257874151,197.0205,327.1974,-99
9257907484,197.5254,327.9594,-99
9257940817,197.1397,328.3554,-99
9257974150,197.7605,328.7432,-99
9258007483,198.1831,328.9061,-99
9258040816,198.414,328.8878,-99
9258074149,199.1606,329.489,-99
9258107482,199.9744,329.4419,-99
9258140815,199.8096,328.7589,-99
9258174148,200.2488,329.0352,-99
9258207481,200.2886,328.995,-99
9258240814,199.8554,328.7928,-99
9258274147,199.7039,328.5377,-99
9258307480,199.5498,328.7962,-99
9258340813,199.101,328.4394,-99
9258374146,198.3289,328.5184,-99
9258407479,198.4724,328.5327,-99
9258440812,197.9167,328.2005,-99
9258474145,197.1266,328.1292,-99
9258507478,197.4116,328.2475,-99
9258540811,196.7259,328.2411,-99
9258574144,197.3683,328.7,-99
9258607477,197.0538,328.6949,-99
9258640810,197.3801,328.7845,-99
9258674143,197.5332,328.7985,-99
9258707476,198.3109,328.9404,-99
9258740809,199.2438,328.937,-99
9258774142,199.5229,328.5872,-99
9258807475,201.1199,328.2134,-99
9258840808,201.8401,327.6221,-99
9258874141,202.8766,327.1995,-99
9258907474,203.9017,326.2921,-99
9258940807,206.8478,325.1169,-99
9258974140,208.0133,323.8298,-99
9259007473,207.0912,324.9371,-99
9259040806,207.0125,324.4828,-99
9259074139,207.0571,324.7365,-99
9259107472,206.75,324.7256,-99
9259140805,205.8012,325.4496,-99
9259174138,204.6101,326.2054,-99
9259207471,203.1919,325.7209,-99
9259240804,202.4924,324.8943,-99
9259274137,200.392,322.728,-99
9259307470,199.2977,319.9814,-99
9259340803,198.6611,317.6394,-99
9259374136,198.0255,314.1069,-99
9259407469,197.7859,311.0653,-99
9259440802,195.7631,309,-99
9259474135,194.9675,305.87,-99
9259507468,194.4836,302.6025,-99
9259540801,193.9186,300.2672,-99
9259574134,192.3661,297.6462,-99
9259607467,192.3467,294.0107,-99
9259640800,192.2347,290.7806,-99
9259675540,192.4286,288.5937,-99
9259708873,192.6684,286.799,-99
9259742206,191.8383,285.3773,-99
9259775539,190.809,282.8196,-99
9259808872,189.9726,280.2438,-99
9259842205,188.4775,278.16,-99
9259875538,186.3782,276.0381,-99
9259908871,184.9734,274.508,-99
9259942204,185.0337,275.2388,-99
9259975537,184.0613,274.192,-99
9260008870,182.6706,272.1441,-99
9260042203,183.7373,269.5925,-99
9260075536,183.7969,265.3412,-99
9260108869,185.1631,263.3172,-99
9260142202,185.9512,260.7686,-99
9260175535,186.942,257.7431,-99
9260208868,189.0735,256.3963,-99
9260242201,187.783,251.7731,-99
9260275534,186.8635,247.6142,-99
9260308867,186.5042,245.538,-99
9260342200,186.6478,244.6823,-99
9260375533,186.2561,241.1853,-99
9260408866,186.5949,237.4504,-99
9260442199,187.7275,233.7022,-99
9260475532,189.905,231.5341,-99
9260508865,191.4975,228.047,-99
9260542198,191.5014,224.94,-99
9260575531,191.5718,223.458,-99
9260608864,191.6788,223.6788,-99
9260642197,190.9901,221.8734,-99
9260675530,189.6831,220.7514,-99
9260708863,189.4816,220.8442,-99
9260742196,190.2297,218.8,-99
9260775529,192.3945,216.5464,-99
9260808862,193.6191,215.3523,-99
9260842195,195.2077,214.1976,-99
9260875528,196.0915,213.3268,-99
9260908861,195.567,212.5499,-99
9260942194,197.2345,210.2526,-99
9260975527,199.0362,207.6992,-99
9261008860,200.92,205.4918,-99
9261042193,202.1896,205.0623,-99
9261075526,203.5412,203.9716,-99
9261108859,203.8923,201.9487,-99
9261142192,204.8372,202.4448,-99
9261175525,205.3995,198.7062,-99
9261208858,205.992,197.128,-99
9261242191,207.3342,194.6359,-99
9261275524,209.0995,189.5898,-99
9261308857,209.2157,185.7377,-99
9261348660,210.6044,183.1291,-99
9261381993,211.6415,181.6658,-99
9261415326,213.5201,181.1983,-99
9261448659,214.7699,179.2045,-99
9261481992,216.0517,178.0853,-99
9261515325,217.484,176.9796,-99
9261548658,217.5175,174.2022,-99
9261581991,217.7426,174.4201,-99
9261615324,217.6234,170.1351,-99
9261648657,217.7068,168.8301,-99
9261681990,217.4156,165.8665,-99
9261715323,217.2683,165.9566,-99
9261748656,217.2775,165.3049,-99
9261781989,218.2715,165.4282,-99
9261815322,219.8552,165.0107,-99
9261848655,221.4866,162.8686,-99
9261881988,222.8324,162.3575,-99
9261915321,225.3797,161.0936,-99
9261948654,226.8867,158.2458,-99
9261981987,228.8571,157.5616,-99
9262015320,230.4772,157.3553,-99
9262048653,231.3969,157.9138,-99
9262081986,232.4127,156.754,-99
9262115319,233.75,155.0907,-99
9262148652,235.0753,153.2078,-99
9262181985,236.2596,151.7635,-99
9262215318,237.8486,150.0914,-99
9262248651,239.267,148.6335,-99
9262281984,241.7555,145.8407,-99
9262315317,244.3644,145.0791,-99
9262348650,246.3064,144.7855,-99
9262381983,248.4365,143.9206,-99
9262415316,250.5779,142.0578,-99
9262448649,252.0357,141.2198,-99
9262481982,253.313,140.4709,-99
9262515315,254.3435,137.8448,-99
9262548648,254.8856,136.8283,-99
9262581981,255.272,137.5337,-99
9262615314,255.2766,134.3245,-99
9262648647,255.9893,132.815,-99
9262681980,257.2841,133.0613,-99
9262715313,259.4649,132.2591,-99
9262748646,261.1535,132.2465,-99
9262781979,262.8956,132.3086,-99
9262815312,264.8326,132.1203,-99
9262848645,266.7523,132.2,-99
9262881978,267.9765,131.3342,-99
9262915311,270.0467,129.1179,-99
9262948644,272.885,129.2594,-99
9262981977,275.7853,127.6087,-99
9263020889,278.1519,125.8987,-99
9263054222,279.9386,125.0818,-99
9263087555,281.4244,124.5942,-99
9263120888,282.3691,124.9319,-99
9263154221,283.875,123.747,-99
9263187554,285.1914,121.9086,-99
9263220887,287.1854,121.5871,-99
9263254220,289.4423,120.0338,-99
9263287553,291.0729,119.5046,-99
9263320886,292.3284,118.9527,-99
9263354219,292.3968,118.8042,-99
9263387552,294.1533,119.8945,-99
9263420885,294.1145,120.8618,-99
9263454218,294.7143,120.5846,-99
9263487551,294.7476,120.5417,-99
9263520884,294.6485,120.6304,-99
9263554217,294.3671,120.6608,-99
9263587550,294.4951,121.7451,-99
9263620883,294.2979,123.0803,-99
9263654216,294.7797,124.2082,-99
9263687549,295.4975,125.855,-99
9263720882,296.4286,126.398,-99
9263754215,297.1103,128.0877,-99
9263787548,298.696,128.2186,-99
9263820881,299.1568,128.6838,-99
9263854214,299.4195,128.0585,-99
9263887547,299.5994,127.0789,-99
9263920880,299.8508,125.7293,-99
9263954213,300.4275,124.365,-99
9263987546,301.1508,122.9553,-99
9264020879,302.1232,121.745,-99
9264054212,303.1984,119.7399,-99
9264087545,303.7167,119.6444,-99
9264120878,304.4678,118.8011,-99
9264154211,305.3496,119.9434,-99
9264187544,307.1486,120.4435,-99
9264220877,308.6221,120.1936,-99
9264254210,308.8136,120.3399,-99
9264287543,309.5618,119.7093,-99
9264320876,310.7039,119.7368,-99
9264354209,311.7731,119.5727,-99
9264387542,312.4192,119.7702,-99
9264420875,314.5898,119.0208,-99
9264454208,314.9206,119.5879,-99
9264487541,316.2824,120.8781,-99
9264520874,318.0879,121.7324,-99
9264554207,320.6933,121.6915,-99
9264587540,322.317,121.6757,-99
9264620873,322.1111,121.4889,-99
9264654206,324,120.9299,-99
9264687539,326.3233,121.0201,-99
9264720872,327.6236,122.0797,-99
9264754205,328.6595,122.244,-99
9264787538,329.9596,122.2237,-99
9264820871,331.6337,122.3218,-99
9264854204,333.1678,123.1258,-99
9264887537,334.3427,122.7436,-99
9264920870,336.4041,122.1956,-99
9264954203,338.5944,121.7177,-99
9264987536,338.3039,121.5893,-99
9265020869,339.493,121.1932,-99
9265054202,340.7437,121.6933,-99
9265087535,340.984,123.226,-99
9265120868,341.3207,125.1269,-99
9265154201,342.7476,127.444,-99
9265187534,341.8496,129.1951,-99
9265220867,341.5859,130.4513,-99
9265254200,342.9015,131.5836,-99
9265287533,343.5513,131.881,-99
9265320866,345.236,131.3989,-99
9265354199,346.0965,130.4517,-99
9265387532,346.6504,129.689,-99
9265420865,348.8837,129.6996,-99
9265454198,349.507,128.6558,-99
9265487531,350.7969,129.631,-99
9265520864,352.4202,130.4023,-99
9265554197,354.1169,130.4204,-99
9265587530,355.6024,130.9667,-99
9265620863,358.1467,131.1223,-99
9265654196,361.4051,131.5544,-99
9265687529,364.323,131.4238,-99
9265720862,367.4083,131.3445,-99
9265754195,369.9669,131.5055,-99
9265787528,372.1114,131.2006,-99
9265820861,375.0758,130.4431,-99
9265854194,376.5746,129.8366,-99
9265887527,378.8723,129.1463,-99
9265920860,381.6064,128.9761,-99
9265954193,384.5029,129.9029,-99
9265987526,386.6679,129.6508,-99
9266020859,388.3016,129.6627,-99
9266054192,388.4179,129.4924,-99
9266087525,390.1908,130.5857,-99
9266120858,390.636,131.761,-99
9266154191,390.4858,132.3529,-99
9266187524,393.6306,133.2321,-99
9266220857,395.6729,134.7594,-99
9266254190,395.8255,135.5404,-99
9266287523,396.4733,136.0763,-99
9266320856,397.3232,138.1136,-99
9266350017,397.7211,140.5327,-99
9266383350,398.3995,143.1528,-99
9266416683,398.5381,144.7926,-99
9266450016,399.2482,145.9124,-99
9266483349,400.3529,147.3984,-99
9266516682,401.4896,148.8057,-99
9266550015,403.0445,151.6923,-99
9266583348,405.3912,153.2468,-99
9266616681,406.7234,153.8374,-99
9266650014,407.5125,154.0729,-99
9266683347,410.3688,156.1084,-99
9266716680,412.4236,157.0382,-99
9266750013,413.6757,155.7371,-99
9266783346,415.6877,157.2569,-99
9266816679,417.1684,159.898,-99
9266850012,418.8608,161.9562,-99
9266883345,420.5817,164.2235,-99
9266916678,422.5131,166.1021,-99
9266950011,424.9651,167.2984,-99
9266983344,428.0219,168.1667,-99
9267016677,430.1657,168.9337,-99
9267050010,432.6659,171.5177,-99
9267083343,434.6636,172.7053,-99
9267116676,436.3265,173.0476,-99
9267150009,438.2516,174.6193,-99
9267183342,439.8399,175.8755,-99
9267216675,439.9115,176.3519,-99
9267250008,440.5322,177.154,-99
9267283341,441.0548,177.3308,-99
9267316674,440.7799,178.4344,-99
9267350007,442.629,180.0829,-99
9267383340,443.7254,181.0853,-99
9267416673,444.9008,180.7135,-99
9267450006,445.8978,181.7367,-99
9267483339,446.2556,182.5152,-99
9267516672,446.16,182.901,-99
9267550005,444.4847,184.5102,-99
9267583338,444.3808,186.1917,-99
9267616671,444.2181,187.6011,-99
9267650004,446.2984,189.7951,-99
9267683337,448.3738,191.2248,-99
9267716670,449.664,190.4173,-99
9267750003,450.8854,190.9969,-99
9267783336,451.5385,192.5385,-99
9267816669,448.765,192.9829,-99
9267850002,451.6655,194.1418,-99
9267883335,453.3762,196.3087,-99
9267916668,452.6133,196.4297,-99
9267950001,455.0253,197.0903,-99
9267983334,454.6115,197.6615,-99
9268014104,455.2105,199.753,-99
9268047437,458.0619,203.811,-99
9268080770,460.6817,206.8329,-99
9268114103,462.7168,208.5489,-99
9268147436,463.1294,209.3342,-99
9268180769,463.0528,210.9222,-99
9268214102,462.8737,214.7525,-99
9268247435,463.0974,218.5297,-99
9268280768,462.9386,220.1804,-99
9268314101,462.753,223.2128,-99
9268347434,461.8975,224.9874,-99
9268380767,461.7222,226.5741,-99
9268414100,461.9471,228.7315,-99
9268447433,462.6591,228.6859,-99
9268480766,463.7339,229.9185,-99
9268514099,464.8789,230.1985,-99
9268547432,466.7052,230.3939,-99
9268580765,466.8417,231.6222,-99
9268614098,468.1475,232.4808,-99
9268647431,468.4924,234.4213,-99
9268680764,468.5714,237.2922,-99
9268714097,469.1461,238.9478,-99
9268747430,470.8691,237.2507,-99
9268780763,470.959,238.8152,-99
9268814096,470.8988,239.8931,-99
9268847429,471.5346,245.2078,-99
9268880762,473.028,254.508,-99
9268914095,471.7651,254.4164,-99
9268947428,469.992,256.3347,-99
9268980761,466.7857,253.9311,-99
9269014094,466.68,257.0693,-99
9269047427,468.4337,260.8048,-99
9269080760,469.2765,264.2079,-99
9269114093,469.0102,266.4041,-99
9269147426,469.0211,269.4941,-99
9269180759,469.0299,271.8205,-99
9269214092,467.7634,273.5761,-99
9269247425,467.1077,275.6667,-99
9269280758,466.498,276.4254,-99
9269314091,466.9701,277.6432,-99
9269347424,467.0525,281.9558,-99
9269380757,468.7739,289.2435,-99
9269414090,469.3643,291.3986,-99
9269447423,469.2344,294.1953,-99
9269480756,468.1033,296.4421,-99
9269514089,464.7118,299.1647,-99
9269547422,463.4706,300.732,-99
9269580755,464.7658,302.509,-99
9269614088,462.5081,304.5163,-99
9269647421,463.7471,304.0805,-99
9269689552,462.625,304.8156,-99
9269722885,461.011,308.619,-99
9269756218,457.6181,314.1968,-99
9269789551,453.4248,315.7451,-99
9269822884,454.4559,317.3793,-99
9269856217,453.0985,315.191,-99
9269889550,453.7188,310.0139,-99
9269922883,451.5351,308.7456,-99
9269956216,451.9019,311.2549,-99
9269989549,453.8431,314.7974,-99
9270022882,454.4211,318.2936,-99
9270056215,454.2981,319.7747,-99
9270089548,455.2903,317.9032,-99
9270122881,454.3213,316.4079,-99
9270156214,450.9094,319.1725,-99
9270189547,450.3693,325.749,-99
9270222880,449.3941,331.3968,-99
9270256213,445.9035,333.7331,-99
9270289546,444.3134,329.8756,-99
9270322879,445.4849,332.0667,-99
9270356212,445.6171,332.8658,-99
9270389545,445.25,329.0948,-99
9270422878,443.8074,337.6419,-99
9270456211,440.8198,343.1802,-99
9270489544,435.88,332.952,-99
9270522877,437.8936,342.1702,-99
9270556210,438.1773,342.1312,-99
9270589543,434.3627,339.8853,-99
9270622876,433.1734,341.5377,-99
9270656209,431.7302,343.2698,-99
9270689542,429.9896,345.2487,-99
9270722875,428.282,346.9138,-99
9270756208,426.8898,349.3832,-99
9270789541,426.0329,351.0822,-99
9270822874,426.4227,355.2371,-99
9270856207,424.6766,355.1766,-99
9270889540,422.7143,356.4514,-99
9270922873,421.7716,357.8384,-99
9270956206,421.1573,359.1264,-99
9270989539,421.8992,360.7931,-99
9271022872,423.3333,363.3392,-99
9271056205,423.7585,364.0227,-99
9271089538,423.4186,365.3799,-99
9271122871,423.8698,367.112,-99
9271156204,424.3683,369.1983,-99
9271189537,421.3225,371.9907,-99
9271222870,419.0207,373.9354,-99
9271256203,417.7204,375.125,-99
9271289536,414.943,371.567,-99
9271322869,413,368.7367,-99
9271358531,412.2202,370.0104,-99
9271391864,413.0309,369.463,-99
9271425197,412.285,371.9924,-99
9271458530,410.2227,374.1021,-99
9271491863,408.7632,375.5688,-99
9271525196,407.8068,375.8805,-99
9271558529,406.0428,377.1344,-99
9271591862,405.0363,378.9577,-99
9271625195,406.3434,380.1923,-99
9271658528,405.0909,378.5025,-99
9271691861,403.0678,378.6804,-99
9271725194,402.0179,379.4143,-99
9271758527,401.0094,379.548,-99
9271791860,399.2625,379.3813,-99
9271825193,397.8794,379.4385,-99
9271858526,396.3469,379.4952,-99
9271891859,394.8242,379.2723,-99
9271925192,393.3916,380.8904,-99
9271958525,391.4987,381.1367,-99
9271991858,389.3763,381.2727,-99
9272025191,388.172,382.5219,-99
9272058524,387.8397,382.7379,-99
9272091857,387.0348,383.9776,-99
9272125190,386.4234,384.0045,-99
9272158523,385.7555,385.6925,-99
9272191856,384.6454,388.5364,-99
9272225189,384.2904,389.3091,-99
9272258522,384.0862,390.7687,-99
9272291855,383.4455,391.6227,-99
9272325188,382.7743,391.9801,-99
9272358521,378.4969,392.466,-99
9272391854,376.0549,393.2729,-99
9272425187,377.9617,394.0981,-99
9272458520,373.5963,393.7541,-99
9272491853,374.5408,394.6364,-99
9272525186,373.2428,395.5264,-99
9272558519,372.191,395.2028,-99
9272591852,371.4697,395.2944,-99
9272625185,370.3884,395.7411,-99
9272658518,368.8217,396.1422,-99
9272691851,367.2339,396.1927,-99
9272725184,365.3727,396.4583,-99
9272758517,364.4108,395.9484,-99
9272791850,364.0811,395.3219,-99
9272825183,363.4056,395.6566,-99
9272858516,362.6368,397.0259,-99
9272891849,363.0717,397.6906,-99
9272925182,362.9604,399.5222,-99
9272958515,363.0547,401.4647,-99
9272991848,362.988,403.2764,-99
9273025181,364.5728,403.5322,-99
9273058514,364.1843,403.6801,-99
9273091847,363.5525,404.8711,-99
9273125180,363.6865,404.9324,-99
9273158513,360.9383,402.0529,-99
9273191846,358.0649,401.5324,-99
9273225179,356.1663,400.2168,-99
9273258512,355.0595,399.4989,-99
9273291845,353.2133,398.1972,-99
9273325178,351.8984,396.8842,-99
9273358511,352.3782,397.2112,-99
9273391844,353.7071,396.011,-99
9273425177,353.2495,394.1953,-99
9273458510,355.0591,395.0922,-99
9273491843,354.1614,395.0583,-99
9273525176,353.0905,395.4638,-99
9273558509,351.8884,396.2581,-99
9273591842,350.9715,395.1447,-99
9273625175,349.3452,395.1915,-99
9273658508,347.4888,395.2344,-99
9273691841,345.7656,395.8259,-99
9273725174,344.0091,396.5792,-99
9273758507,340.9699,396.9505,-99
9273791840,338.3508,397.4401,-99
9273825173,335.0959,397.9872,-99
9273858506,333.434,397.1156,-99
9273891839,330.1188,397.4753,-99
9273925172,327.9163,397.3256,-99
9273958505,324.7216,397.0951,-99
9273991838,322.7609,397.0621,-99
9274025171,320.4386,397.1523,-99
9274058504,318.2658,396.7613,-99
9274091837,315.5478,396.8485,-99
9274125170,313.1079,397.3685,-99
9274158503,310.4135,397.8854,-99
9274191836,307.9269,398.9543,-99
9274225169,306.1205,400.2165,-99
9274258502,304.3722,400.9283,-99
9274291835,301.8795,401.8568,-99
9274325168,299.7234,402.254,-99
9274358501,297.287,402.5923,-99
9274391834,295.9311,401.9501,-99
9274425167,293.8442,401.3512,-99
9274458500,291.7333,400.669,-99
9274491833,290.0351,399.2632,-99
9274525166,288.2382,397.5371,-99
9274558499,285.1678,396.0047,-99
9274591832,283.9595,394.2973,-99
9274625165,281.0757,393.948,-99
9274658498,277.9058,392.7578,-99
9274690909,275.3462,392.2935,-99
9274724242,273.5323,392.3464,-99
9274757575,271.3944,392.753,-99
9274790908,271.4079,393.4865,-99
9274824241,269.691,393.2878,-99
9274857574,268.2986,392.4502,-99
9274890907,266.9207,392,-99
9274924240,265.0827,390.2968,-99
9274957573,265.0905,387.9357,-99
9274990906,263.5258,386.8192,-99
9275024239,264.1818,383.8881,-99
9275057572,263.1021,382.2094,-99
9275090905,262.4742,379.6806,-99
9275124238,261.9243,377.6237,-99
9275157571,260.9071,374.8924,-99
9275190904,259.124,372.9112,-99
9275224237,258.0405,372.6847,-99
9275257570,257.3544,372.8397,-99
9275290903,255.1632,373.131,-99
9275324236,252.8811,373.782,-99
9275357569,252.1674,375.1322,-99
9275390902,252.802,377.2107,-99
9275424235,253.2182,378.4125,-99
9275457568,253.0628,378.9605,-99
9275490901,251.8582,379.2404,-99
9275524234,252.2801,378.8845,-99
9275557567,251.6381,378.3047,-99
9275590900,252.5276,378.1655,-99
9275624233,254.4581,376.893,-99
9275657566,255.6981,375.9245,-99
9275690899,254.8862,375.4915,-99
9275724232,255.2129,374.5287,-99
9275757565,253.3867,372.7845,-99
9275790898,252.1342,372.4675,-99
9275824231,251.7882,373.0197,-99
9275857564,250.742,373.4406,-99
9275890897,250.0998,372.7235,-99
9275924230,250.6818,372.8528,-99
9275957563,250.286,372.2512,-99
9275990896,249.9397,371.567,-99
9276024229,248.871,370.871,-99
9276057562,248.2522,370.1172,-99
9276090895,247.3853,369.8991,-99
9276124228,248.0022,369.7124,-99
9276157561,246.4308,369.4036,-99
9276190894,245.3446,369.1734,-99
9276224227,245.0465,369.507,-99
9276257560,244.7472,369.1365,-99
9276290893,243.4296,368.1273,-99
9276324226,243.2467,366.4689,-99
9276366357,243.0596,365.8601,-99
9276399690,241.7241,363.618,-99
9276433023,241.3766,362.192,-99
9276466356,240.0117,358.9461,-99
9276499689,239.5946,357.8784,-99
9276533022,237.8345,357.1678,-99
9276566355,236.8502,357.5411,-99
9276599688,235.1256,359.0233,-99
9276633021,231.7657,360.0835,-99
9276666354,229.7461,361.2921,-99
9276699687,228.096,362.4286,-99
9276733020,227.9551,363.7731,-99
9276766353,227.3876,363.8656,-99
9276799686,226.8139,363.5168,-99
9276833019,226.9655,363.2096,-99
9276866352,226.9003,362.2076,-99
9276899685,226.5339,362.1771,-99
9276933018,226.6878,362.6085,-99
9276966351,226.4962,363.1704,-99
9276999684,226.0411,363.545,-99
9277033017,226.8474,363.5684,-99
9277066350,226.5769,363.1923,-99
9277099683,226.8881,362.9652,-99
9277133016,227.8143,361.9178,-99
9277166349,228.5809,359.9363,-99
9277199682,229.0153,359.1026,-99
9277233015,229.8781,357.8532,-99
9277266348,231.0446,357.1455,-99
9277299681,231.8044,356.4022,-99
9277333014,231.2191,355.8762,-99
9277366347,230.1303,355.4834,-99
9277399680,228.7717,355.1301,-99
9277433013,226.377,355.4614,-99
9277466346,223.8,356.0184,-99
9277499679,222.1569,357.3911,-99
9277533012,220.427,357.6349,-99
9277566345,220.0462,358.4307,-99
9277599678,218.7063,358.8253,-99
9277633011,218.6757,358.2875,-99
9277666344,218.5514,356.9875,-99
9277699677,217.5162,354.5463,-99
9277733010,216.8204,354.0886,-99
9277766343,215.4705,353.2888,-99
9277799676,214.4832,352.6622,-99
9277833009,213.0225,352.0067,-99
9277866342,212.0728,351.1141,-99
9277899675,211.1239,349.6743,-99
9277933008,210.5,349.2489,-99
9277966341,209.2227,347.9954,-99
9277999674,207.9515,347.0281,-99
9278033007,208.5086,344.8222,-99
9278066340,208.2281,343.5544,-99
9278099673,207.5227,341.702,-99
9278133006,207.6992,340.1504,-99
9278166339,207.6855,337.7543,-99
9278199672,207.2909,336.3654,-99
9278233005,207,335.3142,-99
9278266338,206,334.5975,-99
9278299671,204.382,333.9294,-99
9278333004,202.8815,333.2688,-99
9278366337,200.9392,332.8401,-99
9278399670,199.3017,333.1497,-99
9278433003,198.8395,333.2279,-99
9278466336,198.8858,332.8019,-99
9278499669,198.8194,332.9434,-99
9278533002,199.9268,332.0027,-99
9278566335,199.2234,330.8961,-99
9278599668,197.9726,330.2643,-99
9278633001,197.2197,328.9451,-99
9278666334,197.0706,327.8559,-99
9278699667,196.7846,326.8138,-99
9278733000,196.263,325.862,-99
9278766333,195.8794,323.5443,-99
9278799666,197.0736,323.2919,-99
9278832999,197.6162,319.7843,-99
9278866332,198.0424,318.7692,-99
9278899665,199.0691,315.7569,-99
9278932998,200.42,314.43,-99
9278966331,199.6453,311.9975,-99
9278999664,199.4631,311.2036,-99
9279032997,198.9016,309.2824,-99
9279066330,196.569,307.4697,-99
9279099663,193.9953,304.352,-99
9279132996,191.3955,301.5298,-99
9279166329,189.9337,298.8087,-99
9279199662,189.1165,297.7046,-99
9279232995,188.9763,295.2368,-99
9279266328,189.1831,291.5803,-99
9279299661,190.4653,290.7197,-99
9279332994,190.1214,287.058,-99
9279366327,191.0936,285.4412,-99
9279399660,189.1658,282.5791,-99
9279432993,189.1306,281.8869,-99
9279466326,185.3599,278.527,-99
9279499659,184.1111,278.2766,-99
9279532992,182.5581,278.2762,-99
9279566325,181.4172,277.4113,-99
9279599658,181.2603,276.011,-99
9279632991,182.5527,275.9202,-99
9279666324,184.6438,274.4219,-99
9279698735,185.8987,272.9519,-99
9279732068,187.3531,271.7863,-99
9279765401,188.3779,269.4756,-99
9279798734,188.3404,265.562,-99
9279832067,190.1658,264.3416,-99
9279865400,187.9395,259.4433,-99
9279898733,188.2985,257.1165,-99
9279932066,188.5078,255.8549,-99
9279965399,188.3325,252.8875,-99
9279998732,188.8606,251.6273,-99
9280032065,189.7286,250.1508,-99
9280065398,189.3626,248.5864,-99
9280098731,190.6146,245.5214,-99
9280132064,192.7727,243.4713,-99
9280165397,192.5328,240.2388,-99
9280198730,192.7513,235.9815,-99
9280232063,194.1806,236.2853,-99
9280265396,192.6162,232.0405,-99
9280298729,194.0695,231.402,-99
9280332062,193.3055,228.376,-99
9280365395,193.9322,228.705,-99
9280398728,194.2219,228.0294,-99
9280432061,193.8086,225.8791,-99
9280465394,193.9313,224.9396,-99
9280498727,194.0351,224.273,-99
9280532060,196.0211,223.1878,-99
9280565393,197.1754,222.46,-99
9280598726,198.3721,221.6318,-99
9280632059,198.249,221.4671,-99
9280665392,198.9544,221.2506,-99
9280698725,197.4935,219.0313,-99
9280732058,199.4239,218.591,-99
9280765391,200.4741,215.4441,-99
9280798724,202.0713,213.6033,-99
9280832057,203.3145,213.6462,-99
9280865390,204.7282,211.8487,-99
9280898723,205.4198,209.5975,-99
9280932056,206.1625,208.2675,-99
9280965389,206.4078,205.1688,-99
9280998722,206.4192,201.6979,-99
9281032055,206.0634,198.8426,-99
9281065388,207.0424,197.4218,-99
9281098721,209.0263,193.7684,-99
9281132054,210.0922,189.5177,-99
9281165387,211,186.4609,-99
9281198720,213.5052,185.1321,-99
9281232053,214.4447,183.7707,-99
9281265386,216.3181,181.7176,-99
9281298719,217.5573,181.1627,-99
9281332052,217.7725,181.0253,-99
9281366072,217.9196,178.571,-99
9281399405,217.6366,177.5328,-99
9281432738,217.3236,176.9549,-99
9281466071,217.1203,174.2005,-99
9281499404,218.2159,174.1705,-99
9281532737,218.6794,170.1124,-99
9281566070,219.949,169.5791,-99
9281599403,220.6692,169.399,-99
9281632736,221.8093,168.5851,-99
9281666069,223.2136,169.2184,-99
9281699402,224.162,168.0278,-99
9281732735,225.4931,166.3125,-99
9281766068,226.3089,165.7209,-99
9281799401,227.7467,165.1293,-99
9281832734,229,165.0771,-99
9281866067,230.7289,163.4322,-99
9281899400,233.0386,161.7686,-99
9281932733,234.5801,160.4005,-99
9281966066,236.1816,157.6102,-99
9281999399,236.3106,156.9455,-99
9282032732,237.6745,153.6693,-99
9282066065,238.445,149.7523,-99
9282099398,239.0667,146.9678,-99
9282132731,240.0465,144.8915,-99
9282166064,241.3673,140.9082,-99
9282199397,241.9201,140.1901,-99
9282232730,243.9752,138.0937,-99
9282266063,245.8209,137.4959,-99
9282299396,247.5912,135.9882,-99
9282332729,249.5568,134.1773,-99
9282366062,250.9207,133.2946,-99
9282399395,252.3683,129.9591,-99
9282432728,253.0206,128.5428,-99
9282466061,253.7295,127.1721,-99
9282499394,254.3715,125.4097,-99
9282532727,254.3831,125.0652,-99
9282566060,254.6526,125.4579,-99
9282599393,255.7939,125.5496,-99
9282632726,257.7352,125.3445,-99
9282666059,259.6348,125.5919,-99
9282699392,261.6956,125.4578,-99
9282732725,264.3979,125.2248,-99
9282766058,267.0962,125.0177,-99
9282799391,269.3466,125.1005,-99
9282832724,272.0111,124.5487,-99
9282866057,274.1634,124.6067,-99
9282899390,276.5013,123.6883,-99
9282932723,278.8547,124.2626,-99
9282966056,280.9459,123.6781,-99
9282999389,283.7836,122.2438,-99
9283032722,286.6179,122.4119,-99
9283066055,288.6987,122.2453,-99
9283099388,291.5133,121.6011,-99
9283132721,293.4096,122.2288,-99
9283166054,294.526,122.4055,-99
9283199387,296.0525,122.7155,-99
9283232720,297.5318,122.7659,-99
9283266053,298.8309,122.0292,-99
9283299386,300.0362,120.8468,-99
9283332719,299.9226,119.7765,-99
9283366052,299.8289,119.8322,-99
9283399385,299.0262,119.1667,-99
9283432718,297.6819,119.2407,-99
9283466051,298.1445,118.6997,-99
9283499384,298.0559,118.8324,-99
9283532717,299.5095,119.1881,-99
9283566050,300.0317,118.2466,-99
9283599383,299.8516,117.5845,-99
9283632716,299.6804,117.237,-99
9283666049,299.8202,116.5461,-99
9283699382,299.4677,115.7935,-99
9283732715,299.3009,116.0608,-99
9283766048,299.8076,116.8675,-99
9283799381,300.7279,118.568,-99
9283832714,300.7823,119.893,-99
9283866047,301.2703,120.6062,-99
9283899380,301.3248,119.6423,-99
9283932713,300.5803,119.3285,-99
9283966046,299.8328,116.1084,-99
9283999379,299.2295,115.423,-99
9284032712,298.5088,114.8706,-99
9284066045,298.0116,113.9244,-99
9284099378,297.8323,114.0152,-99
9284132711,297.4464,113.258,-99
9284166044,296.7819,114.5931,-99
9284199377,297.5901,115.1564,-99
9284232710,297.803,116.2569,-99
9284266043,298.3233,117.0521,-99
9284299376,298.6512,117.6975,-99
9284332709,299.0056,118.8992,-99
9284366042,299.2237,119.6237,-99
9284399375,300.1747,121.0788,-99
9284432708,300.0331,119.686,-99
9284466041,300.1473,118.1696,-99
9284499374,299.6939,116.9592,-99
9284532707,299.2472,115.573,-99
9284566040,298.8781,115.9756,-99
9284599373,298.45,118.1417,-99
9284632706,298.0031,117.6829,-99
9284666039,297.2185,118.7647,-99
9284707249,296.6579,119.3509,-99
9284740582,296.094,118.8234,-99
9284773915,296.0821,119.7718,-99
9284807248,295.5376,118.3928,-99
9284840581,294.8451,116.4451,-99
9284873914,295.1572,116.066,-99
9284907247,293.8852,116.2969,-99
9284940580,293.6795,117.459,-99
9284973913,293.6166,117.5121,-99
9285007246,293.9154,118.2487,-99
9285040579,294.5681,118.7943,-99
9285073912,295.6718,119.2171,-99
9285107245,296.0077,121.1103,-99
9285140578,296.1663,121.7295,-99
9285173911,297.0484,122.3456,-99
9285207244,296.8397,123.7923,-99
9285240577,295.6862,123.6948,-99
9285273910,295.1574,123.2477,-99
9285307243,295.29,123.5238,-99
9285340576,295.1572,122.7768,-99
9285373909,294.2916,121.8675,-99
9285407242,293.8165,121.7546,-99
9285440575,294.2008,120.5251,-99
9285473908,293.51,120.7118,-99
9285507241,293.7786,120.6619,-99
9285540574,294.4715,120.9057,-99
9285573907,295.0334,120.3393,-99
9285607240,295.7935,120.4307,-99
9285640573,296.5432,121.0812,-99
9285673906,297.4986,121.3419,-99
9285707239,298.6077,120.3702,-99
9285740572,298.6949,119.4068,-99
9285773905,298.4127,117.2892,-99
9285807238,296.7577,116.2147,-99
9285840571,295.0684,115.1111,-99
9285873904,294.5984,114.7979,-99
9285907237,294.4928,114.8754,-99
9285940570,293.9544,114.4531,-99
9285973903,294.6771,114.0453,-99
9286007236,293.9005,114.5236,-99
9286040569,292.8931,115.4351,-99
9286073902,292.3801,116.3019,-99
9286107235,291.4436,117.2059,-99
9286140568,291.0743,117.1799,-99
9286173901,290.5383,117.0557,-99
9286207234,291.0394,117.8251,-99
9286240567,291.1799,119.0168,-99
9286273900,290.6143,120.5356,-99
9286307233,292.2646,121.6594,-99
9286340566,294.5342,123.765,-99
9286373899,295.8326,124.9194,-99
9286407232,296.2009,125.7237,-99
9286440565,297.2644,126.0069,-99
9286473898,296.9533,126.1081,-99
9286507231,297.1656,124.5762,-99
9286540564,297.7517,123.6149,-99
9286573897,297.619,122.1746,-99
9286607230,297.3866,119.8487,-99
9286640563,297.4153,118.6667,-99
9286673896,297.6239,119.3806,-99
9286707229,297.6761,118.8125,-99
9286740562,297.6654,118.6497,-99
9286773895,297.4771,118.5411,-99
9286807228,297.2388,118.5765,-99
9286840561,297.2682,118.5153,-99
9286873894,296.392,118.6388,-99
9286907227,297.2989,118.9732,-99
9286940560,296.8327,119.1317,-99
9286973893,295.4792,119.3717,-99
9287007226,296.6469,119.211,-99
9287040559,297.7569,119.8508,-99
9287073892,298.2071,120.4601,-99
9287107225,298.8193,121.8561,-99
9287140558,300.5628,123.3292,-99
9287173891,299.7072,123.3952,-99
9287207224,300.984,125.6568,-99
9287240557,301.4659,127.9,-99
9287273890,302.9978,129.5471,-99
9287307223,304.2567,130.8784,-99
9287340556,303.3417,131.0797,-99
9287373889,303.7208,130.5887,-99
9287407222,303.658,130.3551,-99
9287440555,304.5938,129.2478,-99
9287473888,303.5957,128.1395,-99
9287507221,303.129,126.6344,-99
9287540554,302.8023,124.7908,-99
9287573887,302.5164,123.2727,-99
9287607220,302.4449,118.8,-99
9287640553,301.7458,116.975,-99
9287673886,301.203,113.7614,-99
9287707219,300.0172,108.36,-99
9287740552,298.0442,106.7735,-99
9287773885,296.3952,105.6381,-99
9287807218,294.4657,103.9951,-99
9287840551,294.2159,103.1322,-99
9287873884,293.3714,102.2653,-99
9287907217,293.0149,101.5709,-99
9287940550,292.488,100.9904,-99
9287973883,292.5652,101.9627,-99
9288007216,292.9744,102.3333,-99
9288036376,293.8415,105.5061,-99
9288069709,295.3641,108.9282,-99
9288103042,296.3819,111.7136,-99
9288136375,297.339,114.9943,-99
9288169708,298.1618,118.3526,-99
9288203041,298.4415,120.117,-99
9288236374,298.2647,120.9496,-99
9288269707,298.5874,122.4685,-99
9288303040,298.4593,123.684,-99
9288336373,298.5225,124.2051,-99
9288369706,298.8543,125.3342,-99
9288403039,299.3128,126.2273,-99
9288436372,298.7097,126.739,-99
9288469705,298.95,128.0559,-99
9288503038,299.0055,130.0742,-99
9288536371,299.3656,131.3306,-99
9288569704,300.2249,132.9497,-99
9288603037,302.1008,134.4444,-99
9288636370,303.5735,134.5084,-99
9288669703,304.8753,133.9644,-99
9288703036,306.9402,133.3478,-99
9288736369,309.7797,131.0941,-99
9288769702,311.436,129.4465,-99
9288803035,313.5799,126.951,-99
9288836368,315.6275,124.5301,-99
9288869701,317.1275,121.9391,-99
9288903034,318.6593,119.0385,-99
9288936367,319.5957,118.1337,-99
9288969700,321.9163,117.0665,-99
9289003033,324.4341,116.4039,-99
9289036366,325.4868,116.8656,-99
9289069699,327.0768,118.3904,-99
9289103032,328.7818,118.6659,-99
9289136365,330.4109,118.7146,-99
9289169698,331.5379,118.9697,-99
9289203031,332.8665,119.0386,-99
9289236364,335.4384,118.7447,-99
9289269697,336.6793,119.0525,-99
9289303030,338.4223,119.6158,-99
9289336363,339.9974,120.1425,-99
9289369696,341.6053,120.0184,-99
9289403029,342.929,119.4318,-99
9289436362,342.6942,118.7107,-99
9289469695,342.738,118.67,-99
9289503028,344.2596,118.5527,-99
9289536361,345.825,119.4484,-99
9289569694,347.9225,119.8911,-99
9289603027,349.2612,120.2481,-99
9289636360,348.7844,119.4649,-99
9289669693,350.8582,119.8247,-99
9289715075,352.7333,119.6296,-99
9289748408,354.3675,119.5801,-99
9289781741,355.4199,119.7017,-99
9289815074,356.5276,118.7301,-99
9289848407,358.0319,116.7199,-99
9289881740,357.8757,115.8023,-99
9289915073,358.3188,115.4406,-99
9289948406,358.0514,114.2486,-99
9289981739,358.6208,114.2234,-99
9290015072,360.178,114.8796,-99
9290048405,360.6507,114.711,-99
9290081738,361.8174,114.7589,-99
9290115071,363.4612,115.3497,-99
9290148404,364.2324,116.2427,-99
9290181737,366.7892,117.4324,-99
9290215070,369.2519,118.6565,-99
9290248403,370.7014,120.1493,-99
9290281736,371.7196,121.837,-99
9290315069,372.6626,122.9926,-99
9290348402,374.3955,124.9295,-99
9290381735,376.525,127.8375,-99
9290415068,378.0267,130.4251,-99
9290448401,378.742,133.2952,-99
9290481734,378.3615,136.0482,-99
9290515067,378.4121,137.4784,-99
9290548400,378.969,138.2713,-99
9290581733,380.5253,139.3034,-99
9290615066,381.7881,140.2034,-99
9290648399,384.6432,139.273,-99
9290681732,385.458,137.0754,-99
9290715065,385.7968,135.8891,-99
9290748398,387.6927,136.8873,-99
9290781731,387.9627,136.3863,-99
9290815064,388.6717,134.518,-99
9290848397,389.1385,133.1461,-99
9290881730,388.2035,133.291,-99
9290915063,389.6329,133.5578,-99
9290948396,390,134.2779,-99
9290981729,391.6401,134.9844,-99
9291015062,393.4485,136.1953,-99
9291048395,393.9398,137.8139,-99
9291081728,395.1386,139.8226,-99
9291115061,394.3745,141.7381,-99
9291148394,393.7943,141.9563,-99
9291181727,394.6801,143.371,-99
9291215060,395.8822,144.046,-99
9291248393,397.243,143.5652,-99
9291281726,398.6011,141.7104,-99
9291315059,400.0352,140.8915,-99
9291348392,401.4591,138.1662,-99
9291381725,403.2396,136.2089,-99
9291415058,404.6682,136.2547,-99
9291448391,405.8479,136.0385,-99
9291481724,407.4289,136.8778,-99
9291515057,409.4138,138.1839,-99
9291548390,410.4202,139.8679,-99
9291581723,411.5514,141.0841,-99
9291615056,411.4669,143.9616,-99
9291648389,411.6357,144.0402,-99
9291681722,411.9217,146.6084,-99
9291715055,413.2813,149.7519,-99
9291748388,413.7816,151.8868,-99
9291781721,413.7686,154.5398,-99
9291815054,414.5905,156.3928,-99
9291848387,414.7727,157.5963,-99
9291881720,415.8703,158.3595,-99
9291915053,416.7821,159.2151,-99
9291948386,418.5966,159.6443,-99
9291981719,420.435,160.1412,-99
9292015052,421.5271,159.9345,-99
9292048385,423.4185,159.5734,-99
9292081718,424.6141,159.7038,-99
9292115051,425.7686,159.7107,-99
9292148384,426.7957,159.7634,-99
9292181717,427.651,160.6146,-99
9292215050,429.4843,160.8743,-99
9292248383,430.7155,161.3296,-99
9292281716,432.8169,161.2093,-99
9292315049,433.8668,160.8367,-99
9292348382,434.9173,160.1912,-99
9292381715,435.1022,160.0836,-99
9292415048,436.5976,158.0488,-99
9292448381,436.1299,158.5028,-99
9292481714,436.344,159.207,-99
9292515047,436.554,162.828,-99
9292548380,436.0258,163.9461,-99
9292581713,435.7306,166.2633,-99
9292615046,436.3226,167.6132,-99
9292648379,435.1239,168.3063,-99
9292681712,435.7576,170.679,-99
9292715045,436.8649,172.2133,-99
9292748378,437.4919,172.9108,-99
9292781711,439.0548,175.3159,-99
9292815044,440.6702,177.5469,-99
9292848377,441.4558,178.8867,-99
9292881710,442.2201,180.9783,-99
9292915043,441.8932,183.463,-99
9292948376,442.0479,185.8351,-99
9292981709,441.3957,187.9118,-99
9293015042,440.5378,190.2733,-99
9293038420,440.2086,191.7571,-99
9293071753,440.795,193.041,-99
9293105086,439.6583,192.8627,-99
9293138419,441.1003,193.2865,-99
9293171752,442.0516,193.1031,-99
9293205085,442.7836,194.6901,-99
9293238418,443.3881,197.2,-99
9293271751,445.4163,198.6373,-99
9293305084,446.6316,199.6863,-99
9293338417,447.4073,201.1875,-99
9293371750,449.0868,202.9154,-99
9293405083,450.6506,206.0221,-99
9293438416,452.9014,206.8942,-99
9293471749,454.3746,208.3859,-99
9293505082,455.4412,209.85,-99
9293538415,454.9818,211.0091,-99
9293571748,454.794,212.2298,-99
9293605081,451.2787,210.938,-99
9293638414,450.52,210.36,-99
9293671747,455.0435,211.1304,-99
9293705080,443.8182,217.2727,-99
9293738413,450.6692,220.3609,-99
9293771746,455.5774,225.3515,-99
9293805079,460.3351,228.9162,-99
9293838412,465.8029,235.3723,-99
9293871745,460.5597,234.2798,-99
9293905078,462.7211,235.1554,-99
9293938411,467.0683,236.5415,-99
9293971744,462.306,236.3433,-99
9294005077,462.5175,237.5914,-99
9294038410,465.5333,238.9148,-99
9294071743,467.7481,239.6111,-99
9294105076,469.0278,239.9965,-99
9294138409,468.9712,241.589,-99
9294171742,469.6747,243.9426,-99
9294205075,469.8854,245.3098,-99
9294238408,468.7091,246.226,-99
9294271741,466.8774,248.6434,-99
9294305074,466.4886,249.1848,-99
9294338407,465.7679,250.2117,-99
9294371740,465.3364,254.0526,-99
9294405073,463.5564,256.9769,-99
9294438406,463.0675,259.4825,-99
9294471739,462.5871,262.5656,-99
9294505072,461.6985,263.386,-99
9294538405,464.6404,265.6367,-99
9294571738,465.74,268.62,-99
9294605071,465.985,269.5496,-99
9294638404,465.05,271.1417,-99
9294671737,462.4453,274.4948,-99
9294705070,460.2917,278.1521,-99
9294738403,459.6282,279.7271,-99
9294771736,458.8767,280.4818,-99
9294805069,458.6435,282.432,-99
9294838402,455.8777,283.841,-99
9294871735,454.9846,285.9815,-99
9294905068,449.4154,282.3282,-99
9294938401,446.4892,284.0863,-99
9294971734,446.9697,285.697,-99
9295005067,449.3926,288.227,-99
9295038400,452.8365,290.8029,-99
9295071733,455.2658,294.0676,-99
9295105066,456.6757,300.039,-99
9295138399,456.3215,301.9073,-99
9295171732,454.755,302.0912,-99
9295205065,453.1246,302.5875,-99
9295238398,451.0602,303.6145,-99
9295271731,449.6056,305.4695,-99
9295305064,447.6764,308.7324,-99
9295338397,448.9724,310.0936,-99
9295371730,447.7046,313.1225,-99
9295405063,446.6849,315.484,-99
9295438396,446.4297,316.2008,-99
9295471729,446.8427,316.8764,-99
9295505062,448.4815,321.4781,-99
9295538395,447.3109,324.3193,-99
9295571728,446.6529,325.2961,-99
9295605061,445.6969,325.7661,-99
9295638394,445.5216,326.7541,-99
9295671727,444.2,327.9702,-99
9295705060,442.759,328.2932,-99
9295738393,441.0725,330.7729,-99
9295771726,439.212,332.0886,-99
9295805059,438.0872,334.8289,-99
9295838392,437.2056,336.6307,-99
9295871725,436.8544,339.4082,-99
9295905058,436.2613,341.5516,-99
9295938391,435.6013,344.2582,-99
9295971724,432.3343,346.6545,-99
9296005057,429.826,348.297,-99
9296038390,430.7873,348.8536,-99
9296071723,428.86,350.8688,-99
9296105056,427.5754,350.6215,-99
9296138389,428.6815,350.4077,-99
9296171722,428.2893,353.4088,-99
9296205055,427.9068,354.0341,-99
9296238388,425.3663,355.8317,-99
9296271721,423.867,357.3303,-99
9296305054,422.6526,358.964,-99
9296338387,420.1923,359.6474,-99
9296383769,417.2207,361.1494,-99
9296417102,416.3,362.3795,-99
9296450435,413.8813,364.2417,-99
9296483768,413.3833,365.1714,-99
9296517101,412.6154,366.0027,-99
9296550434,410.8395,367.9026,-99
9296583767,410.6023,371.0375,-99
9296617100,408.7789,372.3065,-99
9296650433,407.1538,372.6779,-99
9296683766,405.7286,374.9756,-99
9296717099,404.101,375.7954,-99
9296750432,399.3134,377.322,-99
9296783765,397.8603,379.2009,-99
9296817098,394.83,379.6482,-99
9296850431,391.5355,379.8414,-99
9296883764,392.8155,380.8716,-99
9296917097,392.1028,380.7619,-99
9296950430,391.0265,383.7529,-99
9296983763,390.7574,382.4877,-99
9297017096,390.0693,384.5497,-99
9297050429,390.0995,385.6675,-99
9297083762,390.2328,387.8897,-99
9297117095,390.627,388.791,-99
9297150428,389.5071,389.3673,-99
9297183761,385.8691,390.8727,-99
9297217094,382.5507,390.9114,-99
9297250427,380.8246,390.741,-99
9297283760,378.7313,390.3529,-99
9297317093,378.8689,389.9706,-99
9297350426,379.265,389.5829,-99
9297383759,377.2279,389.7699,-99
9297417092,375.6399,390.3234,-99
9297450425,373.8696,390.8467,-99
9297483758,372.1554,391.786,-99
9297517091,370.0547,392.9818,-99
9297550424,369.5744,394.7116,-99
9297583757,368.3154,394.8635,-99
9297617090,366.4916,395.9185,-99
9297650423,365.3923,396.3038,-99
9297683756,364.3543,396.021,-99
9297717089,363.3348,395.5513,-99
9297750422,362.742,395.914,-99
9297783755,363.2571,396.1887,-99
9297817088,363.6064,397.7649,-99
9297850421,364.4064,399.5107,-99
9297883754,364.0701,401.0338,-99
9297917087,365.1046,401.7729,-99
9297950420,365.9354,402.5633,-99
9297983753,366.3668,402.8313,-99
9298017086,367.8883,404.0519,-99
9298050419,366.4128,405.0189,-99
9298083752,365.1461,403.3663,-99
9298117085,364.5417,402.6794,-99
9298150418,362.4509,402.2346,-99
9298183751,362.5436,401.7867,-99
9298217084,361.3786,401.6481,-99
9298250417,361.6194,401.3684,-99
9298283750,360.3816,401.141,-99
9298317083,361.084,402.8148,-99
9298350416,360.2692,399.4288,-99
9298383749,359.5709,398.1454,-99
9298417082,356.4958,397.1331,-99
9298450415,356.3866,396.6292,-99
9298483748,355.9297,396.7604,-99
9298517081,355.0905,395.9254,-99
9298550414,354.6227,395.5424,-99
9298583747,353.6697,395.6539,-99
9298617080,353.0727,395.8018,-99
9298650413,353.0653,396.4755,-99
9298683746,352.4171,396.2765,-99
9298717079,351.7936,397.2177,-99
9298750412,350.9953,398.0373,-99
9298783745,350.0521,397.5683,-99
9298817078,348.8829,396.5496,-99
9298850411,345.9344,395.9977,-99
9298883744,344.2418,396.6714,-99
9298917077,343.9834,397.7796,-99
9298950410,343.3901,398.6525,-99
9298983743,343.3075,399.2676,-99
9299017076,343.5336,399.0835,-99
9299050409,342.2074,400.6267,-99
9299083742,341.5147,400.9592,-99
9299117075,341.0701,401.9796,-99
9299150408,340.371,402.2489,-99
9299183741,339.8039,401.5773,-99
9299217074,338.6117,400.9045,-99
9299250407,338.184,401.0266,-99
9299283740,338.488,400.9956,-99
9299317073,337.9514,401.0022,-99
9299350406,337.1144,400.3474,-99
9299383739,335.7522,399.8097,-99
9299417072,335.2122,399.4741,-99
9299450405,334.3996,398.8076,-99
9299483738,334.5614,397.7364,-99
9299517071,334.9323,396.8755,-99
9299550404,335.6236,395.1247,-99
9299583737,335.1718,395.3906,-99
9299617070,335.0361,394.9436,-99
9299650403,335.0404,395.5168,-99
9299683736,335.1145,395.7115,-99
9299716147,336.3333,396.5298,-99
9299749480,336.7802,397.4484,-99
9299782813,336.8295,398.076,-99
9299816146,337.0226,398.5779,-99
9299849479,336.6518,399.96,-99
9299882812,336.8575,399.7828,-99
9299916145,336.7518,400.075,-99
9299949478,336.7224,398.7906,-99
9299982811,335.4096,398.7414,-99
9300016144,334.6581,398.6464,-99
9300049477,335.1414,398.4839,-99
9300082810,336.3175,398.4218,-99
9300116143,336.1268,399.2864,-99
9300149476,336.4142,398.6979,-99
9300182809,335.9732,398.8293,-99
9300216142,336.3883,398.4583,-99
9300249475,335.6304,399.2367,-99
9300282808,335.9274,398.5374,-99
9300316141,335.7967,399.26,-99
9300349474,337.0782,398.5908,-99
9300382807,336.7289,399.0387,-99
9300416140,337.2281,398.5853,-99
9300449473,337.0665,398.9734,-99
9300482806,337.1644,398.2072,-99
9300516139,337.658,397.7217,-99
9300549472,338.4706,396.0188,-99
9300582805,338.0673,395.0841,-99
9300616138,337.3034,395.7136,-99
9300649471,336.8909,395.7429,-99
9300682804,336.5645,395.8987,-99
9300716137,335.6073,397.6571,-99
9300749470,335.3253,397.9253,-99
9300782803,336.1108,398.7165,-99
9300816136,336.9005,400.4058,-99
9300849469,337.2192,400.1141,-99
9300882802,338.1872,401.4458,-99
9300916135,338.1952,401.9735,-99
9300949468,337.5231,403.0146,-99
9300982801,337.042,403.7556,-99
9301016134,337.2889,405.2123,-99
9301049467,338.2488,405.399,-99
9301082800,339.1236,404.6453,-99
9301116133,339.4573,403.8625,-99
9301149466,339.5283,402.3366,-99
9301182799,338.721,401.242,-99
9301216132,337.6988,400.8766,-99
9301249465,335.7794,400.7794,-99
9301282798,335.547,400.8248,-99
9301316131,336.3186,400.5995,-99
9301349464,337.4097,400.0286,-99
9301391595,338.5669,399.9637,-99
9301424928,339.7605,398.6741,-99
9301458261,339.5424,398.6227,-99
9301491594,339.2827,398.2613,-99
9301524927,338.6298,396.8397,-99
9301558260,336.9245,396.1111,-99
9301591593,335.46,396.108,-99
9301624926,334.8717,394.472,-99
9301658259,334.7314,394.2952,-99
9301691592,335.1565,392.9456,-99
9301724925,334.8317,391.855,-99
9301758258,333.8078,390.9719,-99
9301791591,334.3809,389.7183,-99
9301824924,335.5109,388.4692,-99
9301858257,336.6832,389.2175,-99
9301891590,336.5768,388.593,-99
9301924923,336.6947,387.3606,-99
9301958256,335.3784,385.8245,-99
9301991589,333.5362,385.8213,-99
9302024922,334.1597,385.0998,-99
9302058255,332.6471,385.7227,-99
9302091588,332.5732,386.2469,-99
9302124921,331.7946,387.4127,-99
9302158254,330.4489,388.3488,-99
9302191587,327.5121,389.4839,-99
9302224920,324.787,390.0178,-99
9302258253,321.5261,390.7369,-99
9302291586,318.2054,391.6181,-99
9302324919,314.9403,392.1748,-99
9302358252,311.2133,392.9172,-99
9302391585,309.0843,393.8618,-99
9302424918,305.3262,393.8881,-99
9302458251,301.7494,393.6334,-99
9302491584,298.1463,393.7951,-99
9302524917,294.782,393.5332,-99
9302558250,292.0196,393.0662,-99
9302591583,289.2005,392.8226,-99
9302624916,287.0777,392.5291,-99
9302658249,284.7343,392.8741,-99
9302691582,282.4954,393.3465,-99
9302724915,280.565,393.8582,-99
9302758248,278.7529,394.7902,-99
9302791581,277.2172,395.9141,-99
9302824914,276.2808,395.4749,-99
9302858247,275.0321,394.9427,-99
9302891580,273.7944,393.9603,-99
9302924913,272.1384,392.5647,-99
9302958246,271.3972,389.9932,-99
9302991579,269.1646,388.5209,-99
9303024912,265.0079,386.1689,-99
9303060543,263.6158,385.2724,-99
9303093876,261.8898,384.9189,-99
9303127209,259.9087,385.0042,-99
9303160542,257.779,385.2442,-99
9303193875,256.1752,385.6645,-99
9303227208,254.7845,385.2263,-99
9303260541,252.1578,383.8647,-99
9303293874,251.9178,383.4671,-99
9303327207,249.9162,382.1878,-99
9303360540,248.3571,379.9762,-99
9303393873,246.33,378.4193,-99
9303427206,245.2319,376.5724,-99
9303460539,243.2381,374.8119,-99
9303493872,241.7738,373.6448,-99
9303527205,242.7398,373.5918,-99
9303560538,243.4781,373.7069,-99
9303593871,243.4729,372.7906,-99
9303627204,244.2888,372.1979,-99
9303660537,244.9921,371.6256,-99
9303693870,245.1105,370.7709,-99
9303727203,245.6183,369.2661,-99
9303760536,247.0221,369.2818,-99
9303793869,248.6172,369.69,-99
9303827202,249.3325,370.5013,-99
9303860535,249.7548,368.4207,-99
9303893868,249.0658,367.2716,-99
9303927201,248.929,368.8404,-99
9303960534,247.2784,368.6701,-99
9303993867,246.7551,367.9485,-99
9304027200,247.6133,368.42,-99
9304060533,248.0374,368.6828,-99
9304093866,248.4751,368.0559,-99
9304127199,249.2469,366.5988,-99
9304160532,248.8874,368.74,-99
9304193865,247.4059,369.0029,-99
9304227198,245.1718,368.4507,-99
9304260531,243.0986,366.8173,-99
9304293864,239.4251,366.6586,-99
9304327197,237.5859,366.5101,-99
9304360530,234.9811,366.0237,-99
9304393863,233.3531,366.4445,-99
9304427196,231.5464,366.4637,-99
9304460529,229.843,365.6633,-99
9304493862,228.9696,363.5266,-99
9304527195,226.2976,361.9829,-99
9304560528,223.2864,358.5955,-99
9304593861,221.461,357.6036,-99
9304627194,220.6706,356.0729,-99
9304660527,218.253,355.0195,-99
9304693860,215.7364,354.7864,-99
9304727193,214.2329,354.5822,-99
9304760526,214.6795,355.1385,-99
9304793859,212.555,354.195,-99
9304827192,211.6817,354.1604,-99
9304860525,209.7749,352.8235,-99
9304893858,209.313,351.7646,-99
9304927191,208.5247,350.5347,-99
9304960524,207.1646,348.8759,-99
9304993857,206.7614,347.4826,-99
9305027190,206.0261,345.8825,-99
9305060523,204.5114,343.243,-99
9305093856,203.1636,340.6016,-99
9305127189,201.1271,338.1367,-99
9305160522,200.9735,335.9894,-99
9305193855,200.3089,334.1021,-99
9305227188,201.1131,332.0551,-99
9305260521,200.4463,329.573,-99
9305293854,200.1388,327.2211,-99
9305327187,197.9139,323.8667,-99
9305360520,197.8547,322.298,-99
9305393853,195.1166,318.1995,-99
9305427186,194.3922,317.4681,-99
9305460519,192.093,314.3191,-99
9305493852,192.5165,314.2807,-99
9305527185,191.9803,313.1606,-99
9305560518,192.7593,311.5157,-99
9305593851,192.192,310.6533,-99
9305627184,192.9553,308.1117,-99
9305660517,192.1011,307.2393,-99
9305693850,191.2429,305.9971,-99
9305727183,190.123,302.9809,-99
9305760516,188.8192,300.5945,-99
9305793849,188.9535,299.3152,-99
9305827182,189.6128,298.1829,-99
9305860515,189.2688,295.3006,-99
9305893848,191.8233,295.0898,-99
9305927181,192.4757,292.7749,-99
9305960514,193.1761,290.7493,-99
9305993847,192.5836,288.1085,-99
9306027180,192.7566,285.0555,-99
9306060513,193.0025,281.5707,-99
9306093846,191.3432,278.954,-99
9306127179,191.537,277.201,-99
9306160512,190.5377,275.3643,-99
9306193845,189.9241,273,-99
9306227178,188.754,270.7857,-99
9306260511,188.6744,270.0581,-99
9306293844,188.625,268.9056,-99
9306327177,188.5078,266.6395,-99
9306360510,188.211,263.9509,-99
9306387138,189.1676,261.0984,-99
9306420471,190.1342,257.6684,-99
9306453804,189.0313,253.625,-99
9306487137,190.0233,251.3135,-99
9306520470,190.2928,249.4548,-99
9306553803,191.3964,248.4373,-99
9306587136,191.9233,247.722,-99
9306620469,191.4239,245.8209,-99
9306653802,191.1215,245.0311,-99
9306687135,190.8479,244.2479,-99
9306720468,189.446,240.127,-99
9306753801,189.4046,237.9669,-99
9306787134,188.9143,236.1662,-99
9306820467,189.1214,234.767,-99
9306853800,188.1886,232.464,-99
9306887133,188.8733,231.469,-99
9306920466,189.066,229.132,-99
9306953799,189.3435,227.3002,-99
9306987132,189.1676,224.1383,-99
9307020465,190.9947,223.4866,-99
9307053798,191.2951,221.1404,-99
9307087131,192.9028,219.5305,-99
9307120464,193.4248,216.531,-99
9307153797,193.8325,212.5764,-99
9307187130,194.6887,210.4191,-99
9307220463,194.9098,207.3415,-99
9307253796,194.409,204.2454,-99
9307287129,195.2538,202.0609,-99
9307320462,195.5045,200.8836,-99
9307353795,197.4427,198.9173,-99
9307387128,198.9491,196.6257,-99
9307420461,201.0233,196.468,-99
9307453794,202.603,195.5152,-99
9307487127,204.0682,194.3267,-99
9307520460,205.2167,194.3222,-99
9307553793,205.1793,192.7871,-99
9307587126,205.2473,189.9521,-99
9307620459,205.7781,188.7449,-99
9307653792,205.1953,185.8681,-99
9307687125,205.6812,185.3134,-99
9307720458,205.2341,182.2621,-99
9307753791,205.9572,182.733,-99
9307787124,207.1593,181.9698,-99
9307820457,208.2281,180.1504,-99
9307853790,209.8883,178.6131,-99
9307887123,212.126,176.8898,-99
9307920456,213.6711,174.1474,-99
9307953789,215.6121,174.3325,-99
9307987122,218.0636,170.5281,-99
9308020455,219.9597,169.0887,-99
9308060258,220.9131,165.5112,-99
9308093591,221.3899,165.7719,-99
9308126924,222.7335,163.7309,-99
9308160257,224.18,161.5486,-99
9308193590,225.5053,161.0401,-99
9308226923,227.0805,160.2845,-99
9308260256,229.3362,158.6497,-99
9308293589,231.271,157.4218,-99
9308326922,232.8143,156.4714,-99
9308360255,234.7884,155.672,-99
9308393588,235.6383,153.2074,-99
9308426921,235.065,152.9887,-99
9308460254,234.6499,151.2202,-99
9308493587,234.5615,149.4171,-99
9308526920,233.7038,148.9375,-99
9308560253,233.2814,148.196,-99
9308593586,233.3,146.9846,-99
9308626919,233.7632,145.5543,-99
9308660252,234.7032,145.8678,-99
9308693585,236.4677,145.1343,-99
9308726918,237.4744,144.9641,-99
9308760251,238.3035,145.1518,-99
9308793584,239.9642,144.4552,-99
9308826917,242.0779,142.5429,-99
9308860250,243.8199,141.8698,-99
9308893583,246.3589,139.7054,-99
9308926916,248.8824,137.375,-99
9308960249,250.5979,136.9074,-99
9308993582,252.7131,136.3087,-99
9309026915,253.8847,136.8365,-99
9309060248,255.7374,135.7402,-99
9309093581,257.9653,134.1647,-99
9309126914,259.0976,132.9261,-99
9309160247,261.2983,132.2898,-99
9309193580,263.9946,130.2076,-99
9309226913,266.2661,129.0323,-99
9309260246,268.7266,127.5924,-99
9309293579,270.7346,125.9062,-99
9309326912,272.2052,125.9948,-99
9309360245,273.9091,125.5732,-99
9309393578,275.769,125.212,-99
9309426911,276.7604,125.4844,-99
9309460244,278.485,125.0599,-99
9309493577,279.3903,124.6477,-99
9309526910,280.0497,124.3848,-99
9309560243,281.438,123.5752,-99
9309593576,282.5073,123.8484,-99
9309626909,283.8448,121.2488,-99
9309660242,284.9569,120.814,-99
9309693575,286.8857,120.1144,-99
9309726908,288.4264,118.8173,-99
9309760241,289.885,117.3825,-99
9309793574,290.2579,116.8735,-99
9309826907,290.9904,116.1202,-99
9309860240,291.2892,116.0539,-99
9309893573,291.2361,114.5,-99
9309926906,291.7975,112.8051,-99
9309960239,293.3949,113.0506,-99
9309993572,296.2441,113.1303,-99
9310026905,298.2528,113.2822,-99
9310060238,299.2422,113.4293,-99
9310093571,299.5648,112.7228,-99
9310126904,301.6943,113.1814,-99
9310160237,303.9262,113.8115,-99
9310193570,306.1806,113.5995,-99
9310226903,308.8837,114.1025,-99
9310260236,311.5489,114.4864,-99
9310293569,313.3955,114.7034,-99
9310326902,314.977,114.6715,-99
9310360235,314.8886,116.0924,-99
9310393568,315.6981,117.626,-99
9310426901,318.2287,118.2473,-99
9310460234,319.7703,118.9568,-99
9310493567,321.2943,119.6648,-99
9310526900,322.9588,119.4353,-99
9310560233,323.4261,119.713,-99
9310593566,323.6288,119.8914,-99
9310626899,325.2589,119.7386,-99
9310660232,326.5,118.7425,-99
9310693565,327.3676,117.8496,-99
9310726898,329.3096,117.855,-99
9310760231,330.4878,117.8341,-99
9310793564,332.0486,117.5388,-99
9310826897,333.8851,117.5966,-99
9310860230,335.0927,117.9524,-99
9310893563,337.3467,118.5151,-99
9310926896,340.1506,120.3765,-99
9310960229,340.6958,121.8534,-99
9310993562,342.5512,121.7913,-99
9311026895,343.8066,122.8122,-99
9311060228,343.0368,123.6722,-99
9311093561,343.1215,124.3725,-99
9311126894,345.6478,124.677,-99
9311160227,346.9934,124.9274,-99
9311193560,349.8293,124.1897,-99
9311226893,352.2245,124.577,-99
9311260226,352.7616,123.3958,-99
9311293559,355.7995,122.6304,-99
9311326892,357.6237,124.4433,-99
9311360225,360.3598,127.7903,-99
9311398215,361.8889,129.9444,-99
9311431548,362.7802,130.9275,-99
9311464881,364.3114,132.8114,-99
9311498214,365.7574,134.6041,-99
9311531547,365.6798,133.6535,-99
9311564880,368.8,135.5792,-99
9311598213,370.7273,135.1292,-99
9311631546,371.3965,134.3153,-99
9311664879,374.0292,133.8735,-99
9311698212,376.1985,133.9404,-99
9311731545,377.7656,132.8385,-99
9311764878,380.6985,132.9771,-99
9311798211,381.6544,133.4381,-99
9311831544,380.8864,133,-99
9311864877,381.5367,133.8127,-99
9311898210,382.6694,134.0349,-99
9311931543,383.675,134.5786,-99
9311964876,384.3179,135.6589,-99
9311998209,383.4777,137.0642,-99
9312031542,381.2488,136.8721,-99
9312064875,380.7825,138.2057,-99
9312098208,380.7387,139.8643,-99
9312131541,380.9,140.5923,-99
9312164874,380.3281,140.5066,-99
9312198207,380.1981,140.1467,-99
9312231540,381.2191,140.1033,-99
9312264873,381.9748,140.4131,-99
9312298206,382.938,140.6658,-99
9312331539,382.6837,140.2806,-99
9312364872,383.3396,140.0989,-99
9312398205,382.8414,139.4425,-99
9312431538,383.8534,139.4084,-99
9312464871,383.9919,139.8618,-99
9312498204,383.8429,139.6885,-99
9312531537,384.919,139.2039,-99
9312564870,384.843,138.4304,-99
9312598203,385.0759,139.8325,-99
9312631536,385.7443,141.5897,-99
9312664869,386.9944,141.7439,-99
9312698202,385.8439,141.5237,-99
9312731535,386.1564,141.9218,-99
9312764868,387.4815,142.2789,-99
9312798201,387.9939,142.8534,-99
9312831534,389.322,143.4894,-99
9312864867,389.8945,143.9114,-99
9312898200,390.5996,144.631,-99
9312931533,390.9862,146.2801,-99
9312964866,392.2868,147.9863,-99
9312998199,393.6839,148.682,-99
9313031532,394.2724,150.664,-99
9313064865,396.3873,153.1673,-99
9313098198,396.1953,152.5388,-99
9313131531,397.5852,153.0716,-99
9313164864,397.8836,155.037,-99
9313198197,399.1005,156.4048,-99
9313231530,399.4403,157.4164,-99
9313264863,399.6146,158.4933,-99
9313298196,399.4073,159.0862,-99
9313331529,399.6919,159.8611,-99
9313364862,400.2641,161.8442,-99
9313398195,401.6493,162.006,-99
9313431528,402.8764,162.3258,-99
9313464861,404.26,162.684,-99
9313498194,405.2251,160.7932,-99
9313531527,406.9793,160.5829,-99
9313564860,408.801,160.8801,-99
9313598193,409.5989,161.219,-99
9313631526,410.7457,163.844,-99
9313664859,412.2944,165.6333,-99
9313698192,412.9818,165.4415,-99
9313731525,414.3566,164.8955,-99
9313764858,416.0821,166.1221,-99
9313798191,416.7824,166.4958,-99
9313831524,416.6207,166.9452,-99
9313864857,417.1667,168.1009,-99
9313898190,417.8199,169.1497,-99
9313931523,420.1029,170.4198,-99
9313964856,421.3708,171.6017,-99
9313998189,423.8387,174.5219,-99
9314031522,424.9822,174.265,-99
9314064855,426.8675,175.235,-99
9314098188,429.505,177.6642,-99
9314131521,431.8944,181.2371,-99
9314164854,435.1892,184.9775,-99
9314198187,433.5507,183.8811,-99
9314231520,436.2719,186.1955,-99
9314264853,437.9401,187.9263,-99
9314298186,438.9378,190.5806,-99
9314331519,440.3118,191.4944,-99
9314364852,442.6783,193.1795,-99
9314398185,444.2774,194.6993,-99
9314431518,445.9861,194.8,-99
9314464851,447.8272,196.4039,-99
9314498184,449.5419,198.0487,-99
9314531517,449.501,197.8545,-99
9314564850,450.1703,200.2707,-99
9314598183,450.9801,203.4879,-99
9314631516,452.7094,204.9198,-99
9314664849,454.8107,206.6852,-99
9314698182,456.8189,208.8889,-99
9314730593,457.8025,211.2387,-99
9314763926,458.1671,211.7063,-99
9314797259,458.5204,212.6948,-99
9314830592,457.7585,216.1811,-99
9314863925,457.0044,219.1369,-99
9314897258,456.6721,221.0674,-99
9314930591,456.4163,222.8775,-99
9314963924,456.2451,225.3634,-99
9314997257,455.5955,228.7023,-99
9315030590,456.3612,229.7978,-99
9315063923,457.3046,232.5345,-99
9315097256,457.2341,234.9942,-99
9315130589,457.7821,237.4836,-99
9315163922,458.2753,239.7163,-99
9315197255,458.4243,241.9139,-99
9315230588,458.9913,243.629,-99
9315263921,459.82,245.0286,-99
9315297254,460.3287,246.6961,-99
9315330587,460.9425,248.2301,-99
9315363920,459.8565,251.3704,-99
9315397253,459.0933,254.1475,-99
9315430586,458.3008,255.7842,-99
9315463919,457.0967,257.389,-99
9315497252,455.8087,261.1268,-99
9315530585,454.5785,263.4193,-99
9315563918,455.1613,264.7769,-99
9315597251,454.1307,268.8438,-99
9315630584,453.688,272.4735,-99
9315663917,453.6472,275.1417,-99
9315697250,453.723,277.6939,-99
9315730583,453.7391,279.2145,-99
9315763916,454.59,280.8421,-99
9315797249,454.9558,283.4503,-99
9315830582,454.9458,285.3875,-99
9315863915,454.6156,288.7932,-99
9315897248,454.7513,291.6995,-99
9315930581,455.7892,293.5641,-99
9315963914,454.4842,294.6139,-99
9315997247,451.4636,294.2781,-99
9316030580,458.8571,306.8571,-99
9316163912,451.4688,315.1875,-99
9316197245,450.363,307.7519,-99
9316230578,451.3481,307.7325,-99
9316263911,448.2,310.1582,-99
9316297244,446.3893,312.3232,-99
9316330577,446.0648,312.6309,-99
9316363910,444.0664,314.3481,-99
9316401150,447.044,315.3522,-99
9316434483,444.4973,315.4335,-99
9316467816,443.905,315.8892,-99
9316501149,442.9421,316.3184,-99
9316534482,442.2251,317.0838,-99
9316567815,440.6691,317.5383,-99
9316601148,440.0955,318.2236,-99
9316634481,439.1908,320.1858,-99
9316667814,439.4237,322.2763,-99
9316701147,440.0555,324.1287,-99
9316734480,441.6967,327.7256,-99
9316767813,442.8426,331.0638,-99
9316801146,440.397,331.1049,-99
9316834479,439.5815,332.4926,-99
9316867812,438.0991,334.7658,-99
9316901145,437.395,333.4328,-99
9316934478,436.6097,331.7756,-99
9316967811,439.1821,338.2549,-99
9317001144,437.4182,340.8909,-99
9317034477,435.3488,341.5318,-99
9317067810,433.6943,341.6022,-99
9317101143,432.1645,341.9031,-99
9317134476,430.8815,342.2982,-99
9317167809,429.2657,343.1236,-99
9317201142,428.8961,339.3146,-99
9317234475,429.8062,341.573,-99
9317267808,427.0767,345.0799,-99
9317301141,427.0558,345.7665,-99
9317334474,426.8968,347.5487,-99
9317367807,427.0943,348.6065,-99
9317401140,425.0128,349.0742,-99
9317434473,424.1274,349.8554,-99
9317467806,424.5057,350.7218,-99
9317501139,423.5558,352.598,-99
9317534472,423.0254,354.9446,-99
9317567805,421.9921,357.2612,-99
9317601138,420.8466,360.6402,-99
9317634471,419.4691,361.3136,-99
9317667804,415.1049,363.7171,-99
9317701137,414.7054,364.249,-99
9317734470,413.0024,365.2947,-99
9317767803,409.6071,366.5655,-99
9317801136,406.5251,368.4469,-99
9317834469,407.0251,370.1683,-99
9317867802,405.7609,372.5938,-99
9317901135,405.4028,374.6736,-99
9317934468,403.4815,375.6645,-99
9317967801,402.9706,376.1738,-99
9318001134,400.7254,376.4861,-99
9318034467,398.979,376.75,-99
9318070128,397.9862,378.3674,-99
9318103461,396.5475,376.6525,-99
9318136794,394.8832,375.8929,-99
9318170127,394.135,376.5927,-99
9318203460,392.8055,377.6522,-99
9318236793,391.6689,378.2562,-99
9318270126,391.0442,380.3022,-99
9318303459,390.2844,380.7296,-99
9318336792,389.672,383.1743,-99
9318370125,389.2769,385.1991,-99
9318403458,388.2737,388.3167,-99
9318436791,386.4509,389.993,-99
9318470124,383.9358,391.5696,-99
9318503457,381.9125,394.4267,-99
9318536790,380.2544,396.6908,-99
9318570123,378.4757,395.0888,-99
9318603456,378.0859,394.9053,-99
9318636789,375.4591,394.5483,-99
9318670122,375.8055,394.8449,-99
9318703455,375.2323,395.1364,-99
9318736788,373.6761,397.6225,-99
9318770121,372.964,396.5167,-99
9318803454,371.7572,395.3582,-99
9318836787,370.0915,395.0201,-99
9318870120,369.305,395.3239,-99
9318903453,366.2071,393.1903,-99
9318936786,367.6667,392.6427,-99
9318970119,367.2534,391.1751,-99
9319003452,366.3105,390.4338,-99
9319036785,365.7269,388.2445,-99
9319070118,365.2301,387.6968,-99
9319103451,364.8503,387.9216,-99
9319136784,364.185,388.3232,-99
9319170117,364.0316,388.9175,-99
9319203450,363.594,390.3208,-99
9319236783,363.4833,392.1671,-99
9319270116,363.6193,392.6802,-99
9319303449,364.5594,393.6386,-99
9319336782,364.9368,394.4379,-99
9319370115,364.352,395.1772,-99
9319403448,363.85,397.3125,-99
9319436781,362.5785,401.0901,-99
9319470114,361.1092,401.8793,-99
9319503447,360.7006,402.8654,-99
9319536780,359.2064,406.0697,-99
9319570113,357.8069,406.4377,-99
9319603446,360.7494,404.1504,-99
9319636779,360.4656,403.0964,-99
9319670112,359.0449,401.5485,-99
9319703445,359.1315,400.1455,-99
9319736778,359.2867,398.4379,-99
9319770111,355.996,395.7202,-99
9319803444,353.5034,393.6007,-99
9319836777,355.6253,392.8758,-99
9319870110,354.9929,392.3492,-99
9319903443,352.6853,390.8042,-99
9319936776,349.5,390.4736,-99
9319970109,347.3061,390.2767,-99
9320003442,343.8245,390.1265,-99
9320036775,341.3394,390.2606,-99
9320070108,340.6331,390.4362,-99
9320103441,338.7527,390.709,-99
9320136774,336.2863,390.9668,-99
9320170107,334.8314,391.75,-99
9320203440,333.4143,394.0163,-99
9320236773,333.1122,395.7936,-99
9320270106,332.3156,398.7746,-99
9320303439,332.5889,401.42,-99
9320336772,332.873,403.6005,-99
9320370105,332.9667,405.1262,-99
9320403438,333.2981,406.0817,-99
9320436771,332.5104,406.4478,-99
9320470104,331.6024,406.7765,-99
9320503437,330.5662,406.6519,-99
9320536770,329.2897,407.9102,-99
9320570103,328.0194,408.2906,-99
9320603436,328.3386,407.5386,-99
9320636769,328.1671,408.9954,-99
9320670102,328.0183,410.4266,-99
9320703435,327.9467,410.882,-99
9320736768,326.8028,410.7633,-99
9320770101,325.2368,410.3264,-99
9320803434,323.9047,409.6497,-99
9320836767,322.5313,408.6228,-99
9320870100,321.4371,407.492,-99
9320903433,321.4405,406.5762,-99
9320936766,320.5477,404.9045,-99
9320970099,319.3402,402.9726,-99
9321003432,317.4837,401.507,-99
9321036765,316.0045,399.7201,-99
9321070098,314.1923,397.4774,-99
9321103431,313.3125,395.6779,-99
9321136764,310.6813,394.1224,-99
9321170097,308.6119,393.2215,-99
9321203430,304.501,392.7383,-99
9321236763,301.0398,392.1829,-99
9321270096,298.7758,392.1879,-99
9321303429,295.4777,391.7004,-99
9321336762,294.8596,391.4988,-99
9321370095,293.6748,390.8533,-99
9321402506,292.4019,389.7608,-99
9321435839,290.4501,389.5085,-99
9321469172,288.8581,389.439,-99
9321502505,286.8228,389.6354,-99
9321535838,285.6096,391.0672,-99
9321569171,283.434,393.2054,-99
9321602504,281.1,394.6184,-99
9321635837,280.0821,396.3224,-99
9321669170,278.3566,398.0606,-99
9321702503,276.1793,399.0307,-99
9321735836,273.8052,399.9202,-99
9321769169,272.4738,400.0691,-99
9321802502,269.774,399.8082,-99
9321835835,268.0716,399.2794,-99
9321869168,266.4643,397.2786,-99
9321902501,265.5653,396.095,-99
9321935834,262.8386,394.6241,-99
9321969167,261.2436,392.8642,-99
9322002500,259.6485,391.6651,-99
9322035833,256.7543,390.4112,-99
9322069166,255.358,388.7685,-99
9322102499,253.4965,387.7092,-99
9322135832,251.9549,385.9644,-99
9322169165,251.2695,383.7929,-99
9322202498,249.0928,382.0524,-99
9322235831,249.4675,379.7725,-99
9322269164,249.1262,378.301,-99
9322302497,249.6567,376.97,-99
9322335830,249.1744,376.3,-99
9322369163,248.4349,375.6324,-99
9322402496,249.3349,376.2995,-99
9322435829,249.9714,376.9481,-99
9322469162,250.1333,376.7846,-99
9322502495,248.87,375.8575,-99
9322535828,249.059,375.059,-99
9322569161,249.202,374.5959,-99
9322602494,247.578,373.0642,-99
9322635827,246.5594,371.6853,-99
9322669160,246.6136,370.1977,-99
9322702493,246.1739,369.7848,-99
9322735826,245.2118,369.8821,-99
9322769159,243.4783,369.6862,-99
9322802492,240.9786,369.7902,-99
9322835825,237.8396,369.0571,-99
9322869158,234.403,368.6099,-99
9322902491,231.6231,367.6231,-99
9322935824,228.0629,367.4539,-99
9322969157,226.5614,368.2406,-99
9323002490,224.638,367.9646,-99
9323035823,222.9003,366.6667,-99
9323077955,222.0273,364.5757,-99
9323111288,220.3902,362.6253,-99
9323144621,220.1044,360.0966,-99
9323177954,219.1779,357.6611,-99
9323211287,217.3918,356.0747,-99
9323244620,215.1348,354.213,-99
9323277953,213.7193,353.2303,-99
9323311286,211.7074,353.262,-99
9323344619,210.2337,353.7101,-99
9323377952,210.1215,353.5445,-99
9323411285,208.8733,353.2217,-99
9323444618,210.2049,353.1506,-99
9323477951,211.8026,351.7436,-99
9323511284,211.575,350.645,-99
9323544617,212.1035,348.0714,-99
9323577950,210.7754,346.1915,-99
9323611283,211.1418,344.9375,-99
9323644616,211.1738,343.7786,-99
9323677949,211.3409,343.5884,-99
9323711282,211.6806,343.4361,-99
9323744615,212.2005,343.3438,-99
9323777948,211.8636,342.8396,-99
9323811281,212.0874,341.8612,-99
9323844614,212.1146,341.9271,-99
9323877947,211.7172,339.0598,-99
9323911280,211.9837,339.7011,-99
9323944613,211.7111,339.6667,-99
9323977946,212.0901,340.2535,-99
9324011279,211.9249,340.2823,-99
9324044612,210.727,339.1031,-99
9324077945,211.281,338.6481,-99
9324111278,210.6667,338.4807,-99
9324144611,210.7389,338.2298,-99
9324177944,209.8448,335.7213,-99
9324211277,211.2768,334.5212,-99
9324244610,211.1585,332.9754,-99
9324277943,212.3379,332.7778,-99
9324311276,213.3131,333.2451,-99
9324344609,213.4975,334.0123,-99
9324377942,214.3846,335.1322,-99
9324411275,213.3166,335.5627,-99
9324444608,212.4055,335.6948,-99
9324477941,210.991,335.7011,-99
9324511274,210.0315,336.1259,-99
9324544607,209.1109,335.7978,-99
9324577940,209.0802,335.441,-99
9324611273,209.2309,335.6614,-99
9324644606,210.0164,335.4543,-99
9324677939,210.3264,334.1723,-99
9324711272,211.7959,334.1705,-99
9324744605,211.5899,333.7494,-99
9324777938,212.4953,333.9766,-99
9324811271,211.8141,333.1341,-99
9324844604,211.0465,333.1744,-99
9324877937,209.3409,332.697,-99
9324911270,207.625,332.9184,-99
9324944603,207.2444,333.3284,-99
9324977936,205.8696,334.6164,-99
9325011269,206.8783,336.1376,-99
9325044602,206.5434,336.3699,-99
9325077935,207.6477,336.1193,-99
9325111268,206.4815,336.8319,-99
9325144601,207.1522,337.5827,-99
9325177934,208.6541,337.7541,-99
9325211267,207.8361,336.9889,-99
9325244600,208.6117,336.7989,-99
9325277933,209.2048,335.997,-99
9325311266,209.5415,335.0831,-99
9325344599,210.7735,334.0941,-99
9325377932,212.4894,333.8141,-99
9325411265,213.4228,333.4405,-99
9325444598,214.304,332.8543,-99
9325477931,214.1404,333.2734,-99
9325511264,214.7299,333.8589,-99
9325544597,214.4143,333.7809,-99
9325577930,214.2814,334.3492,-99
9325611263,213.5691,333.9268,-99
9325644596,213.1396,333.3173,-99
9325677929,213.5917,333.2176,-99
9325711262,213.9499,332.8045,-99
9325744595,213.8389,332.0077,-99
9325777928,212.9427,331.3568,-99
9325811261,211.7844,331.5481,-99
9325844594,211.2927,331.6856,-99
9325877927,210.0503,331.6313,-99
9325911260,209.4895,332.0895,-99
9325944593,209.4297,333.3581,-99
9325977926,209.4042,334.5984,-99
9326011259,208.9266,334.8757,-99
9326044592,209.4682,335.6243,-99
9326077925,209.136,335.9462,-99
9326111258,209.3589,335.7123,-99
9326144591,209.3101,335.6564,-99
9326177924,209.2467,335.3952,-99
9326211257,209.1751,334.9151,-99
9326244590,209.8466,334.8333,-99
9326277923,210.84,334.62,-99
9326311256,211.5659,334.5168,-99
9326344589,213.2647,333.1898,-99
9326377922,213.1473,331.8817,-99
9326410333,213.1199,332.542,-99
9326443666,213.5728,333.5243,-99
9326476999,214.5405,333.7095,-99
9326510332,214.1595,334.5976,-99
9326543665,214.4031,336.8036,-99
9326576998,212.9601,337.8005,-99
9326610331,212.4015,337.6478,-99
9326643664,212.3474,337.2316,-99
9326676997,211.9482,337.6049,-99
9326710330,212.9621,337.197,-99
9326743663,213.8667,337.1487,-99
9326776996,215.1494,336.4937,-99
9326810329,216.1622,335.2252,-99
9326843662,216.8936,334.4468,-99
9326876995,217.382,335.0657,-99
9326910328,217.5301,335.1855,-99
9326943661,217.2236,335.2933,-99
9326976994,216.6336,335.4208,-99
9327010327,216.4673,335.9252,-99
9327043660,216.1678,336.472,-99
9327076993,216.1399,336.3784,-99
9327110326,216.3263,336.2284,-99
9327143659,216.958,336.5058,-99
9327176992,217.7529,336.2188,-99
9327210325,218.5287,335.2643,-99
9327243658,218.6692,334.1679,-99
9327276991,218.9407,333.7802,-99
9327310324,217.841,333.1536,-99
9327343657,216.6331,331.9804,-99
9327376990,215.2697,331.8343,-99
9327410323,213.2712,331.9014,-99
9327443656,211.6619,332.3295,-99
9327476989,210.3246,333.4825,-99
9327510322,210.0556,334.9695,-99
9327543655,209.1019,335.7376,-99
9327576988,209.0029,336.4373,-99
9327610321,208.0895,336.6605,-99
9327643654,208.2235,336.0659,-99
9327676987,208.097,335.9892,-99
9327710320,207.6283,335.2932,-99
9327743653,207.8228,334.4339,-99
9327776986,207.7168,334,-99
9327810319,207.6783,333.9759,-99
9327843652,206.8772,333.133,-99
9327876985,206.7249,333.3779,-99
9327910318,205.5964,333.7266,-99
9327943651,204.4332,333.9706,-99
9327976984,203.109,334.4986,-99
9328010317,202.5995,335.3167,-99
9328043650,202.2725,336.2879,-99
9328079280,201.8947,336.8872,-99
9328112613,202.6667,338.4234,-99
9328145946,202.4118,339.3627,-99
9328179279,203.1525,340.6279,-99
9328212612,202.8714,342.0919,-99
9328245945,203.256,341.9413,-99
9328279278,203.5778,342.0976,-99
9328312611,203.5335,341.7179,-99
9328345944,204.2989,341.1799,-99
9328379277,205.1886,341.4935,-99
9328412610,205.9948,341.138,-99
9328445943,207.3626,339.7252,-99
9328479276,208.8154,337.9832,-99
9328512609,209.8382,337.5097,-99
9328545942,210.8132,338.0804,-99
9328579275,211.9043,338.7727,-99
9328612608,212.8552,339.2602,-99
9328645941,212.75,338.625,-99
9328679274,212.5281,339.773,-99
9328712607,211.9685,339.8921,-99
9328745940,211.7576,340.3515,-99
9328779273,211.0919,340.296,-99
9328812606,210.461,340.1091,-99
9328845939,209.4057,339.6009,-99
9328879272,208.8839,340.0667,-99
9328912605,208.1804,340.2717,-99
9328945938,207.3561,339.644,-99
9328979271,207.6561,338.9195,-99
9329012604,207.3615,338.2554,-99
9329045937,207.535,337.87,-99
9329079270,208.1598,337.3858,-99
9329112603,207.9977,337.3592,-99
9329145936,207.4659,337.2612,-99
9329179269,207.307,337.3669,-99
9329212602,207.1126,337.777,-99
9329245935,206.6515,338.798,-99
9329279268,206.9305,340.0214,-99
9329312601,205.9241,339.9607,-99
9329345934,206.1096,340.4027,-99
9329379267,205.8374,339.4742,-99
9329412600,207.5,338.5699,-99
9329445933,207.1244,337.3903,-99
9329479266,207.7359,336.325,-99
9329512599,208.2844,336.7995,-99
9329545932,208.7009,336.5794,-99
9329579265,208.8645,336.0345,-99
9329612598,208.9233,336.3357,-99
9329645931,209.3729,336.5345,-99
9329679264,209.6156,337.4364,-99
9329712597,210.0245,337.8174,-99
9329746649,209.6565,337.6898,-99
9329779982,209.596,338.0458,-99
9329813315,209.9703,338.9169,-99
9329846648,209.962,338.9503,-99
9329879981,209.6942,339.2202,-99
9329913314,210.4303,339.8242,-99
9329946647,210.0218,340.2087,-99
9329979980,210.466,340.5154,-99
9330013313,209.9055,340.9642,-99
9330046646,210.5485,341.485,-99
9330079979,211.7455,339.8494,-99
9330113312,211.4865,340.9039,-99
9330146645,212.2222,341.8857,-99
9330179978,212.5346,342.1887,-99
9330213311,214.4321,342.6821,-99
9330246644,215.3253,343.1416,-99
9330279977,215.9585,342.9224,-99
9330313310,216.3351,342.3615,-99
9330346643,217.1985,342.0754,-99
9330379976,217.8685,341.9107,-99
9330413309,218.3383,341.5298,-99
9330446642,219.3195,341.4536,-99
9330479975,220.5917,341.4792,-99
9330513308,221.9298,340.7675,-99
9330546641,222.1091,339.2234,-99
9330579974,221.2473,338.484,-99
9330613307,220.4792,339.0748,-99
9330646640,219.5722,339.5392,-99
9330679973,218.154,339.2714,-99
9330713306,217.0121,338.6578,-99
9330746639,215.6846,338.2692,-99
9330779972,213.8229,337.5486,-99
9330813305,213.0795,337.3886,-99
9330846638,212.7734,337.366,-99
9330879971,212.9631,336.7734,-99
9330913304,213.4189,337.8919,-99
9330946637,213.6342,336.6549,-99
9330979970,213.3927,335.0311,-99
9331013303,213.7288,335.1644,-99
9331046636,214.4825,335.1429,-99
9331079969,215.8325,334.8377,-99
9331113302,215.9574,333.955,-99
9331146635,216.5802,333.8753,-99
9331179968,215.7918,332.8789,-99
9331213301,215.8833,333.1751,-99
9331246634,215.0619,333.5644,-99
9331279967,215.5024,333.9689,-99
9331313300,214.5161,333.5457,-99
9331346633,213.4119,334.2729,-99
9331379966,212.957,335.6828,-99
9331418846,211.986,335.4888,-99
9331452179,211.4674,335.0435,-99
9331485512,210.8623,334.5143,-99
9331518845,211.4821,334.9697,-99
9331552178,212.0136,335.019,-99
9331585511,211.8351,334.018,-99
9331618844,212.3077,334.4191,-99
9331652177,212.6832,334.2727,-99
9331685510,212.3263,334.3713,-99
9331718843,211.8383,334.8625,-99
9331752176,212.5806,335.4462,-99
9331785509,211.5597,335.5146,-99
9331818842,211.8606,336.3298,-99
9331852175,210.8066,335.9237,-99
9331885508,210.6052,336.587,-99
9331918841,210.7367,336.5139,-99
9331952174,211.5499,336.9258,-99
9331985507,212.6684,336.3625,-99
9332018840,212.5687,334.7466,-99
9332052173,213.6099,333.8593,-99
9332085506,214.6524,333.7905,-99
9332118839,215.229,332.7252,-99
9332152172,215.7493,332.5813,-99
9332185505,215.3895,332.7764,-99
9332218838,215.394,333.5212,-99
9332252171,214.5515,333.6569,-99
9332285504,213.9775,334.215,-99
9332318837,213.3368,334.886,-99
9332352170,212.4395,334.571,-99
9332385503,212.6334,334.8356,-99
9332418836,212.2231,335.3517,-99
9332452169,211.6921,335.5831,-99
9332485502,212.3038,336.3307,-99
9332518835,211.2332,335.8238,-99
9332552168,211.8269,336.3075,-99
9332585501,211.2493,335.2438,-99
9332618834,213.0301,335.5355,-99
9332652167,213.7784,335.1513,-99
9332685500,215.0414,333.9805,-99
9332718833,216.403,334.0323,-99
9332752166,217.4807,333.9469,-99
9332785499,217.8622,334.6892,-99
9332818832,218.4563,334.75,-99
9332852165,218.3813,335.6591,-99
9332885498,217.9198,336.2647,-99
9332918831,218.2211,336.3868,-99
9332952164,220.0028,337.6989,-99
9332985497,221.0627,338.4469,-99
9333018830,223.2473,339.1538,-99
9333052163,225.2012,339.9876,-99
9333085496,226.8163,340.253,-99
9333118829,227.5762,340.1755,-99
9333152162,227.8323,341.0581,-99
9333185495,228.4377,342.0224,-99
9333218828,227.05,342.1344,-99
9333252161,226.7618,342.85,-99
9333285494,225.7219,343.5112,-99
9333318827,225.824,343.8827,-99
9333352160,224.9799,344.3216,-99
9333385493,226.543,343.2582,-99
9333418826,226.3753,342.5586,-99
9333452159,225.7019,343.664,-99
9333485492,225.137,343.516,-99
9333518825,225.8757,342.709,-99
9333552158,228.0055,342.724,-99
9333585491,227.7614,341.6929,-99
9333618824,226.6499,341.565,-99
9333652157,225.1818,341.4438,-99
9333685490,223.4665,341.7957,-99
9333718823,221.5208,342.6869,-99
9333752156,219.3791,342.6119,-99
9333785489,217.494,342.7199,-99
9333818822,215.3121,342.8364,-99
9333852155,212.5833,343.9321,-99
9333885488,210.3127,344.9705,-99
9333918821,208.1192,346.0698,-99
9333952154,205.0826,347.3776,-99
9333985487,203.5196,348.7281,-99
9334018820,201.2869,350.9574,-99
9334052153,200.7299,352.3448,-99
9334085486,199.3881,353.5702,-99
9334118819,198.5843,354.5785,-99
9334152152,198.1214,355.0983,-99
9334185485,198.4661,355.4336,-99
9334218818,197.6561,355.4595,-99
9334252151,198.361,356.341,-99
9334285484,198.7966,356.2407,-99
9334318817,199.4777,356.3324,-99
9334352150,199.4067,356.2047,-99
9334385483,199.3763,356.3384,-99
9334418816,198.5092,354.8963,-99
9334452149,198.9297,354.4871,-99
9334485482,200.2797,353.7916,-99
9334518815,201.4236,351.6783,-99
9334552148,202.5224,348.9683,-99
9334585481,203.9444,346.2415,-99
9334618814,204.6319,342.3588,-99
9334652147,204.679,339.2592,-99
9334685480,206.086,336.7744,-99
9334718813,206.7067,333.7909,-99
9334754475,204.891,330.4867,-99
9334787808,206.1726,329.5154,-99
9334821141,205.6734,328.0101,-99
9334854474,205.7056,326.4509,-99
9334887807,206.0644,326.1959,-99
9334921140,205.4407,325.2423,-99
9334954473,202.9842,324.1108,-99
9334987806,200.9284,324.2361,-99
9335021139,199.2967,324.601,-99
9335054472,197.7085,324.7086,-99
9335087805,196.4921,323.5131,-99
9335121138,195.5691,322.7507,-99
9335154471,195.4113,321.6265,-99
9335187804,195.0928,320.4671,-99
9335221137,194.2057,319.1693,-99
9335254470,194.3465,317.3404,-99
9335287803,193.8385,316.2019,-99
9335321136,192.2405,314.4703,-99
9335354469,192.5736,313.6186,-99
9335387802,191.8488,312.6482,-99
9335421135,190.8425,311.0184,-99
9335454468,190.5698,308.3634,-99
9335487801,189.2194,305.9719,-99
9335521134,189.8396,302.8145,-99
9335554467,188.93,301.4975,-99
9335587800,189.1973,299.1288,-99
9335621133,190.9681,298.8986,-99
9335654466,190.1511,295.5357,-99
9335687799,191.6364,294.3296,-99
9335721132,191.902,292.3091,-99
9335754465,191.772,289.7928,-99
9335787798,191.5897,288.1026,-99
9335821131,191.2812,285.3926,-99
9335854464,190.8847,282.7346,-99
9335887797,191.9343,280.4574,-99
9335921130,191.0714,278.7473,-99
9335954463,192.272,277.9011,-99
9335987796,192.2602,277.6633,-99
9336021129,191.8235,277.4652,-99
9336054462,191.9533,277.7418,-99
9336087795,191.1111,278.1034,-99
9336121128,190.4718,277.9923,-99
9336154461,189.9885,278.1787,-99
9336187794,190.4842,278.8682,-99
9336221127,190.0785,278.5145,-99
9336254460,189.9393,278.5145,-99
9336287793,189.6803,277.4476,-99
9336321126,189.0245,275.8419,-99
9336354459,187.6762,274.1031,-99
9336387792,186.1748,272.1702,-99
9336421125,183.9688,270.8958,-99
9336454458,182.6204,270.6178,-99
9336487791,180.6476,268.5619,-99
9336521124,178.5887,267.5862,-99
9336554457,177.0186,266.5491,-99
9336587790,177.1281,267.273,-99
9336621123,175.9794,265.0825,-99
9336654456,175.6467,263.8547,-99
9336687789,176.9581,262.3848,-99
9336721122,176.9179,260.3131,-99
9336754455,177.1776,257.7337,-99
9336787788,177.1134,255.2687,-99
9336821121,179.0962,253.1139,-99
9336854454,178.5266,249.9906,-99
9336887787,181.3297,249.4033,-99
9336921120,181.7645,247.907,-99
9336954453,182.125,245.1744,-99
9336987786,184.3046,244.2646,-99
9337021119,185.7132,240.783,-99
9337054452,185.1964,237,-99
9337087785,186.0875,235.7825,-99
9337121118,188.2643,235.7606,-99
9337154451,188.3165,234.1747,-99
9337187784,188.4872,232.4615,-99
9337221117,188.8954,232.126,-99
9337254450,188.8444,231.4975,-99
9337287783,188.7059,229.9231,-99
9337321116,188.3655,227.8616,-99
9337354449,188.6198,228.526,-99
9337387782,188.1037,225.7394,-99
9337421115,189.0199,224.8977,-99
9337454448,189.2359,221.7538,-99
9337487781,189.6573,220.1882,-99
9337521114,189.409,216.2718,-99
9337554447,190.4049,214.9827,-99
9337587780,189.7036,211.9149,-99
9337621113,189.9352,211.0224,-99
9337654446,189.1446,209.7855,-99
9337687779,188.9423,208.0131,-99
9337721112,188.5768,205.2857,-99
9337754445,189.2886,202.8955,-99
9337787778,190.1588,200.9441,-99
9337821111,191.5945,200.1861,-99
9337854444,193.7193,198.842,-99
9337887777,195.2414,197.931,-99
9337921110,196.1676,196.392,-99
9337954443,198.5363,194.1606,-99
9337987776,199.3468,192.4075,-99
9338021109,201.2708,190.0677,-99
9338054442,202.983,186.3325,-99
9338089150,204.6382,183.5128,-99
9338122483,206.066,181.7052,-99
9338155816,207.8198,181.1567,-99
9338189149,209.6276,180.5703,-99
9338222482,211.438,180.1488,-99
9338255815,212.6094,179.5781,-99
9338289148,213.1532,178.2702,-99
9338322481,214.5303,177.6966,-99
9338355814,213.639,174.2234,-99
9338389147,213.5725,172.956,-99
9338422480,211.0833,170.9722,-99
9338455813,209.8662,169.6313,-99
9338489146,210.1503,169.2488,-99
9338522479,209.1199,166.8992,-99
9338555812,209.4471,165.7163,-99
9338589145,209.2825,164.6925,-99
9338622478,209.6154,163.784,-99
9338655811,209.0441,164.2177,-99
9338689144,209.0199,162.0341,-99
9338722477,210.2411,162.337,-99
9338755810,210.3776,161.388,-99
9338789143,211.0592,160.1127,-99
9338822476,212.5121,158.5121,-99
9338855809,213.6694,157.7127,-99
9338889142,215.2669,157.132,-99
9338922475,217.0929,156.459,-99
9338955808,219.2507,154.5778,-99
9338989141,221.7278,154.6417,-99
9339022474,224.4875,153.7839,-99
9339055807,227.3973,153.4575,-99
9339089140,230.5013,151.6927,-99
9339122473,234.1153,149.7694,-99
9339155806,237.4833,149.4028,-99
9339189139,240.5571,149.625,-99
9339222472,243.7143,149.0397,-99
9339255805,245.7882,149.3137,-99
9339289138,247.5979,149.3571,-99
9339322471,248.9912,148.5689,-99
9339355804,250.2899,145.602,-99
9339389137,250.1158,144.1893,-99
9339422470,250.601,141.2444,-99
9339455803,249.7357,139.4093,-99
9339489136,249.0977,137.0902,-99
9339522469,248.5867,136.852,-99
9339555802,248.3566,133.4429,-99
9339589135,248.4015,133.0921,-99
9339622468,247.9431,132.5474,-99
9339655801,248.0886,130.8393,-99
9339689134,249.4639,129.8247,-99
9339722467,252.6231,129.8271,-99
9339755800,255.4878,128.9492,-99
9339789133,257.3212,128.9522,-99
9339822466,259.502,129.0292,-99
9339855799,259.2278,129.2779,-99
9339889132,260.6218,129.2552,-99
9339922465,261.3209,128.7163,-99
9339955798,263.0859,127.7507,-99
9339989131,265.8425,125.1365,-99
9340022464,268.5861,125.3278,-99
9340055797,270.4448,122.9724,-99
9340089130,272.8936,121.1596,-99
9340122463,275.2732,121.2997,-99
9340155796,277.377,121.3449,-99
9340189129,280.5312,121.1409,-99
9340222462,283.0898,121.7623,-99
9340255795,285.2195,122.4363,-99
9340289128,287.5028,123.7147,-99
9340322461,289.2901,123.8646,-99
9340355794,290.1967,124.1011,-99
9340389127,291.3956,123.6071,-99
9340422460,291.7763,123.4342,-99
9340455793,291.8874,122.4504,-99
9340489126,292.9189,121.7853,-99
9340522459,294.098,119.8266,-99
9340555792,294.1864,119.7909,-99
9340589125,294.9532,118.7714,-99
9340622458,296.2861,119.0562,-99
9340655791,298.1649,119.0497,-99
9340689124,300.2912,119.0077,-99
9340722457,302.1083,119.9547,-99
9340755790,304.103,120.0653,-99
9340789123,306.7101,120.1179,-99
9340822456,308.0561,119.7878,-99
9340855789,309.4068,119.3307,-99
9340889122,311.2665,118.4863,-99
9340922455,312.0709,117.9186,-99
9340955788,315.0089,118.4251,-99
9340989121,316.4301,118.1892,-99
9341022454,318.2406,117.4868,-99
9341055787,321.4762,116.8895,-99
9341089120,322.9395,116.8466,-99
9341122453,323.8825,115.0825,-99
9341155786,326.6495,115.9356,-99
9341189119,329.3308,116.8308,-99
9341222452,331.7066,117.7449,-99
9341255785,334.1667,118.9454,-99
9341289118,335.3862,120.9074,-99
9341322451,335.5052,123.1321,-99
9341355784,338.0572,123.1907,-99
9341389117,338.9126,124.1721,-99
9341423137,339.86,124.5518,-99
9341456470,341.5931,124.2665,-99
9341489803,343.8501,122.9946,-99
9341523136,345.3907,121.7327,-99
9341556469,346.4027,121.173,-99
9341589802,348.5614,119.0482,-99
9341623135,349.5773,118.8093,-99
9341656468,350.5963,118.6417,-99
9341689801,350.8831,118.3209,-99
9341723134,351.4424,119.0307,-99
9341756467,353.1522,119.6535,-99
9341789800,354.6978,121.2152,-99
9341823133,356.7386,120.9654,-99
9341856466,359.1501,121.545,-99
9341889799,360.4596,121.7766,-99
9341923132,363.258,121.7356,-99
9341956465,366.0122,122.8717,-99
9341989798,367.7222,123.7205,-99
9342023131,370.8265,124.8569,-99
9342056464,373.0222,125.8379,-99
9342089797,374.1417,126.3036,-99
9342123130,375.9282,126.3254,-99
9342156463,379.0345,128.1804,-99
9342189796,381.9326,130.2021,-99
9342223129,383.9893,132.1016,-99
9342256462,385.0367,134.2486,-99
9342289795,386.1598,135.7934,-99
9342323128,387.1433,136.2665,-99
9342356461,386.2422,137.1183,-99
9342389794,388.3892,136.5199,-99
9342423127,389.8289,136.587,-99
9342456460,391.6704,135.5698,-99
9342489793,392.7493,134.5014,-99
9342523126,393.5898,134.5594,-99
9342556459,394.3353,133.6374,-99
9342589792,394.7749,134.0578,-99
9342623125,394.4805,133.677,-99
9342656458,395.6276,134.5144,-99
9342689791,394.9329,133.952,-99
9342723124,394.5542,134.6605,-99
9342756457,394.3622,135.6933,-99
9342789790,395.435,136.9939,-99
9342823123,396.3558,137.7874,-99
9342856456,396.3039,138.5147,-99
9342889789,395.7176,139.4715,-99
9342923122,394.4043,140.5526,-99
9342956455,393.3729,141.9227,-99
9342989788,393.3765,142.9006,-99
9343023121,393.9038,143.5192,-99
9343056454,393.3307,143.0108,-99
9343089787,392.1425,140.39,-99
9343123120,392.2,139.32,-99
9343156453,391.9267,139.4289,-99
9343189786,391.1046,138.5139,-99
9343223119,391.8868,138.7694,-99
9343256452,391.4344,138.0697,-99
9343289785,391.5615,138.4922,-99
9343323118,391.6365,139.2731,-99
9343356451,391.5984,139.4537,-99
9343389784,391.7354,140.2977,-99
9343423117,390.7088,140.5402,-99
9343456450,391.0095,140.4518,-99
9343489783,392.112,142.0702,-99
9343523116,392.2026,143.5647,-99
9343556449,391.802,145.1784,-99
9343589782,391.8373,147.3615,-99
9343623115,391.1024,148.6837,-99
9343656448,390.7023,150.7767,-99
9343689781,388.8717,150.5327,-99
9343723114,389.8689,153.383,-99
9343756447,391.6544,155.5092,-99
9343789780,392.9436,156.7083,-99
9343823113,394.4421,157.3866,-99
9343856446,395.2274,157.9536,-99
9343889779,396.817,157.9273,-99
9343923112,397.9554,157.3123,-99
9343956445,400.0055,157.7984,-99
9343989778,401.377,157.5574,-99
9344023111,403.5838,157.6623,-99
9344056444,404.875,157.7853,-99
9344089777,405.7732,158.0722,-99
9344123110,407.6414,160.0861,-99
9344156443,407.8764,160.6578,-99
9344189776,407.0025,159.6328,-99
9344223109,407.9799,161.9223,-99
9344256442,407.3021,162.7219,-99
9344289775,407.5794,165.1508,-99
9344323108,408.8544,167.4808,-99
9344356441,409.9348,170.1103,-99
9344389774,410.9275,171.3938,-99
9344423107,412.4336,171.8872,-99
9344456440,412.9091,171.7558,-99
9344489773,412.4811,170.7541,-99
9344523106,413.0878,171.0935,-99
9344556439,412.9385,170.9581,-99
9344589772,414.1132,170.4259,-99
9344623105,415.2331,171.3577,-99
9344656438,416.6054,172.3,-99
9344689771,418.6885,173.055,-99
9344723104,421.2213,173.1284,-99
9344764313,423.3918,173.201,-99
9344797646,425.5311,173.3705,-99
9344830979,428.5189,173.8459,-99
9344864312,430.2054,174.5757,-99
9344897645,432.7609,175.6766,-99
9344930978,434.4392,175.7685,-99
9344964311,434.4057,174.8286,-99
9344997644,433.7449,175.5867,-99
9345030977,433.6864,177.318,-99
9345064310,432.7535,178.8867,-99
9345097643,431.6118,180.3294,-99
9345130976,430.9196,182.0603,-99
9345164309,426.8113,178.8906,-99
9345197642,425.1477,181.5021,-99
9345230975,428.7953,181.7719,-99
9345264308,431.5044,186.7522,-99
9345297641,436,192.0816,-99
9345330974,435.8147,192.7845,-99
9345364307,437.9575,192.8596,-99
9345397640,438.4417,194.6583,-99
9345430973,439.0933,194.119,-99
9345464306,439.3613,195.1355,-99
9345497639,439.0118,197.2294,-99
9345530972,441.2648,198.7632,-99
9345564305,443.1791,199.7459,-99
9345597638,443.1355,201.1446,-99
9345630971,443.7692,201.4093,-99
9345664304,445.8699,201.5691,-99
9345697637,447.74,201.2654,-99
9345730970,448.0956,201.1366,-99
9345764303,448.9171,201.4006,-99
9345797636,449.8703,201.9405,-99
9345830969,450.6764,202.4665,-99
9345864302,451.615,203.6177,-99
9345897635,452.264,206.0084,-99
9345930968,453.0115,210.2192,-99
9345964301,456.6,214.4683,-99
9345997634,459.4971,214.7778,-99
9346030967,463.5197,214.4331,-99
9346064300,463.7698,216.6691,-99
9346097633,464.0222,219.0741,-99
9346130966,463.7786,220.3053,-99
9346164299,462.9077,222.1,-99
9346197632,461.2302,223.9286,-99
9346230965,454.6422,227.5963,-99
9346264298,456.2143,228.9167,-99
9346297631,457.6299,229.0519,-99
9346330964,453.4963,227.6194,-99
9346364297,454.0751,228.1127,-99
9346397630,455.6667,229.4444,-99
9346430963,457.037,230.4048,-99
9346464296,458.5134,230.5,-99
9346497629,459.3855,230.3391,-99
9346530962,459.2158,231.0091,-99
9346564295,459.5714,231.628,-99
9346597628,459.4454,232.1799,-99
9346630961,458.8836,232.6627,-99
9346664294,456.62,233.4057,-99
9346697627,457.7188,233.7508,-99
9346730960,454.3525,233.4604,-99
9346764293,451.2792,237.283,-99
9346797626,451.1636,240.1346,-99
9346830959,449.6643,241.1464,-99
9346864292,448.4958,240.5847,-99
9346897625,453.6415,242.5314,-99
9346930958,455.7304,243.8276,-99
9346964291,457.133,242.1717,-99
9346997624,456.7091,243.3053,-99
9347030957,455.4648,244.8163,-99
9347064290,456.381,243.2157,-99
9347097623,455.7243,244.5865,-99
9347130956,455.689,245.7413,-99
9347164289,455.0231,245.5462,-99
9347197622,455.3699,246.8725,-99
9347230955,455.4453,248.4714,-99
9347264288,455.7953,250.1321,-99
9347297621,456.4719,250.7051,-99
9347330954,457.9974,250.3351,-99
9347364287,459.3684,250.3684,-99
9347397620,458.762,250.1711,-99
9347430953,459.0942,250.8061,-99
9347464286,459.5768,251.8435,-99
9347497619,458.6914,251.7893,-99
9347530952,459.6582,252.193,-99
9347564285,458.7628,252.2771,-99
9347597618,459.5104,252.5194,-99
9347630951,459.7677,253.255,-99
9347664284,459.9597,254.6747,-99
9347697617,459.7262,254.9885,-99
9347730950,459.4065,255.7534,-99
9347764283,458.1932,258.7754,-99
9347797616,458.7273,257.8512,-99
9347830949,458.7147,259.1921,-99
9347864282,458.7829,260.9114,-99
9347897615,458.9588,262.5494,-99
9347930948,459.2126,264.7242,-99
9347964281,458.7606,266.0479,-99
9347997614,458.3381,268.0114,-99
9348030947,457.5694,269.6176,-99
9348064280,455.2613,272.2095,-99
9348103192,453.9691,273.5534,-99
9348136525,453.9474,273.108,-99
9348169858,452.9804,272.9665,-99
9348203191,452.1152,273.5534,-99
9348236524,450.2797,273.743,-99
9348269857,450.3841,273.927,-99
9348303190,449.2149,274.0358,-99
9348336523,449.8581,274.8317,-99
9348369856,449.9381,275.2671,-99
9348403189,449.003,274.7851,-99
9348436522,448.8024,274.1946,-99
9348469855,448.7988,273.7087,-99
9348503188,449.6079,273.6383,-99
9348536521,449.5894,272.9404,-99
9348569854,449.12,273.6182,-99
9348603187,447.3262,272.4163,-99
9348636520,445.3782,270.6684,-99
9348669853,443.6071,271.1571,-99
9348703186,442.1549,272.1549,-99
9348736519,443.4641,273.7516,-99
9348769852,447.3401,275.9746,-99
9348803185,450.3633,279.5385,-99
9348836518,454.3127,283.6461,-99
9348869851,454.5731,284.3134,-99
9348903184,456.3628,284.2165,-99
9348936517,456.7221,285.1792,-99
9348969850,455.9979,286.9555,-99
9349003183,456.0417,287.3486,-99
9349036516,456.0952,287.6087,-99
9349069849,455.8687,288.3071,-99
9349103182,455.458,288.638,-99
9349136515,455.7163,288.756,-99
9349169848,457.3796,288.3167,-99
9349203181,457.3926,287.552,-99
9349236514,456.4253,287.4098,-99
9349269847,452.7165,290.5402,-99
9349303180,452.5033,290.3459,-99
9349336513,452.2673,289.6982,-99
9349369846,452.2647,290.3912,-99
9349403179,452.518,290.2425,-99
9349436512,454.1784,292.0808,-99
9349469845,452.7853,292.2412,-99
9349503178,451.2933,292.1145,-99
9349536511,451.2506,293.0757,-99
9349569844,450.6254,295.3972,-99
9349603177,449.6033,296.5897,-99
9349636510,447.5674,297.5547,-99
9349669843,446.0526,299.5407,-99
9349703176,444.5235,300.9358,-99
9349736509,443.2632,302.0752,-99
9349772139,442.4036,302.8756,-99
9349805472,442.3011,304.5939,-99
9349838805,442.0489,307.1466,-99
9349872138,441.9627,309.0203,-99
9349905471,441.462,309.3267,-99
9349938804,441.7258,310.3516,-99
9349972137,440.7042,310.1606,-99
9350005470,440.4613,311.3988,-99
9350038803,440.2663,312.5435,-99
9350072136,441.2192,314.4603,-99
9350105469,441.7368,315.7711,-99
9350138802,443.6983,317.4598,-99
9350172135,446.0031,319.3823,-99
9350205468,448.5301,320.2951,-99
9350238801,451.4125,322.1656,-99
9350272134,451.9083,322.9599,-99
9350305467,453.2219,324.1406,-99
9350338800,453.4266,324.9829,-99
9350372133,445.9765,324.2118,-99
9350405466,448.0819,328.3626,-99
9350438799,449.9618,329.2673,-99
9350472132,450.5851,328.7367,-99
9350505465,451.1306,324.0531,-99
9350538798,447.5475,321.6496,-99
9350572131,456.8065,325.5054,-99
9350605464,462.6889,328.1444,-99
9350638797,466.8255,327.2891,-99
9350672130,469.5604,326.8497,-99
9350705463,473.2261,325.3342,-99
9350738796,477.5664,323.7343,-99
9350772129,481.2624,321.279,-99
9350805462,484.7583,318.714,-99
9350838795,488.5845,317.7629,-99
9350872128,494.5948,314.9339,-99
9350905461,496.6988,312.3012,-99
9350938794,498.5445,310.6028,-99
9350972127,499.9019,308.2669,-99
9351005460,497.8979,307.5765,-99
9351038793,501.4158,304.231,-99
9351072126,502.3776,305.3135,-99
9351105459,500.9347,305.1036,-99
9351138792,497.9564,305.9979,-99
9351172125,493.6164,307.0582,-99
9351205458,487.3389,308.5403,-99
9351238791,480.3889,312.5724,-99
9351272124,474.4442,315.6786,-99
9351305457,467.0151,319.2835,-99
9351338790,460.2402,322.4969,-99
9351372123,453.6965,326.0509,-99
9351405456,449.2667,326.5547,-99
9351438789,445.7585,330.8,-99
9351472122,442.3075,331.8243,-99
9351505455,441.3098,333.267,-99
9351538788,440.0511,333.5349,-99
9351572121,437.9003,333.8951,-99
9351605454,436.0756,333.0415,-99
9351638787,435.4375,332.2228,-99
9351672120,434.2242,331.3955,-99
9351705453,433.4716,331.0335,-99
9351738786,434.5123,332.1422,-99
9351772119,434.8444,333.5536,-99
9351805452,435.5872,335.2487,-99
9351838785,438.2968,336.8271,-99
9351872118,442.2384,338.4157,-99
9351905451,446.0786,338.1541,-99
9351938784,453.696,338.8953,-99
9351972117,459.023,336.9119,-99
9352005450,462.0257,333.6544,-99
9352038783,466.5054,330.2151,-99
9352072116,472.44,327.4489,-99
9352105449,477.9969,323.5217,-99
9352138782,486.5193,317.793,-99
9352172115,491.2758,311.279,-99
9352205448,494.1685,306.2487,-99
9352238781,499.3274,301.7847,-99
9352272114,503.1514,297.8107,-99
9352305447,503.5785,295.8017,-99
9352338780,505.3854,293.4186,-99
9352372113,506.8265,291.4984,-99
9352405446,505.2933,292.68,-99
9352438779,508.4481,291.8329,-99
9352472112,509.3326,291.6101,-99
9352505445,508.9554,292.0235,-99
9352538778,508.6499,291.6682,-99
9352572111,508.2517,291.5189,-99
9352605444,507.771,292.1021,-99
9352638777,507.8603,292.0466,-99
9352672110,507.3793,292.515,-99
9352705443,506.8943,291.9257,-99
9352738776,506.6464,292.0856,-99
9352772109,506.2884,293.2561,-99
9352805442,506.2941,293.403,-99
9352838775,505.5628,294.623,-99
9352872108,504.1671,295.7187,-99
9352905441,497.557,299.1899,-99
9352938774,495.2257,299.7213,-99
9352972107,497.9924,300.6553,-99
9353005440,498.3811,301.5668,-99
9353038773,498.3554,302.3137,-99
9353072106,497.148,303.5766,-99
10104325970,497.3643,303.6537,-99
10104359303,495.6815,303.6321,-99
10104392636,494.8993,304.206,-99
10104425969,494.442,304.2165,-99
10104459302,495.1108,303.5035,-99
10104492635,495.4845,303.3031,-99
10104525968,496.1586,302.7048,-99
10104559301,496.9704,301.5708,-99
10104592634,497.2341,301.291,-99
10104625967,499.7815,300.1363,-99
10104659300,502.9337,299.1924,-99
10104692633,503.9146,299.8671,-99
10104725966,502.0489,300.9023,-99
10104759299,498.2763,300.7807,-99
10104792632,498.2586,299.819,-99
10104825965,498.3333,299.4675,-99
10104859298,500.6953,298.6652,-99
10104892631,503.6075,297.9283,-99
10104925964,504.4212,297.2192,-99
10104959297,505.0518,297.3625,-99
10104992630,505.8256,296.1673,-99
10105025963,505.782,295.6782,-99
10105059296,505.9803,295.5967,-99
10105092629,505.974,295.4805,-99
10105125962,505.9085,295.9527,-99
10105159295,506.032,295.7253,-99
10105192628,506.1296,296.3364,-99
10105225961,506.2471,296.0669,-99
10105259294,505.9159,296.1261,-99
10105292627,505.2712,296.2848,-99
10105325960,504.8696,297.0145,-99
10105359293,504.2158,298.223,-99
10105392626,503.3502,298.5379,-99
10105425959,503.6729,298.5047,-99
10105459292,499.8754,299.0346,-99
10105492625,494.6996,300.5695,-99
10105525958,494.3395,302.0698,-99
10105559291,499.6018,301.9661,-99
10105592624,499.0107,300.4415,-99
10105625957,498.5485,300.2354,-99
10105659290,498.7341,301.1178,-99
10105692623,498.4164,300.6565,-99
10105725956,498.0891,301.2295,-99
10105759289,499.7051,301.4904,-99
10105792622,500.9746,302.1352,-99
10105825955,502.5397,302.7318,-99
10105859288,502.518,301.6467,-99
10105892621,501.5858,301.1397,-99
10105925954,501.5963,301.7246,-99
10105959287,501.4015,301.6591,-99
10106012060,501.1302,302.1163,-99
10106045393,500.7487,302.4051,-99
10106078726,500.7665,302.9066,-99
10106112059,502.9006,302.3133,-99
10106145392,503.0031,301.8537,-99
10106178725,503.2658,301.8165,-99
10106212058,502.4278,301.7917,-99
10106245391,502.8613,301.8728,-99
10106278724,503.8979,301.3393,-99
10106312057,502.5462,301.7081,-99
10106345390,502.2997,301.6625,-99
10106378723,501.4726,301.7562,-99
10106412056,502.7024,301.6354,-99
10106445389,501.6862,301.8852,-99
10106478722,500.7587,301.7562,-99
10106512055,499.2465,300.7983,-99
10106545388,497.3764,301.8448,-99
10106578721,498.3464,305.3976,-99
10106612054,494.4602,307.8555,-99
10106645387,489.0803,309.0617,-99
10106678720,486.6909,308.9673,-99
10106712053,482.2589,309.6101,-99
10106745386,477.9695,311.8346,-99
10106778719,473.2615,313.5615,-99
10106812052,467.5437,314.8962,-99
10106845385,462.3105,315.6638,-99
10106878718,457.4135,318.226,-99
10106912051,453.6779,320.1352,-99
10106945384,450.6245,319.7838,-99
10106978717,447.8902,321.4531,-99
10107012050,443.4564,321.882,-99
10107045383,444.3299,318.6529,-99
10107078716,446.0794,321.6618,-99
10107112049,446.1326,321.5072,-99
10107145382,442.5546,322.2247,-99
10107178715,441.5224,322.7593,-99
10107212048,440.0567,323.0924,-99
10107245381,438.336,324.3502,-99
10107278714,329.9975,182.3125,-99
10107312047,336.1175,174.8057,-99
10107345380,340.6408,169.8393,-99
10107378713,344.9002,162.5277,-99
10107412046,348.7016,157.4607,-99
10107445379,352.7566,150.4441,-99
10107478712,358.5916,132.2977,-99
10107512045,360.1784,132.4535,-99
10107545378,361,132.1479,-99
10107578711,362.8,130.8297,-99
10107612044,364.9207,130.0673,-99
10107645377,365.4588,127.9529,-99
10107679398,366.1446,127.2523,-99
10107712731,365.8793,126.7979,-99
10107746064,364.2896,125.1793,-99
10107779397,363.8191,127.2568,-99
10107812730,364.0776,128.2329,-99
10107846063,363.8358,130.7158,-99
10107879396,362.5704,155.6796,-99
10107912729,358.5102,187.8841,-99
10107946062,357.3647,201.0037,-99
10107979395,356.473,203.4393,-99
10108012728,357.1914,197.5376,-99
10108046061,363.8686,170.0665,-99
10108079394,373.7343,138.8306,-99
10108112727,377.4016,137.5396,-99
10108146060,379.3554,139.4458,-99
10108179393,380.8045,141.3496,-99
10108212726,381.0141,142.798,-99
10108246059,381.4511,143.2786,-99
10108279392,378.6878,143.7762,-99
10108312725,377.1033,144.8893,-99
10108346058,384.0242,145.1169,-99
10108379391,389.3206,142.5992,-99
10108412724,389.2205,139.4646,-99
10108446057,387.6124,137.6693,-99
10108479390,389.331,138.1216,-99
10108512723,390.5533,136.4427,-99
10108546056,391.737,134.0054,-99
10108579389,392.3327,133.7132,-99
10108612722,380.2478,163.3907,-99
10108646055,356.4494,219.1654,-99
10108679388,337.8272,247.4529,-99
10108712721,331.5279,245.594,-99
10108746054,325.4625,243.1167,-99
10108779387,317.0177,244.5135,-99
10108812720,306.8555,248.2494,-99
10108846053,300.2445,246.2118,-99
10108879386,294.0205,244.5912,-99
10108912719,295.239,236.0737,-99
10108946052,294.6622,232.7694,-99
10108979385,290.8337,235.5911,-99
10109012718,290.4129,234.7298,-99
10109046051,334.0448,188.9627,-99
10109079384,389.4077,133.3922,-99
10109112717,390.6451,131.8147,-99
10109146050,392.7901,132.7006,-99
10109179383,394.0677,132.25,-99
10109212716,393.9543,131.0394,-99
10109246049,392.9693,131.1583,-99
10109279382,392.1785,131.059,-99
10109312715,390.3916,130.4985,-99
10109350908,387.2931,128.2319,-99
10109384241,386.6373,129.6423,-99
10109417574,384.5776,129.0417,-99
10109450907,383.2841,128.1526,-99
10109484240,381.4066,127.7377,-99
10109517573,382.1914,128.4984,-99
10109550906,381.5684,128.3126,-99
10109584239,380.9056,125.4189,-99
10109617572,381.881,129.9286,-99
10109650905,383.1142,134.4476,-99
10109684238,385.3604,139.477,-99
10109717571,386.9128,143.3054,-99
10109750904,387.6917,147.3405,-99
10109784237,387,150.729,-99
10109817570,386.2634,150.78,-99
10109850903,385.4801,150.9789,-99
10109884236,385.4604,148.8393,-99
10109917569,384.9118,147.7962,-99
10109950902,384.5741,146.9362,-99
10109984235,384.2204,143.6537,-99
10110017568,383.3314,142.7837,-99
10110050901,383.2462,141.6431,-99
10110084234,384.1266,141.0659,-99
10110117567,384.3432,140.5788,-99
10110150900,383.958,139.854,-99
10110184233,384.1699,139.569,-99
10110217566,384.2903,139.9245,-99
10110250899,384.3781,139.1366,-99
10110284232,384.5955,139.1786,-99
10110317565,384.9081,138.3747,-99
10110350898,384.1991,138.0116,-99
10110384231,384.5539,140.3488,-99
10110417564,384.3162,140.4497,-99
10110450897,383.7657,140.5009,-99
10110484230,382.2045,138.1411,-99
10110517563,382.2797,137.5594,-99
10110550896,380.9939,136.4397,-99
10110584229,381.3235,134.5641,-99
10110617562,381.1367,135.1142,-99
10110650895,381.5863,138.2872,-99
10110684228,381.7648,141.0634,-99
10110717561,380.5858,147.8998,-99
10110750894,377.7624,154.6139,-99
10110784227,373.6667,158.7935,-99
10110817560,369.0241,160.4578,-99
10110850893,364.429,160.3649,-99
10110884226,360.7176,159.4606,-99
10110917559,356.541,159.1288,-99
10110950892,352.7783,159.1824,-99
10110984225,349.4439,159.222,-99
10111018246,345.5692,160.1934,-99
10111051579,341.3571,161.9355,-99
10111084912,338.0216,163.1966,-99
10111118245,335.2603,164.1095,-99
10111151578,333.5093,164.9953,-99
10111184911,331.4784,165.2278,-99
10111218244,329.2074,164.4585,-99
10111251577,327.5922,162.7765,-99
10111284910,325.7524,161.7981,-99
10111318243,323.8458,161.9729,-99
10111351576,322.3892,161.1015,-99
10111384909,322.6362,160.8191,-99
10111418242,323.4245,160.8184,-99
10111451575,324.6853,160.7495,-99
10111484908,326.5072,161.2147,-99
10111518241,328.4289,161.419,-99
10111551574,329.3958,160.7685,-99
10111584907,330.0304,162.2761,-99
10111618240,331.216,162.5568,-99
10111651573,332.5354,162.3208,-99
10111684906,333.3177,161.8358,-99
10111718239,333.558,161.6925,-99
10111751572,334.6716,160.5202,-99
10111784905,336.0962,160.3368,-99
10111818238,337.4008,160.597,-99
10111851571,339.6483,158.6339,-99
10111884904,342.5624,157.8733,-99
10111918237,343.735,158.0889,-99
10111951570,346.1124,157.2461,-99
10111984903,347.6415,157.655,-99
10112018236,348.4234,158.9617,-99
10112051569,347.8022,160.4152,-99
10112084902,347.4644,160.9471,-99
10112118235,346.7978,161.4396,-99
10112151568,345.8186,160.6793,-99
10112184901,344,159.2344,-99
10112218234,342.2554,157.7701,-99
10112251567,341.3601,156.4736,-99
10112284900,339.2704,155.0852,-99
10112318233,338.1761,154.3132,-99
10112351566,336.6581,154.4779,-99
10112384899,334.9494,155.3779,-99
10112418232,334.021,155.9924,-99
10112451565,333.8625,156.7125,-99
10112484898,332.8025,158.9231,-99
10112518231,331.2827,160.8961,-99
10112551564,329.2647,161.3004,-99
10112584897,327.7117,161.1712,-99
10112618230,323.4,159.5553,-99
10112651563,322.3897,157.615,-99
10112687225,317.0191,156.0955,-99
10112720558,313.7728,153.2383,-99
10112753891,310.9117,151.7903,-99
10112787224,308.4852,148.7797,-99
10112820557,307.8337,147.5227,-99
10112853890,306.4442,145.676,-99
10112887223,305.1538,144.0567,-99
10112920556,304.5166,142.3672,-99
10112953889,301.6434,140.3934,-99
10112987222,301.7137,139.6117,-99
10113020555,299.6444,137.9717,-99
10113053888,298.7406,137.8495,-99
10113087221,297.1358,137.8457,-99
10113120554,296.3139,138.3461,-99
10113153887,295.5776,138.0663,-99
10113187220,294.541,137.8863,-99
10113220553,293.3912,137.4874,-99
10113253886,292.1268,136.9816,-99
10113287219,290.9796,134.9693,-99
10113320552,289.8367,134.3629,-99
10113353885,288.875,131.6824,-99
10113387218,289.6667,130.7051,-99
10113420551,289.5,128.6062,-99
10113453884,288.9664,126.5772,-99
10113487217,288.1413,124.313,-99
10113520550,286.8873,121.8729,-99
10113553883,286.5578,120.1318,-99
10113587216,285.355,117.7294,-99
10113620549,285.451,115.7469,-99
10113653882,285.1882,112.907,-99
10113687215,284.2,111.517,-99
10113720548,282.8271,108.5617,-99
10113753881,282.195,105.6224,-99
10113787214,281.7444,102.8884,-99
10113820547,283.1163,100.4362,-99
10113853880,283.5176,99.65882,-99
10113887213,282.3068,97.27291,-99
10113920546,282.3516,93.42145,-99
10113953879,278.8924,93.87926,-99
10113987212,277.5636,95.96532,-99
10114020545,275.4927,95.59466,-99
10114053878,275.2978,96.44417,-99
10114087211,276.2034,95.24152,-99
10114120544,274.7296,94.21272,-99
10114153877,273.0224,96.2349,-99
10114187210,271.1943,98.90759,-99
10114220543,268.7567,102.1043,-99
10114253876,266.2985,106.6209,-99
10114287209,262.2264,109.1368,-99
10114320542,259.4527,110.995,-99
10114353875,258.3416,112.1683,-99
10114387208,255.418,115.7109,-99
10114420541,253.2381,117.6102,-99
10114453874,251.4449,118.5607,-99
10114487207,248.6367,119.6617,-99
10114520540,245.0393,121.3623,-99
10114553873,243.6852,124.4278,-99
10114587206,241.514,128.1682,-99
10114620539,239.6018,132.1369,-99
10114653872,237.0439,135.8611,-99
10114687205,235.2799,139.9153,-99
10114720538,233.3778,142.963,-99
10114753871,232.2592,145.921,-99
10114787204,232.3511,148.284,-99
10114820537,234.4292,149.1953,-99
10114853870,235.3129,148.4898,-99
10114887203,236.9077,147.8491,-99
10114920536,239.1736,148.5424,-99
10114953869,240.7419,148.6371,-99
10114987202,242.7576,147.6023,-99
10115020535,246.536,145.7068,-99
10115053868,249.3178,144.7384,-99
10115087201,250.9545,144.4361,-99
10115120534,250.9571,144.9463,-99
10115153867,250.2481,146.3209,-99
10115187200,248.7473,148.8545,-99
10115220533,248.9337,150.8845,-99
10115253866,250.6343,152.7727,-99
10115287199,251.5,152.0879,-99
10115320532,253.2618,153.2319,-99
10115353865,254.0588,152.2892,-99
10115387198,254.3866,150.1933,-99
10115420531,254.5247,148.8588,-99
10115453864,253.4967,147.2945,-99
10115487197,253.3748,148.2345,-99
10115520530,254.0916,147.7536,-99
10115553863,254.6203,147.0353,-99
10115587196,255.0877,146.1303,-99
10115620529,256.5797,147.261,-99
10115653862,256.8894,148.5288,-99
10115687195,256.4546,149.9175,-99
10115720528,257.4077,150.6065,-99
10115753861,257.7354,150.7918,-99
10115787194,258.3362,150.2574,-99
10115820527,259.3044,148.4203,-99
10115853860,262.2588,146.9723,-99
10115887193,264.35,145.3383,-99
10115920526,265.15,143.6828,-99
10115953859,264.8306,143.098,-99
10115987192,263.0544,143.0016,-99
10116019603,261.9532,143.4055,-99
10116052936,262.8071,144.7805,-99
10116086269,264.0529,146.6229,-99
10116119602,265.1392,149.0495,-99
10116152935,266.0945,150.6352,-99
10116186268,267.0229,151.179,-99
10116219601,268.6383,150.5474,-99
10116252934,269.7718,149.5803,-99
10116286267,272.3104,148.5458,-99
10116319600,274.877,147.8246,-99
10116352933,277.6125,147.5166,-99
10116386266,281.947,149.9015,-99
10116419599,286.8546,151.8664,-99
10116452932,292.0639,153.5662,-99
10116486265,297.9746,156.3731,-99
10116519598,303.9901,160.0223,-99
10116552931,311.2301,162.5015,-99
10116586264,318.6098,165.0698,-99
10116619597,326.0221,166.8505,-99
10116652930,334.013,166.974,-99
10116686263,342.8699,166.0502,-99
10116719596,351.2048,164.2286,-99
10116752929,359.2473,161.0086,-99
10116786262,366.6628,157.7477,-99
10116819595,373.946,154.2207,-99
10116852928,379.2969,150.8862,-99
10116886261,384.6436,147.7201,-99
10116919594,389.6169,145.019,-99
10116952927,395.4117,143.6923,-99
10116986260,400.0805,140.7088,-99
10117019593,405.7546,139.197,-99
10117052926,411.7189,137.8719,-99
10117086259,415.2615,136.5389,-99
10117119592,419.1757,135.4431,-99
10117152925,422.9978,136.6372,-99
10117186258,427.6013,138.4968,-99
10117219591,429.9977,141.5507,-99
10117252924,433.4713,145.4505,-99
10117286257,440.6493,152.9971,-99
10117319590,445.8345,156.766,-99
10117352923,450.1492,163.9005,-99
10117386256,453.459,168.7514,-99
10117419589,454.9915,172.9943,-99
10117452922,457.3173,177.0457,-99
10117486255,459.7454,184.0735,-99
10117519588,461.7664,186.7926,-99
10117552921,462.7239,192.7891,-99
10117586254,463.8683,198.567,-99
10117619587,466.2317,205.7545,-99
10117652920,465.4648,213.1509,-99
10117695052,464.81,219.5052,-99
10117728385,463.8787,226.6047,-99
10117761718,462.6934,231.25,-99
10117795051,462.096,235.2265,-99
10117828384,461.9357,239.0877,-99
10117861717,462.8074,241.1066,-99
10117895050,463.7097,243.8827,-99
10117928383,464.4879,247.428,-99
10117961716,465.4137,249.9598,-99
10117995049,466.4202,251.3919,-99
10118028382,466.0714,254.8075,-99
10118061715,464.995,257.3018,-99
10118095048,463.8877,260.9243,-99
10118128381,464.5096,264.3512,-99
10118161714,463.7586,267.8254,-99
10118195047,463.9639,270.0385,-99
10118228380,464.1021,271.4955,-99
10118261713,463.8931,274.4306,-99
10118295046,463.9581,277.3922,-99
10118328379,464.7012,279.142,-99
10118361712,466.0362,280.6678,-99
10118395045,464.4884,281.7139,-99
10118428378,466.1257,282.462,-99
10118461711,466.6451,283.6761,-99
10118495044,465.6422,285.8017,-99
10118528377,466.958,286.6877,-99
10118561710,467.1148,288.2806,-99
10118595043,468.5141,288.1208,-99
10118628376,467.997,287,-99
10118661709,467.2718,288.5336,-99
10118695042,469.795,288.1703,-99
10118728375,472.2345,288.3504,-99
10118761708,472.2093,291.7093,-99
10118795041,472.2043,296.2679,-99
10118828374,473.6992,298.1954,-99
10118861707,473.4824,299.6674,-99
10118895040,472.009,303.7326,-99
10118928373,469.833,310.3601,-99
10118961706,466.955,315.9465,-99
10118995039,463.6959,321.1949,-99
10119028372,459.974,326.4273,-99
10119061705,456.6818,331.7066,-99
10119095038,454.0732,337.9477,-99
10119128371,451.8121,341.2394,-99
10119161704,450.3156,345.3457,-99
10119195037,448.2117,350.1971,-99
10119228370,446.0719,353.885,-99
10119261703,443.6659,356.4769,-99
10119295036,438.6802,360.9535,-99
10119328369,435.5796,364.6632,-99
10119361702,431.9573,367.6854,-99
10119395035,429.8738,371.5084,-99
10119428368,426.5334,373.8383,-99
10119461701,422.5814,375.8757,-99
10119495034,419.6264,377.5245,-99
10119528367,416.4356,378.7568,-99
10119561700,412.3347,379.9307,-99
10119595033,408.6386,379.4727,-99
10119628366,407.6082,379.4113,-99
10119661699,405.8899,381.3766,-99
10119695032,405.7319,382.6154,-99
10119728365,405.5928,385.446,-99
10119761698,402.864,384.772,-99
10119795031,402.7992,384.4818,-99
10119828364,402.366,385.1608,-99
10119861697,401.1158,384.8158,-99
10119895030,400.8934,384.2224,-99
10119928363,398.3494,383.8087,-99
10119961696,397.0785,383.2437,-99
10119995029,395.7198,381.3608,-99
10120028362,393.7463,379.7693,-99
10120061695,392.8013,378.2627,-99
10120095028,393.164,378.0428,-99
10120128361,392.1675,378.6472,-99
10120161694,391.4072,379.9983,-99
10120195027,390.1076,382.1513,-99
10120228360,388.8279,384.1147,-99
10120261693,388.4,386.3531,-99
10120295026,386.863,388.4963,-99
10120328359,385.7486,389.8624,-99
10120361692,384.7333,390.7255,-99
10120395025,384.1651,391.4055,-99
10120428358,382.8611,392.7276,-99
10120461691,381.8021,393.9527,-99
10120495024,381.3428,395.0283,-99
10120528357,379.6029,396.2112,-99
10120561690,378.7851,396.7087,-99
10120595023,375.8276,397.9062,-99
10120628356,373.4635,398.5208,-99
10120661689,370.9618,399.2874,-99
10120695022,368.4315,399.3181,-99
10120728355,366.8464,399.5495,-99
10120761688,365.2805,398.8004,-99
10120795021,363,397.515,-99
10120828354,361.583,397.2595,-99
10120861687,358.5712,396.3692,-99
10120895020,355.7439,395.906,-99
10120928353,353.9044,395.9621,-99
10120961686,353.2265,395.7495,-99
10120995019,353.299,397.8763,-99
10121027430,353.1809,399.8233,-99
10121060763,350.3103,401.067,-99
10121094096,348.5624,402.3339,-99
10121127429,346.2827,402.9157,-99
10121160762,344.597,402.6506,-99
10121194095,341.3623,402.1474,-99
10121227428,337.2957,402.4256,-99
10121260761,335.1332,401.9799,-99
10121294094,332.2385,400.8445,-99
10121327427,332.002,401.2315,-99
10121360760,330.8645,401.2946,-99
10121394093,329.0693,402.2009,-99
10121427426,326.9229,402.225,-99
10121460759,325.1476,401.4262,-99
10121494092,323.9721,400.8901,-99
10121527425,322.9618,400.9044,-99
10121560758,321.5801,400.7844,-99
10121594091,319.4549,400.8234,-99
10121627424,317.9105,400.8541,-99
10121660757,315.8741,401.1049,-99
10121694090,314.1878,401.4311,-99
10121727423,312.2839,401.5461,-99
10121760756,309.5091,401.8157,-99
10121794089,307.1507,401.5311,-99
10121827422,304.0259,401.3937,-99
10121860755,304.8904,403.0269,-99
10121894088,303.531,404.0089,-99
10121927421,301.5988,403.8524,-99
10121960754,300.2677,403.4814,-99
10121994087,299.4404,404.0558,-99
10122027420,298.8182,404.3042,-99
10122060753,297.0807,404.9351,-99
10122094086,294.6137,405.8496,-99
10122127419,292.2089,406.4195,-99
10122160752,290.8802,406.4311,-99
10122194085,290.8124,406.9043,-99
10122227418,290.4502,406.2663,-99
10122260751,290.6605,406.7029,-99
10122294084,290.6825,406.5115,-99
10122327417,290.2481,406.8463,-99
10122360750,291.5264,407.2798,-99
10122394083,291.9093,407.0227,-99
10122427416,292.6702,407.556,-99
10122460749,305.8049,394.0183,-99
10122494082,300.9935,398.6797,-99
10122527415,293.7378,405.7622,-99
10122560748,293.7026,405.9582,-99
10122594081,294.048,405.8297,-99
10122627414,294.2664,406.0873,-99
10122660747,294.2053,406.234,-99
10122696378,294.6073,406.0923,-99
10122729711,294.234,406.287,-99
10122763044,294.8209,405.8763,-99
10122796377,294.3541,405.9528,-99
10122829710,295.2206,405.4368,-99
10122863043,294.7696,405.5761,-99
10122896376,294.5847,404.6593,-99
10122929709,294.6393,404.5572,-99
10122963042,294.8776,403.8245,-99
10122996375,294.1627,402.871,-99
10123029708,293.6394,402.7484,-99
10123063041,293.3432,402.0907,-99
10123096374,293.5049,401.7129,-99
10123129707,293.2784,401.8,-99
10123163040,293.1107,402.1245,-99
10123196373,293.5722,402.4049,-99
10123229706,293.1443,403.3313,-99
10123263039,293.6212,403.0904,-99
10123296372,293.9154,403.2093,-99
10123329705,293.5907,403.5282,-99
10123363038,293.3773,403.1537,-99
10123396371,293.389,403.5218,-99
10123429704,293.5058,403.5753,-99
10123463037,293.4128,403.562,-99
10123496370,293.6895,404.1314,-99
10123529703,293.7227,403.4199,-99
10123563036,293.859,403.8026,-99
10123596369,294.0136,403.1437,-99
10123629702,293.5827,403.7481,-99
10123663035,294.0019,402.9712,-99
10123696368,293.6312,403.6768,-99
10123729701,294.6627,403.0217,-99
10123763034,296.2516,403.0171,-99
10123796367,295.6103,402.6959,-99
10123829700,295.7456,401.6925,-99
10123863033,293.8858,398.5118,-99
10123896366,292.6301,396.1505,-99
10123929699,293.2297,393.2226,-99
10123963032,293.3034,392.4551,-99
10123996365,294.5276,391.8962,-99
10124029698,295.7685,390.9284,-99
10124063031,295.7962,390.6019,-99
10124096364,294.278,390.6355,-99
10124129697,293.8419,390.3186,-99
10124163030,293.1678,390.352,-99
10124196363,291.1585,390.3,-99
10124229696,289.3063,390.2088,-99
10124263029,286.6307,390.0324,-99
10124296362,284.0604,390.0724,-99
10124329695,280.5457,389.9304,-99
10124363747,277.5948,389.4728,-99
10124397080,274.363,388.6324,-99
10124430413,269.6232,387.4021,-99
10124463746,266.5941,385.7415,-99
10124497079,263.4095,383.2133,-99
10124530412,260.4485,382.524,-99
10124563745,256.7973,381.7881,-99
10124597078,254.1969,381.2282,-99
10124630411,250.9132,381.0502,-99
10124663744,248.2333,380.15,-99
10124697077,244.6057,378.0447,-99
10124730410,241.3885,375.9077,-99
10124763743,238.3859,374.0236,-99
10124797076,234.2229,372.8313,-99
10124830409,232.1175,370.1555,-99
10124863742,229.0744,369.1859,-99
10124897075,226.2531,368.2469,-99
10124930408,223.8881,368.0024,-99
10124963741,221.3549,366.3973,-99
10124997074,220.5221,364.9359,-99
10125030407,217.8042,362.1165,-99
10125063740,217.7912,360.5157,-99
10125097073,215.654,358.75,-99
10125130406,216.222,357.0595,-99
10125163739,215.1122,355.0805,-99
10125197072,215.3484,354.5465,-99
10125230405,214.8807,353.7615,-99
10125263738,214.4949,352.9697,-99
10125297071,213.7117,352.3273,-99
10125330404,213.5536,351.4189,-99
10125363737,213.2776,350.9533,-99
10125397070,212.7136,350.1894,-99
10125430403,211.8,350.6847,-99
10125463736,211.9723,350.6559,-99
10125497069,211.3077,350.5988,-99
10125530402,210.8575,351.5197,-99
10125563735,211.2887,351.7344,-99
10125597068,211.5078,352.4811,-99
10125630401,211.6346,352.6442,-99
10125663734,211.8742,352.6843,-99
10125697067,211.2488,352.6493,-99
10125730400,210.6184,352.5175,-99
10125763733,210.2898,352.5155,-99
10125797066,209.8204,352.7864,-99
10125830399,210.1903,352.3636,-99
10125863732,210.0927,352.3929,-99
10125897065,210.0499,352.131,-99
10125930398,209.5284,351.68,-99
10125963731,209.921,351.0624,-99
10125997064,209.5434,351.1674,-99
10126035945,210.1065,350.6627,-99
10126069278,210.5639,350.7883,-99
10126102611,210.5922,350.8934,-99
10126135944,211.4487,350.5021,-99
10126169277,210.8915,350.6553,-99
10126202610,212.1082,350.149,-99
10126235943,211.8493,350.1338,-99
10126269276,212.2296,350.3257,-99
10126302609,213.1905,349.9524,-99
10126335942,212.5598,350.3739,-99
10126369275,213.6596,350.1332,-99
10126402608,212.8166,350.4115,-99
10126435941,213.7006,350.2516,-99
10126469274,212.6966,350.3654,-99
10126502607,213.8197,350.2558,-99
10126535940,212.5563,350.535,-99
10126569273,213.4636,350.3866,-99
10126602606,212.4696,350.6667,-99
10126635939,212.8672,351.2535,-99
10126669272,211.9286,351.8445,-99
10126702605,211.206,353.2247,-99
10126735938,210.5112,355.589,-99
10126769271,210.5,357.1442,-99
10126802604,209.3063,358.3694,-99
10126835937,208.8233,359.0718,-99
10126869270,209.5134,359.0821,-99
10126902603,209.2264,359.2901,-99
10126935936,209.477,354.9694,-99
10126969269,209.8745,352.2467,-99
10127002602,211.0129,349.3039,-99
10127035935,212.2827,346.2764,-99
10127069268,212.2918,346.2195,-99
10127102601,213.1073,345.6878,-99
10127135934,212.6232,344.8672,-99
10127169267,211.4271,344.4143,-99
10127202600,209.5614,343.4778,-99
10127235933,208.338,341.7559,-99
10127269266,206.1606,340.4819,-99
10127302599,204.1206,337.2837,-99
10127335932,201.2506,334.411,-99
10127369265,199.5943,331.6277,-99
10127402598,197.4952,328.1619,-99
10127435931,196.6941,325.0334,-99
10127469264,194.901,321.8452,-99
10127502597,195.8829,318.3683,-99
10127535930,195.7222,314.4607,-99
10127569263,195.8519,312.7244,-99
10127602596,195.6441,310.339,-99
10127635929,195.5514,308.8724,-99
10127669262,194.0955,306.4196,-99
10127702595,191.7124,303.7505,-99
10127735928,189.3704,300.6338,-99
10127769261,186.5923,297.2793,-99
10127802594,183.8747,293.9002,-99
10127835927,182.9562,292.4278,-99
10127869260,182.0397,290.6303,-99
10127902593,182.1034,285.863,-99
10127935926,182.8844,283.7623,-99
10127969259,182.5099,281.9583,-99
10128002592,181.8864,280.6526,-99
10128035925,181.6958,278.576,-99
10128069258,180.7,278.6184,-99
10128102591,179.8177,275.7089,-99
10128135924,178.6508,274.3783,-99
10128169257,178.1099,271.9866,-99
10128202590,177.7826,269.8261,-99
10128235923,177.038,266.3139,-99
10128269256,175.5526,262.7132,-99
10128302589,175.3556,259.6194,-99
10128335922,175.4083,257.1964,-99
10128369255,175.4012,254.7964,-99
10128402588,176.8036,253.6122,-99
10128435921,179.2455,250.9707,-99
10128469254,180.4875,248.779,-99
10128502587,181.1247,248.846,-99
10128535920,183.0134,248.2975,-99
10128569253,182.1861,247.4622,-99
10128602586,183.4252,244.6612,-99
10128635919,182.3927,240.8586,-99
10128669252,182.5186,240.1787,-99
10128702585,181.2752,238.1771,-99
10128735918,181.6152,238.6576,-99
10128769251,181.8064,238.5405,-99
10128802584,184.1866,237.1935,-99
10128835917,183.9119,236.4429,-99
10128869250,185.1078,235.9746,-99
10128902583,184.5399,236.6925,-99
10128935916,185.2069,237.2865,-99
10128969249,184.6974,235.6167,-99
10129002582,183.5042,232.9465,-99
10129035915,183.7417,233.0793,-99
10129069248,183.7,233.3162,-99
10129102581,183.2534,233.1444,-99
10129135914,182.83,232.995,-99
10129169247,181.7339,231.5478,-99
10129202580,181.4563,230.0535,-99
10129235913,181.7047,230.1449,-99
10129269246,182.4447,229.6819,-99
10129302579,182.4611,230.025,-99
10129335912,182.5504,229.5504,-99
10129371574,181.1464,228.648,-99
10129404907,180.3932,228.1858,-99
10129438240,179.0909,228.9562,-99
10129471573,177.102,228.6612,-99
10129504906,175.5196,229.2941,-99
10129538239,177.1206,228.9121,-99
10129571572,176.6759,229.6583,-99
10129604905,177.5606,230.7411,-99
10129638238,177.3915,230.7005,-99
10129671571,177.9664,230.9147,-99
10129704904,178.612,230.8568,-99
10129738237,179.0076,231.8258,-99
10129771570,180.4135,232.391,-99
10129804903,180.8005,233.0281,-99
10129838236,180.5519,234.1395,-99
10129871569,181.1718,234.4563,-99
10129904902,181.6895,233.3333,-99
10129938235,182.7343,233.6931,-99
10129971568,182.8329,233.5121,-99
10130004901,183.7763,233.9974,-99
10130038234,185.0462,235.0231,-99
10130071567,185.3397,235.2584,-99
10130104900,185.319,235.5063,-99
10130138233,185.407,235.3015,-99
10130171566,185.3598,235.7494,-99
10130204899,184.6959,235.3869,-99
10130238232,183.6089,245.5059,-99
10130271565,184.4063,235.635,-99
10130304898,184.692,235.1228,-99
10130338231,184.2092,234.0462,-99
10130371564,183.8232,233.3694,-99
10130404897,184.5206,233.4253,-99
10130438230,185.2959,230.4286,-99
10130471563,185.9896,229.3636,-99
10130504896,186.9108,228.5249,-99
10130538229,187.5025,226.4183,-99
10130571562,187.016,225.1497,-99
10130604895,186.7562,224.7041,-99
10130638228,186.7318,222.8872,-99
10130671561,186.6522,221.5652,-99
10130704894,186.9925,220.0623,-99
10130738227,186.6199,217.352,-99
10130771560,187.9519,215.4304,-99
10130804893,187.0914,212.9529,-99
10130838226,188.461,211.3023,-99
10130871559,188.4901,208.8159,-99
10130904892,189.8727,207.0764,-99
10130938225,189.8894,204.2115,-99
10130971558,190.5936,203.5542,-99
10131004891,191.3707,203.4726,-99
10131038224,192.0128,203.5882,-99
10131071557,192.5377,203.5101,-99
10131104890,192.8154,201.6954,-99
10131138223,195.363,200.2094,-99
10131171556,196.8902,198.5678,-99
10131204889,197.3303,196.8624,-99
10131238222,198.0558,196.0442,-99
10131271555,196.6115,193.386,-99
10131304888,198.1165,192.2276,-99
10131338221,198.6638,188.9718,-99
10131371554,200.5069,186.4097,-99
10131404887,201.9252,183.9252,-99
10131438220,202.6441,182.4891,-99
10131471553,204.5668,181.6567,-99
10131504886,205.2036,179.7577,-99
10131538219,206.0219,178.9345,-99
10131571552,207.4621,178.0705,-99
10131604885,207.7047,177.1023,-99
10131638218,207.9164,177.1563,-99
10131671551,208.2446,177.8683,-99
10131704884,208.3273,178.2571,-99
10131738217,208.9576,177.3342,-99
10131771550,208.7854,174.0429,-99
10131804883,208.9604,174.0818,-99
10131838216,208.8417,172.5278,-99
10131871549,208.716,171.6982,-99
10131904882,209.0084,171.8039,-99
10131938215,208.756,171.9277,-99
10131971548,209.5864,172.0288,-99
10132004881,210.5185,172.0049,-99
10132038214,210.5457,173.1683,-99
10132071547,209.9439,173.8318,-99
10132104880,209.3114,173.8127,-99
10132138213,208.9072,173.5068,-99
10132171546,208.2316,172.2517,-99
10132204879,208.4167,172.2905,-99
10132238212,208.1096,171.7534,-99
10132271545,208.5714,171.2449,-99
10132304878,208.5479,170.8858,-99
10132338211,208.7549,171.6481,-99
10132371544,208.5157,171.7892,-99
10132404877,208.8467,171.7311,-99
10132438210,208.7687,171.9299,-99
10132471543,209.4933,172.3834,-99
10132504876,210.9509,172.6051,-99
10132538209,211.7191,173.2881,-99
10132571542,212.5639,174.3301,-99
10132604875,211.924,174.7099,-99
10132638208,211.4239,174.5493,-99
10132671541,211.082,174.7821,-99
10132706250,210.4388,174.5612,-99
10132739583,209.5568,174.0693,-99
10132772916,208.4652,174.4707,-99
10132806249,207.9235,174.3571,-99
10132839582,207.6148,173.5408,-99
10132872915,208.2646,174.1667,-99
10132906248,208.9601,173.4695,-99
10132939581,209.6452,173.0161,-99
10132972914,209.9899,171.9619,-99
10133006247,209.9682,171.1989,-99
10133039580,209.1544,170.7544,-99
10133072913,208.6421,170.3528,-99
10133106246,207.9877,169.7562,-99
10133139579,207.4067,169.8565,-99
10133172912,207.2905,169.2381,-99
10133206245,206.8304,168.8653,-99
10133239578,206.2903,167.8306,-99
10133272911,206.2663,167.9022,-99
10133306244,206.0893,167.926,-99
10133339577,206.9424,167.2173,-99
10133372910,207.726,167.863,-99
10133406243,208.6474,168.6158,-99
10133439576,209.3491,168.9606,-99
10133472909,210.4507,169.592,-99
10133506242,210.8329,169.6228,-99
10133539575,210.9597,170.2771,-99
10133572908,211.5748,169.8451,-99
10133606241,211.7251,170.0924,-99
10133639574,212.101,171.0984,-99
10133672907,212.6325,171.515,-99
10133706240,214.7783,172.8674,-99
10133739573,216.1237,174.0789,-99
10133772906,217.1312,175.3548,-99
10133806239,218.0443,176.2532,-99
10133839572,219.8173,176.8851,-99
10133872905,219.9229,177.7727,-99
10133906238,220.2691,178.7505,-99
10133939571,220.0816,179.0586,-99
10133972904,220.0085,179.3397,-99
10134006237,220.5526,179.1649,-99
10134039570,220.1763,178.7484,-99
10134072903,220.3048,178.5697,-99
10134106236,219.9454,179.1114,-99
10134139569,219.1914,178.5548,-99
10134172902,218.5545,177.8886,-99
10134206235,217.6667,177.7995,-99
10134239568,218.5207,177.6321,-99
10134272901,218.12,178.1075,-99
10134306234,219.0831,176.8789,-99
10134339567,220.2961,175.6529,-99
10134372900,221.5585,173.6293,-99
10134406233,221.903,174.0025,-99
10134439566,222.713,173.137,-99
10134472899,222.453,173.6554,-99
10134506232,222.3804,172.2415,-99
10134539565,222.2391,170.3022,-99
10134572898,222.4493,169.4831,-99
10134606231,222.2689,168.967,-99
10134639564,222.6995,167.1766,-99
10134672897,223.1906,165.9852,-99
10134706230,223.72,165.52,-99
10134739563,223.8123,165.0309,-99
10134772896,224.0293,164.3667,-99
10134806229,224.8684,162.7947,-99
10134839562,225.8222,161.5679,-99
10134872895,226.4577,161.373,-99
10134906228,226.9431,161.896,-99
10134939561,227.6717,161.7702,-99
10134972894,228.5907,160.9396,-99
10135006227,229.0808,161.3232,-99
10135039560,229.5577,160.1226,-99
10135072893,230.2967,159.3855,-99
10135106226,231.1026,158.4177,-99
10135139559,231.5659,157.7434,-99
10135172892,232.2214,157.1045,-99
10135206225,233.401,156.8249,-99
10135239558,234.3095,156.7881,-99
10135272891,235.6442,156.4399,-99
10135306224,238.0395,155.1654,-99
10135339557,240.1422,154.1176,-99
10135372890,241.1646,153.9551,-99
10135406223,242.8463,153.4458,-99
10135439556,244.3716,153.2743,-99
10135472889,245.4349,152.1253,-99
10135506222,246.7775,150.2812,-99
10135539555,247.6864,148.8226,-99
10135572888,248.5701,149.0242,-99
10135606221,249.5307,146.0663,-99
10135639554,250.49,144.5675,-99
10135672887,250.2089,142.8694,-99
10135706220,249.7786,140.9349,-99
10135739553,251.1542,141.3983,-99
10135772886,251.5991,141.1612,-99
10135806219,252.3731,140.181,-99
10135839552,253.6641,138.5617,-99
10135872885,254.3622,137.9133,-99
10135906218,255.7211,136.7628,-99
10135939551,257.0169,136.0432,-99
10135972884,257.5768,135.3568,-99
10136006217,259.5252,134.7009,-99
10136040238,260.698,132.986,-99
10136073571,262.0612,133.1055,-99
10136106904,264.565,130.2126,-99
10136140237,266.6107,129.2889,-99
10136173570,267.9196,128.4863,-99
10136206903,269.9938,127.6584,-99
10136240236,272.2834,128.164,-99
10136273569,274.2351,128.0784,-99
10136306902,276.9191,128.2978,-99
10136340235,276.9184,128.5837,-99
10136373568,278.6356,128.6559,-99
10136406901,280.8929,128.2869,-99
10136440234,282.329,128.1441,-99
10136473567,284.4363,125.067,-99
10136506900,286.8076,123.6886,-99
10136540233,289.1732,121.2656,-99
10136573566,292.1108,120.9735,-99
10136606899,293.908,120.5593,-99
10136640232,295.3653,121.1311,-99
10136673565,297.1755,120.9303,-99
10136706898,300.3132,121.0134,-99
10136740231,302.334,121.3447,-99
10136773564,304.483,121.566,-99
10136806897,305.0823,121.8523,-99
10136840230,306.2813,121.2,-99
10136873563,307.6609,121.2597,-99
10136906896,308.6866,120.1078,-99
10136940229,310.4797,119.7317,-99
10136973562,312.1288,119.3219,-99
10137006895,313.3265,118.2694,-99
10137040228,315.6613,117.3467,-99
10137073561,318.1434,116.5792,-99
10137106894,320.2749,116.2029,-99
10137140227,322.6587,116.4067,-99
10137173560,324.9844,115.6459,-99
10137206893,328.0127,114.8605,-99
10137240226,330.0815,113.8847,-99
10137273559,332.2363,113.4177,-99
10137306892,335.4849,114.328,-99
10137340225,337.3791,114.5803,-99
10137373558,339.8388,115.0749,-99
10137406891,341.1907,116.0272,-99
10137440224,342.2945,116.4703,-99
10137473557,344.8429,117.2204,-99
10137506890,346.3002,117.2863,-99
10137540223,348.3239,116.9231,-99
10137573556,351.7705,116.8463,-99
10137606889,354.3979,116.4742,-99
10137640222,356.4856,116.6708,-99
10137673555,358.3776,116.4726,-99
10137706888,357.3431,115.7745,-99
10137740221,359.6131,116.9091,-99
10137773554,360.9851,118.3447,-99
10137806887,363.2548,118.9143,-99
10137840220,364.3818,120.075,-99
10137873553,364.8546,120.6505,-99
10137906886,365.9533,121.393,-99
10137940219,366.7044,122.2936,-99
10137973552,367.1292,123.1995,-99
10138006885,368.7632,124.5218,-99
10138040218,369.3285,123.8802,-99
10138073551,369.7682,124.3281,-99
10138106884,371.8544,124.7631,-99
10138140217,372.9516,124.7118,-99
10138173550,374.556,124.7241,-99
10138206883,375.964,123.6398,-99
10138240216,376.4048,121.7835,-99
10138273549,377.8289,121.6124,-99
10138306882,378.5671,120.8175,-99
10138340215,379.5403,121.0806,-99
10138373548,380.01,121.6427,-99
10138406881,380.8184,121.9791,-99
10138440214,381.8008,122.9528,-99
10138473547,382.6437,124.4667,-99
10138506880,382.3897,126.7676,-99
10138540213,382.588,127.9769,-99
10138573546,382.272,129.0959,-99
10138606879,382.3723,129.0979,-99
10138640212,383.5256,130.7821,-99
10138673545,384.9699,131.9774,-99
10138706878,386.2023,132.9542,-99
10138740211,388.5632,133.8889,-99
10138773544,390.586,134.1486,-99
10138806877,392.381,133.824,-99
10138840210,394.9453,134.0972,-99
10138873543,396.6898,134.1041,-99
10138906876,399.0553,134.3735,-99
10138940209,400.2318,135.6416,-99
10138973542,401.142,136.2495,-99
10139006875,402.0732,137.9775,-99
10139040208,403.1423,140.6019,-99
10139073541,404.2448,142.7533,-99
10139106874,405.6245,145.4554,-99
10139140207,407.1091,147.2625,-99
10139173540,408.4624,149.1248,-99
10139206873,409.6653,149.8346,-99
10139240206,410.8994,150.0349,-99
10139273539,412.7117,150.9012,-99
10139306872,415.416,150.7439,-99
10139340205,417.5783,149.9197,-99
10139381415,420.606,150.6326,-99
10139414748,421.751,150.9615,-99
10139448081,423.0766,153.0021,-99
10139481414,425.9726,154.4008,-99
10139514747,427.4004,155.8437,-99
10139548080,429.8492,157.5826,-99
10139581413,431.2057,159.2119,-99
10139614746,432.1686,160.8176,-99
10139648079,433.2998,163.8906,-99
10139681412,432.8621,165.6847,-99
10139714745,434.5566,168.7783,-99
10139748078,437.0086,171.1996,-99
10139781411,437.9111,172.9506,-99
10139814744,439.1103,174.9981,-99
10139848077,440.0859,176.7233,-99
10139881410,441.0879,178.1186,-99
10139914743,442.424,179.2869,-99
10139948076,443.4413,179.9818,-99
10139981409,443.8405,181.6586,-99
10140014742,444.5759,183.8915,-99
10140048075,444.2044,186.4352,-99
10140081408,444.4435,189.7435,-99
10140114741,445.293,191.4385,-99
10140148074,445.1195,192.3857,-99
10140181407,445.5245,193.9569,-99
10140214740,446.2,195.0479,-99
10140248073,447.498,196.8353,-99
10140281406,448.7848,198.8439,-99
10140314739,449.7385,200.5167,-99
10140348072,451.0978,202.1356,-99
10140381405,452.6022,203.5551,-99
10140414738,453.886,204.5269,-99
10140448071,455.5553,206.0737,-99
10140481404,456.9657,208.5022,-99
10140514737,457.6237,211.1452,-99
10140548070,458.4488,213.9816,-99
10140581403,459.1838,215.899,-99
10140614736,459.8783,218.9757,-99
10140648069,460.25,222.1736,-99
10140681402,462.178,223.3602,-99
10140714735,463.3395,224.7737,-99
10140748068,463.8209,227.0642,-99
10140781401,464.9372,229.2958,-99
10140814734,465.2808,231.8369,-99
10140848067,465.8523,235.2073,-99
10140881400,466.2112,238.7495,-99
10140914733,465.9625,239.45,-99
10140948066,465.6577,240.9434,-99
10140981399,466.6175,242.6038,-99
10141014732,468.9788,243.48,-99
10141048065,468.7254,246.1098,-99
10141081398,469.257,247.8729,-99
10141114731,468.768,252.2974,-99
10141148064,464.3583,257.4961,-99
10141181397,462.2519,258.5188,-99
10141214730,463.1224,257.3435,-99
10141248063,465.1645,258.1491,-99
10141281396,466.2829,261.9146,-99
10141314729,468.5258,264.3017,-99
10141348062,467.9462,269.9438,-99
10141381395,468.6104,270.6472,-99
10141414728,469.241,273.7687,-99
10141448061,468.2302,278.7698,-99
10141481394,468.2817,277.746,-99
10141514727,466.084,277.604,-99
10141548060,464.4391,279.2087,-99
10141581393,463.6353,280.8647,-99
10141614726,463.1633,280.6733,-99
10141648059,464.6536,284.4935,-99
10141681392,464.9707,286.6841,-99
10141714725,466.2932,285.6729,-99
10141748058,468.2958,284.6917,-99
10141781391,463.698,287.1111,-99
10141814724,464.0223,289.2011,-99
10141848057,462.6158,288.6134,-99
10141881390,461.6588,288.6953,-99
10141914723,462.7464,288.7096,-99
10141948056,464.5086,288.2263,-99
10141981389,466.1499,286,-99
10142014722,467.0615,286.2326,-99
10142048055,468.2222,287.3903,-99
10142081388,469.7399,287.7709,-99
10142114721,472.3937,289.0139,-99
10142148054,471.8858,290.6759,-99
10142181387,471.2598,292.3082,-99
10142214720,471.9333,293.1636,-99
10142248053,472.1442,293.093,-99
10142281386,476.2635,290.9521,-99
10142314719,466.7643,297.0143,-99
10142348052,464.657,297.0744,-99
10142381385,465.3051,296.6328,-99
10142414718,464.8746,296.397,-99
10142448051,465.0429,295.0303,-99
10142481384,467.193,293.6298,-99
10142514717,467.0508,295.3452,-99
10142548050,466.324,296.1996,-99
10142581383,465.6746,297.1358,-99
10142614716,467.381,300.3254,-99
10142648049,466.9794,301.0052,-99
10142681382,466.9622,300.2104,-99
10142720294,465.0923,298.5538,-99
10142753627,464.8581,298.2119,-99
10142786960,464.3327,298.9124,-99
10142820293,463.8448,300.4798,-99
10142853626,462.5515,301.6378,-99
10142886959,461.9187,302.3253,-99
10142920292,461.0203,304.7262,-99
10142953625,459.7226,306.2914,-99
10142986958,455.5782,307.7346,-99
10143020291,455.9535,309.3302,-99
10143053624,456.8468,311.2473,-99
10143086957,455.8551,313.1988,-99
10143120290,457.862,315.2638,-99
10143153623,457.8489,314.0544,-99
10143186956,454.4573,315.6161,-99
10143220289,452.9226,316.6375,-99
10143253622,452.0505,316.9051,-99
10143286955,451.0913,318.5051,-99
10143320288,449.7943,319.6048,-99
10143353621,449.2702,321.0726,-99
10143386954,447.8825,323.1278,-99
10143420287,447.3416,324.2613,-99
10143453620,448.8354,324.8155,-99
10143486953,447.977,327.1765,-99
10143520286,445.2956,331.3489,-99
10143553619,443.1498,332.9051,-99
10143586952,441.2877,335.8994,-99
10143620285,439.6871,337.1488,-99
10143653618,438.1142,336.7785,-99
10143686951,436.0807,338.1296,-99
10143720284,437.0913,341.9193,-99
10143753617,436.0176,343.4294,-99
10143786950,435.7655,345.8141,-99
10143820283,436.6411,346.2461,-99
10143853616,437.7396,345.9245,-99
10143886949,437.3547,347.8492,-99
10143920282,437.6546,348.6574,-99
10143953615,437.4123,351.6831,-99
10143986948,436.7701,351.9075,-99
10144020281,435.7487,351.2861,-99
10144053614,434.0233,352.956,-99
10144086947,433.245,353.9225,-99
10144120280,433.2279,355.3529,-99
10144153613,432.703,358.3651,-99
10144186946,432.0987,360.6133,-99
10144220279,430.79,362.0525,-99
10144253612,425.9799,363.8658,-99
10144286945,422.0624,364.1872,-99
10144320278,420.0468,364.8839,-99
10144353611,420.1966,365.3355,-99
10144389242,421.0975,366.2825,-99
10144422575,421.3018,368.7756,-99
10144455908,417.3768,369.4141,-99
10144489241,416.7788,370.7865,-99
10144522574,415.7665,372.6607,-99
10144555907,413.7323,374.2362,-99
10144589240,412.1541,375.8918,-99
10144622573,412.6137,376.3929,-99
10144655906,411.2615,376.9472,-99
10144689239,410.2131,377.4309,-99
10144722572,409.7947,377.8647,-99
10144755905,409.5523,377.5353,-99
10144789238,408.1089,378.7004,-99
10144822571,408.1575,379.3395,-99
10144855904,404.9519,379.45,-99
10144889237,401.6648,379.4162,-99
10144922570,400.1701,378.5217,-99
10144955903,398.4157,377.7471,-99
10144989236,397.8426,377.2629,-99
10145022569,396.9867,377.9203,-99
10145055902,399.6474,379.3678,-99
10145089235,396.9515,378.557,-99
10145122568,395.1389,378.5147,-99
10145155901,395.1898,379.3553,-99
10145189234,394.4416,379.8479,-99
10145222567,394.3808,380.8965,-99
10145255900,392.7198,382.4491,-99
10145289233,392.2868,382.6324,-99
10145322566,390.7017,383.0525,-99
10145355899,388.769,383.2254,-99
10145389232,385.4973,383.1899,-99
10145422565,382.2109,383.0132,-99
10145455898,379.5886,382.786,-99
10145489231,377.1788,382.8431,-99
10145522564,376.0527,383.4402,-99
10145555897,374.7118,384.1355,-99
10145589230,372.4934,384.845,-99
10145622563,370.0874,386.6565,-99
10145655896,368.4299,388.2023,-99
10145689229,367.3237,388.7321,-99
10145722562,365.3474,390.1715,-99
10145755895,362.8511,391.317,-99
10145789228,360.8625,392.1996,-99
10145822561,357.7636,392.454,-99
10145855894,355.5462,393.0409,-99
10145889227,352.7723,393.3617,-99
10145922560,350.2251,393.8132,-99
10145955893,347.9891,394.417,-99
10145989226,345.3443,395.1072,-99
10146022559,343.1892,395.7979,-99
10146055892,341.3275,397.0791,-99
10146089225,339.7862,399.1145,-99
10146122558,339.329,399.8344,-99
10146155891,337.7485,400.9128,-99
10146189224,335.2495,401.2773,-99
10146222557,333.4898,401.1781,-99
10146255890,330.6548,400.637,-99
10146289223,328.1147,399.9771,-99
10146322556,324.3732,398.1109,-99
10146355889,320.5189,397.0324,-99
10146389222,318.6338,397.4259,-99
10146422555,317.0972,395.6501,-99
10146455888,314.7322,395.054,-99
10146489221,312.8633,394.6464,-99
10146522554,310.7863,394.594,-99
10146555887,309.2213,394.7617,-99
10146589220,307.5727,394.0828,-99
10146622553,304.3972,394.5127,-99
10146655886,301.9865,394.772,-99
10146689219,299.2683,395.2062,-99
10146722552,297.7483,395.6395,-99
10146755885,295.4459,396.2649,-99
10146789218,293.4967,396.6901,-99
10146822551,291.7538,397.2591,-99
10146855884,290.3937,398.3199,-99
10146889217,287.7565,399.9283,-99
10146922550,286.2406,401.4437,-99
10146955883,285.1121,402.4709,-99
10146989216,282.9775,403.4337,-99
10147022549,281.5917,403.8853,-99
10147055882,280.9836,405.5958,-99
10147089215,280.3185,406.8056,-99
10147122548,280.6538,407.5882,-99
10147155881,281.9399,409,-99
10147189214,282.9462,409.8745,-99
10147222547,281.8679,409.6443,-99
10147255880,280.7281,409.0056,-99
10147289213,280.1268,408.2132,-99
10147322546,278.8041,406.8842,-99
10147355879,277.2274,405.9419,-99
10147389212,277.8014,403.7267,-99
10147422545,278.3501,402.4283,-99
10147455878,277.7589,400.4411,-99
10147489211,278.5295,397.9714,-99
10147522544,278.7723,395.9374,-99
10147555877,279.2004,393.3721,-99
10147589210,278.8488,390.663,-99
10147622543,278.6385,390.5,-99
10147655876,278.7691,387.4955,-99
10147689209,278.893,384.6943,-99
10147724871,280.2233,381.9976,-99
10147758204,281.7553,378.8741,-99
10147791537,282.7701,376.8934,-99
10147824870,282.9824,374.2352,-99
10147858203,282.7366,373.666,-99
10147891536,282.0653,373.5453,-99
10147924869,280.6776,373.5965,-99
10147958202,279.2163,373.9492,-99
10147991535,277.1277,374.1511,-99
10148024868,274.1967,374.9268,-99
10148058201,271.1859,375.9818,-99
10148091534,267.5957,377.5365,-99
10148124867,263.6133,379.2781,-99
10148158200,260.1944,380.7635,-99
10148191533,257.8438,383.334,-99
10148224866,254.9336,384.4142,-99
10148258199,252.846,384.9978,-99
10148291532,249.714,384.858,-99
10148324865,246.9646,383.1605,-99
10148358198,245.0294,382.4588,-99
10148391531,242.575,382.2156,-99
10148424864,241.0479,381.7534,-99
10148458197,239.6005,380.5365,-99
10148491530,238.3667,380.2274,-99
10148524863,236.6935,379.0737,-99
10148558196,235.6754,378.827,-99
10148591529,234.4753,377.8745,-99
10148624862,232.1452,377.9816,-99
10148658195,231.9291,377.565,-99
10148691528,230.7016,377.5193,-99
10148724861,230.2119,375.7119,-99
10148758194,230.3716,373.9955,-99
10148791527,230.0468,372.7939,-99
10148824860,230.2701,370.6935,-99
10148858193,230.7639,367.8889,-99
10148891526,230.9524,366.584,-99
10148924859,230.9442,363.0714,-99
10148958192,229.1372,360.8606,-99
10148991525,228.4688,360.4621,-99
10149024858,227.7949,359.6325,-99
10149058191,226.4224,359.381,-99
10149091524,224.9298,359.0659,-99
10149124857,223.6749,358.5756,-99
10149158190,221.3739,358.6197,-99
10149191523,219.6884,358.4463,-99
10149224856,218.0277,358.4584,-99
10149258189,216.4313,358.0772,-99
10149291522,215.6258,357.643,-99
10149324855,216.3931,358.2039,-99
10149358188,216.4789,358.5856,-99
10149391521,215.9289,357.6838,-99
10149424854,215.5246,356.9236,-99
10149458187,214.7164,356.4254,-99
10149491520,214.3944,356.6056,-99
10149524853,214.3117,356.9576,-99
10149558186,213.9353,356.2612,-99
10149591519,213.0697,355.7338,-99
10149624852,213.391,355.4261,-99
10149658185,214.8984,355.2917,-99
10149691518,214.7227,353.9099,-99
10149724851,215.3744,353.431,-99
10149758184,216.1306,353.7441,-99
10149791517,216.1364,354.1979,-99
10149824850,216.1523,355.4898,-99
10149858183,217.6339,356.2486,-99
10149891516,217.6441,356.4649,-99
10149924849,217.4687,356.5406,-99
10149958182,215.7516,355.4594,-99
10149991515,213.7036,354.8079,-99
10150024848,212.7901,354.2612,-99
10150058181,212.6907,354.0046,-99
10150091514,211.7402,353.1266,-99
10150124847,211.4863,352.8063,-99
10150158180,212.1296,353.4375,-99
10150191513,212.8501,354.032,-99
10150224846,213.0349,353.0093,-99
10150258179,212.6004,351.5914,-99
10150291512,212.532,351.4415,-99
10150324845,212.8521,351.6542,-99
10150358178,212.635,352.1901,-99
10150391511,211.8889,353.0247,-99
10150424844,211.4721,353.6545,-99
10150458177,210.7088,353.9418,-99
10150491510,209.8847,354.6289,-99
10150524843,210.3416,354.5555,-99
10150558176,208.7484,353.9418,-99
10150591509,208.8838,353.3925,-99
10150624842,208.9267,352.82,-99
10150658175,209.7305,350.8842,-99
10150691508,209.2073,349.3348,-99
10150724841,208.9086,346.8538,-99
10150758174,210.8486,344.7171,-99
10150791507,212.183,342.7912,-99
10150824840,212.0141,337.8259,-99
10150858173,210.3734,339.6216,-99
10150891506,211.3575,337.2851,-99
10150924839,209.5717,336.5422,-99
10150958172,207.1907,335.2616,-99
10150991505,206.5231,333.882,-99
10151024838,204.7007,333.3946,-99
10151057937,201.7918,331.442,-99
10151091270,200.9635,329.8858,-99
10151124603,199.2771,329.4527,-99
10151157936,196.8304,327.6916,-99
10151191269,196.0788,326.6521,-99
10151224602,194.9155,325.8192,-99
10151257935,194.0149,325.5757,-99
10151291268,193.0966,325.8841,-99
10151324601,192.1379,322.3698,-99
10151357934,190.7873,321.4661,-99
10151391267,189.7749,320.9524,-99
10151424600,189.1473,321.3125,-99
10151457933,189.0806,322.3387,-99
10151491266,188.2067,322.5793,-99
10151524599,188.5906,323.0235,-99
10151557932,188.22,323.1198,-99
10151591265,190.0217,324.5625,-99
10151624598,191.7551,322.7298,-99
10151657931,191.9622,321.6568,-99
10151691264,193.3679,318.6762,-99
10151724597,194.719,317.2259,-99
10151757930,196.1634,315.3324,-99
10151791263,197.0387,314.9665,-99
10151824596,198.1978,314.156,-99
10151857929,198.8098,311.6293,-99
10151891262,198.3086,310.9641,-99
10151924595,197.3693,309.3762,-99
10151957928,196.2471,308.3671,-99
10151991261,194.3716,305.9908,-99
10152024594,194.048,304.5217,-99
10152057927,192.9608,300.9493,-99
10152091260,192.046,299.7609,-99
10152124593,190.6538,296.5634,-99
10152157926,189.7762,296.2774,-99
10152191259,188.0219,292.199,-99
10152224592,187.5355,291.4597,-99
10152257925,186.2339,288.8263,-99
10152291258,184.9156,286.9032,-99
10152324591,184.4841,284.1159,-99
10152357924,183.6566,282.5714,-99
10152391257,183.8308,281.5945,-99
10152424590,182.0997,279.8701,-99
10152457923,181.7688,277.2161,-99
10152491256,180.9164,275.1031,-99
10152524589,180.7624,272.4935,-99
10152557922,181.6079,269.0557,-99
10152591255,181.2063,266.6527,-99
10152624588,181.4879,265.9369,-99
10152657921,180.4214,264.3167,-99
10152691254,179.7118,263.5222,-99
10152730135,179,262.8036,-99
10152763468,177.7531,262.1721,-99
10152796801,177.1266,262.938,-99
10152830134,175.9375,263.8324,-99
10152863467,175.7798,262.7232,-99
10152896800,175.8599,262.8681,-99
10152930133,176.3687,261.687,-99
10152963466,175.7582,261.4786,-99
10152996799,175.4974,261.0737,-99
10153030132,175.5649,260.1923,-99
10153063465,175.5093,259.257,-99
10153096798,176.9763,258.6517,-99
10153130131,178.6992,258.5251,-99
10153163464,180.9951,257.8993,-99
10153196797,182.8955,257.3563,-99
10153230130,184.4896,257.7136,-99
10153263463,185.549,257.6583,-99
10153296796,185.5556,257.0139,-99
10153330129,185.3427,257.2104,-99
10153363462,184.5228,256.8153,-99
10153396795,182.7003,254.9363,-99
10153430128,182.3478,254.3936,-99
10153463461,181.658,253.5381,-99
10153496794,179.3728,251.383,-99
10153530127,179.2928,251.5112,-99
10153563460,177.3805,249.9234,-99
10153596793,174.6089,248.0842,-99
10153630126,173.5372,247.6763,-99
10153663459,172.6602,247.1349,-99
10153696792,171.4261,245.0949,-99
10153730125,171.3412,244.0782,-99
10153763458,171.6599,244.9899,-99
10153796791,170.2286,243.2771,-99
10153830124,171.1962,241.5504,-99
10153863457,171.5507,241.3562,-99
10153896790,172.8851,240.2428,-99
10153930123,173.765,239.423,-99
10153963456,175.2514,237.9645,-99
10153996789,176.9122,237.0824,-99
10154030122,178.5419,236.8822,-99
10154063455,179.7914,236.6057,-99
10154096788,181.8316,236.0737,-99
10154130121,183.2403,236.2542,-99
10154163454,184.5813,235.7769,-99
10154196787,186.4296,234.8495,-99
10154230120,187.5024,234.689,-99
10154263453,188.7746,234.7218,-99
10154296786,189.8575,234.0828,-99
10154330119,190.7886,233.5487,-99
10154363452,191.1327,233.6636,-99
10154396785,191.8306,233.6776,-99
10154430118,191.1443,233.4352,-99
10154463451,189.783,230.8429,-99
10154496784,188.8341,229.6925,-99
10154530117,187.4832,228.4083,-99
10154563450,185.6754,225.8148,-99
10154596783,183.8977,224.1995,-99
10154630116,181.7071,222.8788,-99
10154663449,180.9129,221.7734,-99
10154696782,179.3634,219.7895,-99
10154730115,178.4295,219.1096,-99
10154763448,177.3434,218.6111,-99
10154796781,177.4599,217.7754,-99
10154830114,178.5332,216.4005,-99
10154863447,179.8918,214.7548,-99
10154896780,181.7136,213.3685,-99
10154930113,182.7956,212.5249,-99
10154963446,183.9204,211.5836,-99
10154996779,185.0788,210.3437,-99
10155030112,186.1911,208.8743,-99
10155063445,187.1821,206.7641,-99
10155096778,187.6598,205.6805,-99
10155130111,189.7684,205.5123,-99
10155163444,190.2709,202.9114,-99
10155196777,191.3892,202.5591,-99
10155230110,194.487,201.9323,-99
10155263443,196.7727,199.447,-99
10155296776,198.0624,198.0485,-99
10155330109,200.805,197.7324,-99
10155363442,202.021,197.4592,-99
10155396775,202.949,195.8271,-99
10155430108,203.6183,194.2746,-99
10155463441,204.7065,192.9069,-99
10155496774,205.2827,190.7079,-99
10155530107,205.2685,189.0742,-99
10155563440,205.3154,188.4897,-99
10155596773,204.9416,185.7967,-99
10155630106,204.0548,185.3357,-99
10155663439,202.4986,185.6567,-99
10155696772,202.2947,182.7028,-99
10155730105,202.2093,181.8424,-99
10155763438,202.2931,182.4499,-99
10155796771,202.6366,180.4244,-99
10155830104,202.9066,178.312,-99
10155863437,204.6818,178.4596,-99
10155896770,206.066,178.2268,-99
10155930103,207.7988,178.3039,-99
10155963436,208.1715,178.6236,-99
10155996769,208.5152,178.9805,-99
10156030102,209.1242,178.8715,-99
10156065764,208.7037,177.7605,-99
10156099097,208.696,178.4261,-99
10156132430,209.125,177.64,-99
10156165763,209.3324,177.376,-99
10156199096,208.8409,177.6556,-99
10156232429,208.7332,178.1752,-99
10156265762,208.0347,178.1042,-99
10156299095,206.8951,178.5122,-99
10156332428,206.4835,178.9186,-99
10156365761,206.8405,178.8619,-99
10156399094,206.6478,178.5219,-99
10156432427,207.9238,177.6524,-99
10156465760,208.7574,177.39,-99
10156499093,209.2482,176.895,-99
10156532426,209.8314,177.1101,-99
10156565759,210.6928,176.9446,-99
10156599092,210.2596,176.3883,-99
10156632425,209.8845,176.1524,-99
10156665758,209.7083,176.2014,-99
10156699091,209.0983,175.1523,-99
10156732424,208.5607,174.3808,-99
10156765757,207.5195,172.7803,-99
10156799090,207.2893,173.3774,-99
10156832423,206.1767,172.7888,-99
10156865756,204.9659,171.71,-99
10156899089,203.8933,171.2678,-99
10156932422,202.8518,171.1897,-99
10156965755,201.1167,170.9728,-99
10156999088,199.8755,170.6379,-99
10157032421,199.25,169.9246,-99
10157065754,199.4313,170.1202,-99
10157099087,198.8526,169.8426,-99
10157132420,198.5288,169.3889,-99
10157165753,198.6716,169.4174,-99
10157199086,198.0759,169.116,-99
10157232419,198.6776,168.9325,-99
10157265752,198.5098,168.8677,-99
10157299085,199.2675,168.8951,-99
10157332418,199.303,168.2055,-99
10157365751,199.8864,169.0243,-99
10157399084,200.3447,168.483,-99
10157432417,200.1646,168.7906,-99
10157465750,200.2254,168.1926,-99
10157499083,199.8021,168.9872,-99
10157532416,198.5995,168.2639,-99
10157565749,198.744,168.8928,-99
10157599082,197.8712,169.1824,-99
10157632415,197.6785,168.7827,-99
10157665748,197.7766,168.7744,-99
10157699081,197.7228,169.0111,-99
10157732414,197.8036,169.0251,-99
10157765747,198.3385,169.0615,-99
10157799080,197.9038,169.2506,-99
10157832413,198.3636,169.6407,-99
10157865746,197.8912,170.1066,-99
10157899079,198.0484,170.5116,-99
10157932412,198.1938,170.65,-99
10157965745,198.5497,171.4799,-99
10157999078,199.0675,171.9543,-99
10158032411,199.583,172.2447,-99
10158065744,200.2817,174.2213,-99
10158099077,201.0647,173.4978,-99
10158132410,202.3468,173.9306,-99
10158165743,203.8604,175.2979,-99
10158199076,205.1655,176.014,-99
10158232409,207.3398,177.1807,-99
10158265742,209.9669,177.7636,-99
10158299075,212.6066,178.7986,-99
10158332408,215.4315,179.2877,-99
10158365741,216.8816,179.7609,-99
10158399074,218.0639,179.5297,-99
10158432407,219.1111,177.9338,-99
10158465740,219.2371,177.6596,-99
10158499073,219.2446,176.3075,-99
10158532406,219.767,174.189,-99
10158565739,219.8762,172.6524,-99
10158599072,220.1667,169.5892,-99
10158632405,220.3235,168.6049,-99
10158665738,220.0051,165.801,-99
10158699071,220.5556,164.7424,-99
10158732404,221.6464,162.2342,-99
10158765737,222.7635,160.2725,-99
10158799070,223.7784,160.3093,-99
10158832403,224.9199,158.1625,-99
10158865736,226.4211,157.0977,-99
10158899069,227.3375,157.0844,-99
10158932402,227.961,156.7047,-99
10158965735,228.9507,157.2,-99
10158999068,230.6341,156.7263,-99
10159032401,231.3678,155.5995,-99
10159065734,232.0711,155.7395,-99
10159099067,232.7209,154.6873,-99
10159132400,233.5338,154.5138,-99
10159165733,234.9591,153.2097,-99
10159199066,236.6615,153.013,-99
10159232399,238.5856,152.7455,-99
10159265732,239.5262,152.8907,-99
10159299065,240.3237,152.4293,-99
10159332398,239.7923,152.763,-99
10159365731,238.958,153.2634,-99
10159398830,239.4907,152.6773,-99
10159432163,239.7792,151.3071,-99
10159465496,240.263,149.2891,-99
10159498829,240.5379,148.5379,-99
10159532162,241.7424,147.4394,-99
10159565495,243.9685,145.0876,-99
10159598828,245.1109,144.1386,-99
10159632161,246.1506,144.4764,-99
10159665494,247.4218,143.3991,-99
10159698827,248.4755,143.1399,-99
10159732160,250.0362,142.086,-99
10159765493,251.4635,140.7785,-99
10159798826,252.9068,140.3613,-99
10159832159,254.2043,138.1178,-99
10159865492,255.861,137.5053,-99
10159898825,257.6838,135.0172,-99
10159932158,260.8673,133.2088,-99
10159965491,263.4304,131.5155,-99
10159998824,266.0916,130.2277,-99
10160032157,269.0229,129.5127,-99
10160065490,271.0468,129.9013,-99
10160098823,274.5434,131.0799,-99
10160132156,276.6169,131.7542,-99
10160165489,278.1043,131.9796,-99
10160198822,280.7143,132.7009,-99
10160232155,281.9977,132.1482,-99
10160265488,281.3008,131.2879,-99
10160298821,283.211,130.717,-99
10160332154,284.7837,128.625,-99
10160365487,285.5206,127.3247,-99
10160398820,287.3976,125.3325,-99
10160432153,288.7976,124.5143,-99
10160465486,289.9539,123.6359,-99
10160498819,291.0572,123.1318,-99
10160532152,292.6156,122.0316,-99
10160565485,294.0542,120.8818,-99
10160598818,297.6554,121.6681,-99
10160632151,300.3537,121.1659,-99
10160665484,302.0218,121.5437,-99
10160698817,303.8868,121.9958,-99
10160732150,305.681,122.8221,-99
10160765483,307.8266,123.0613,-99
10160798816,311.7278,123.4415,-99
10160832149,313.9383,122.8106,-99
10160865482,316.463,122.5887,-99
10160898815,320.1613,122.6427,-99
10160932148,323.2928,123.0405,-99
10160965481,326.7512,123.2891,-99
10160998814,329.3423,123.9389,-99
10161032147,330.7177,124.8421,-99
10161065480,331.8198,126.3223,-99
10161098813,333.5925,126.0375,-99
10161132146,334.0229,125.9594,-99
10161165479,335.5459,126.2826,-99
10161198812,336.6814,125.4902,-99
10161232145,338.2903,124.8295,-99
10161265478,340.6836,124.8496,-99
10161298811,342.5777,122.8319,-99
10161332144,343.7516,122.5789,-99
10161365477,346.6004,122.7172,-99
10161398810,347.9375,121.4028,-99
10161432143,350.2647,121.7101,-99
10161465476,354.0747,121.7978,-99
10161498809,355.9924,121.3359,-99
10161532142,358.9346,121.4261,-99
10161565475,361.4,121.9275,-99
10161598808,362.5177,122.2955,-99
10161632141,363.9389,121.9242,-99
10161665474,365.7531,121.7783,-99
10161698807,367.5558,121.0794,-99
10161732140,369.3242,120.3569,-99
10161765473,371.4908,118.6273,-99
10161798806,373.0472,118.5798,-99
10161832139,375.0807,119.058,-99
10161865472,376.0272,118.3447,-99
10161898805,377.3536,118.0383,-99
10161932138,378.9438,118.7551,-99
10161965471,379.4839,119.4101,-99
10161998804,380.748,120.7787,-99
10162032137,382.5454,121.5366,-99
10162065470,381.9474,121.8526,-99
10162098803,384.1734,122.005,-99
10162132136,385.1086,122.4697,-99
10162165469,385.0102,122.7786,-99
10162198802,384.6913,123.5145,-99
10162232135,386.0719,126.5338,-99
10162265468,387.8613,128.5605,-99
10162298801,388.8212,130.5605,-99
10162332134,389.8477,132.2734,-99
10162365467,390.7515,133.3676,-99
10162398800,392.336,135.3992,-99
10162432133,393.5471,136.0018,-99
10162465466,393.5248,137.1221,-99
10162498799,394.9046,138.5934,-99
10162532132,396.6201,139.5934,-99
10162565465,397.9043,139.1367,-99
10162598798,400.3183,140.9503,-99
10162632131,401.8879,142.8541,-99
10162665464,403.067,143.2873,-99
10162698797,405.4513,144.2795,-99
10162731209,408.005,145.04,-99
10162764542,409.6562,146.9007,-99
10162797875,411.9189,148.1754,-99
10162831208,413.2273,149.8737,-99
10162864541,415.3305,153.84,-99
10162897874,417.0973,155.5751,-99
10162931207,419.1695,156.6271,-99
10162964540,420.6831,158.6091,-99
10162997873,422.3055,158.6264,-99
10163031206,423.1759,159.1412,-99
10163064539,424.6697,160.2771,-99
10163097872,426.0823,161.1076,-99
10163131205,426.9221,161.3279,-99
10163164538,427.4918,160.9139,-99
10163197871,428.9392,162.3517,-99
10163231204,430.2401,163.3584,-99
10163264537,431.067,163.825,-99
10163297870,430.8392,163.19,-99
10163331203,431.5417,163.5329,-99
10163364536,431.2356,162.5913,-99
10163397869,430.9659,162.8583,-99
10163431202,430.5952,163.3271,-99
10163464535,430.8437,163.8949,-99
10163497868,430.2805,164.0194,-99
10163531201,430.6613,164.0565,-99
10163564534,430.1138,163.6243,-99
10163597867,430.6858,163.806,-99
10163631200,430.5995,163.4058,-99
10163664533,431.2473,163.0215,-99
10163697866,431.9256,161.7846,-99
10163731199,431.8119,161.8976,-99
10163764532,432.6065,161.7176,-99
10163797865,432.9666,161.91,-99
10163831198,432.6286,161.6262,-99
10163864531,432.9477,164.0523,-99
10163897864,433.0042,164.8671,-99
10163931197,433.0214,165.5577,-99
10163964530,433.5438,167.0966,-99
10163997863,434.0454,168.0195,-99
10164031196,434.6964,169.1974,-99
10164064529,435.8243,170.5158,-99
10164097862,436.3474,171.6208,-99
10164131195,437.4648,172.3766,-99
10164164528,437.8008,173.1929,-99
10164197861,437.9108,172.9896,-99
10164231194,437.8708,173.4047,-99
10164264527,438.9698,174.319,-99
10164297860,439.3069,174.497,-99
10164331193,439.5825,175.5885,-99
10164364526,439.803,177.0208,-99
10164400188,439.6844,177.783,-99
10164433521,439.8178,178.2356,-99
10164466854,439.9219,180.4686,-99
10164500187,441.6523,181.9527,-99
10164533520,442.3091,182.3444,-99
10164566853,444.2386,183.8004,-99
10164600186,445.2556,183.0902,-99
10164633519,446.6501,184.4413,-99
10164666852,449.4116,185.8258,-99
10164700185,450.3969,189.3114,-99
10164733518,451.8078,191.4168,-99
10164766851,453.5093,194.0474,-99
10164800184,455.2445,195.7031,-99
10164833517,456.2571,198.2449,-99
10164866850,457.1,201.3532,-99
10164900183,457.4705,202.8354,-99
10164933516,458.5949,205.9659,-99
10164966849,458.817,208.1298,-99
10165000182,459.7773,209.5327,-99
10165033515,460.8711,210.3378,-99
10165066848,462.4058,211.6956,-99
10165100181,463.7954,212.6467,-99
10165133514,465.9153,213.621,-99
10165166847,467.338,214.898,-99
10165200180,467.3408,215.5367,-99
10165233513,468.3549,217.3257,-99
10165266846,467.3522,220.2459,-99
10165300179,465.9667,222.2389,-99
10165333512,466.5958,226.0735,-99
10165366845,468.2809,230.8092,-99
10165400178,468.7323,233.8543,-99
10165433511,468.8905,236.3996,-99
10165466844,468.5818,239.6444,-99
10165500177,468.0431,241.0226,-99
10165533510,467.9321,243.4027,-99
10165566843,466.6234,245.4046,-99
10165600176,465.9697,246.1185,-99
10165633509,466.046,249.0891,-99
10165666842,466.9333,250.4841,-99
10165700175,466.5511,253.6586,-99
10165733508,465.7973,257.2676,-99
10165766841,465.6491,258.4766,-99
10165800174,464.2971,260.7286,-99
10165833507,463.1573,264.0327,-99
10165866840,462.2613,265.2903,-99
10165900173,461.6469,268.3898,-99
10165933506,460.8914,271.9666,-99
10165966839,459.0778,273.2161,-99
10166000172,458.8111,273.6278,-99
10166033505,458.577,275.3978,-99
10166075636,458.1154,276.1676,-99
10166108969,458.073,276.0032,-99
10166142302,459.3566,274.5116,-99
10166175635,462.444,276.7351,-99
10166208968,463.8441,279.8973,-99
10166242301,464.7473,281.8773,-99
10166275634,466.704,283.1931,-99
10166308967,467.0211,283.8912,-99
10166342300,465.6788,286.2364,-99
10166375633,465.746,286.2419,-99
10166408966,464.8781,291.8495,-99
10166442299,455.905,297.2231,-99
10166475632,454.2188,296.845,-99
10166508965,451.2935,297.6658,-99
10166542298,449.057,297.9197,-99
10166575631,447.3127,296.0163,-99
10166608964,447.4178,297.8214,-99
10166642297,451.6417,302.8032,-99
10166675630,452.9555,305.3116,-99
10166708963,454.9209,311.1116,-99
10166742296,457.9324,319.5676,-99
10166775629,455.1991,317.8054,-99
10166808962,453.0618,315.8551,-99
10166842295,453.2576,316.9192,-99
10166875628,452.6132,321.598,-99
10166908961,450.3821,324.3225,-99
10166942294,447.8266,325.0854,-99
10166975627,443.487,327.7896,-99
10167008960,441.8191,330.2825,-99
10167042293,440.5304,330.1588,-99
10167075626,439.6463,331.7177,-99
10167108959,439.0805,333.6342,-99
10167142292,438.9575,335.3435,-99
10167175625,438.6495,337.4309,-99
10167208958,440.4652,341.1487,-99
10167242291,441.6156,342.4875,-99
10167275624,442.5928,344.0249,-99
10167308957,440.3985,345.066,-99
10167342290,437.6508,345.3575,-99
10167375623,435.1671,344.8251,-99
10167408956,431.5286,346.7929,-99
10167442289,428.2294,347.4559,-99
10167475622,425.4489,346.0914,-99
10167508955,423.1111,347.1667,-99
10167542288,423.6723,351.7319,-99
10167575621,422.1167,353.1958,-99
10167608954,419.9673,354.8084,-99
10167642287,421.4383,351.7143,-99
10167675620,420.8024,353.4072,-99
10167708953,420.9277,356.1655,-99
10167742286,419.8538,357.4977,-99
10167775619,419.2789,358.746,-99
10167808952,417.6751,360.288,-99
10167842285,413.0521,361.0984,-99
10167875618,410.8584,362.9717,-99
10167908951,411.2292,364.0504,-99
10167942284,409.8492,365.2889,-99
10167975617,408.5869,368.2764,-99
10168008950,408.7361,368.9695,-99
10168042283,408.1946,371.5,-99
10168075616,408.7962,372.5498,-99
10168108949,410.4632,376.0618,-99
10168142282,411.7212,379.1253,-99
10168175615,412.2153,380.8441,-99
10168208948,408.2585,385.2872,-99
10168242281,406.1644,385.6658,-99
10168275614,401.2043,385.3232,-99
10168308947,400.0394,384.3273,-99
10168342280,397.743,383.8997,-99
10168375613,397.7661,383.7538,-99
10168408946,397.3304,383.7661,-99
10168442279,397.4131,384.0435,-99
10168475612,399.0703,384.9635,-99
10168508945,401.0408,384.3922,-99
10168542278,399.9318,384.6439,-99
10168575611,398.9956,385.0175,-99
10168608944,397.0861,384.8214,-99
10168642277,395.4817,386.1175,-99
10168675610,394.1707,386.8675,-99
10168708943,392.1898,384.7868,-99
10168742276,391.8514,383.2129,-99
10168775609,388.7819,383.0994,-99
10168808942,387.181,381.34,-99
10168842275,384.8803,381.2201,-99
10168875608,382.7505,381.1619,-99
10168908941,379.7783,381.9218,-99
10168942274,376.7565,382.1853,-99
10168975607,373.9293,383.5135,-99
10169008940,372.0144,384.8457,-99
10169042273,371.579,385.8228,-99
10169075606,370.8282,386.8089,-99
10169108939,370.7176,387.8619,-99
10169142272,370.6911,388.9451,-99
10169175605,369.7919,389.8484,-99
10169208938,368.4037,392.4128,-99
10169242271,367,392.9799,-99
10169275604,366.2452,396.606,-99
10169308937,363.2511,404.2723,-99
10169342270,359.2883,406.9264,-99
10169375603,359.1844,409.3911,-99
10169414484,362.8956,409.2169,-99
10169447817,363.4263,409.6282,-99
10169481150,363.9313,408.4707,-99
10169514483,363.0205,409.4224,-99
10169547816,357.0431,410.1076,-99
10169581149,356.0738,409.5077,-99
10169614482,352.7113,409.2018,-99
10169647815,349.6124,407.8684,-99
10169681148,346.4973,405.4425,-99
10169714481,343.6262,402.5451,-99
10169747814,343.3262,399.8427,-99
10169781147,342.0458,399.048,-99
10169814480,340.1354,397.0542,-99
10169847813,337.943,396.2018,-99
10169881146,335.5887,396.697,-99
10169914479,334.1341,397.5275,-99
10169947812,332.501,397.9495,-99
10169981145,330.6752,398.2415,-99
10170014478,328.5423,398.2061,-99
10170047811,326.5376,397.4882,-99
10170081144,325.3665,396.3708,-99
10170114477,323.4904,395.6136,-99
10170147810,322.0243,395.3208,-99
10170181143,321.3654,394.8622,-99
10170214476,320.9304,396.2435,-99
10170247809,320.5787,397.7982,-99
10170281142,319.7257,400.1425,-99
10170314475,317.7875,402.3065,-99
10170347808,315.6752,405.2866,-99
10170381141,314.4935,406.7629,-99
10170414474,312.7594,408.5982,-99
10170447807,308.9649,407.4307,-99
10170481140,306.6168,406.4434,-99
10170514473,304.1965,404.1096,-99
10170547806,303.096,402.1248,-99
10170581139,302.4479,401.4967,-99
10170614472,302.3844,399.2867,-99
10170647805,301.5743,398.0563,-99
10170681138,299.8081,397.5711,-99
10170714471,299.0293,397.6419,-99
10170747804,298.8445,398.7451,-99
10170781137,298.2276,398.7678,-99
10170814470,295.8912,397.3473,-99
10170847803,295.3474,397.0201,-99
10170881136,294.5412,395.9866,-99
10170914469,294.4014,393.3922,-99
10170947802,294.1247,391.4108,-99
10170981135,296.1394,389.7091,-99
10171014468,295.7115,388.1325,-99
10171047801,295.407,387.1268,-99
10171083432,295.9441,387.0459,-99
10171116765,295.0422,388.1245,-99
10171150098,295.2253,389.2072,-99
10171183431,293.5205,390.5765,-99
10171216764,291.9425,391.7893,-99
10171250097,290.3736,392.9442,-99
10171283430,289.4156,393.8387,-99
10171316763,287.9981,394.722,-99
10171350096,287.3969,395.1011,-99
10171383429,287.5654,395.4286,-99
10171416762,287.5877,395.6898,-99
10171450095,287.572,396.3321,-99
10171483428,287.3538,397,-99
10171516761,286.9146,398.1709,-99
10171550094,286.5286,399.6694,-99
10171583427,286.5652,401.4152,-99
10171616760,285.3011,403.4484,-99
10171650093,283.976,404.2723,-99
10171683426,282.8549,405.0635,-99
10171716759,281.6165,404.9019,-99
10171750092,280.6524,403.691,-99
10171783425,278.6926,403.1411,-99
10171816758,278.3243,400.9314,-99
10171850091,276.9737,397.6147,-99
10171883424,277.2542,398.4867,-99
10171916757,277.277,397.1291,-99
10171950090,275.6853,395.2331,-99
10171983423,274.4965,393.7925,-99
10172016756,271.6867,391.3735,-99
10172050089,271.3393,389.8797,-99
10172083422,269.4778,389.2742,-99
10172116755,265.8656,387.0896,-99
10172150088,264.6257,385.5643,-99
10172183421,262.028,383.0758,-99
10172216754,260.4251,380.4214,-99
10172250087,259.4816,378.6955,-99
10172283420,258.7143,377.6548,-99
10172316753,257.098,376.034,-99
10172350086,255.4664,376.3992,-99
10172383419,252.8262,377.3333,-99
10172416752,250.1572,378.6021,-99
10172450085,247.0391,379.7461,-99
10172483418,243.6699,380.9277,-99
10172516751,240.9981,381.412,-99
10172550084,238.8936,381.741,-99
10172583417,237.9584,382.2648,-99
10172616750,236.8403,381.3435,-99
10172650083,233.9245,379.6156,-99
10172683416,233.9813,377.8712,-99
10172716749,234.0394,374.8128,-99
10172750082,233.7568,373.3612,-99
10172783415,234.4311,371.6173,-99
10172816748,235.2828,369.9369,-99
10172850081,235.0709,369.2966,-99
10172883414,233.9156,368.1266,-99
10172916747,232.6757,365.714,-99
10172950080,230.4408,364.9979,-99
10172983413,228.4333,363.9978,-99
10173016746,227.4196,361.8281,-99
10173050079,227.0881,361.481,-99
10173083412,226.9624,359.2431,-99
10173116745,227.2251,356.9327,-99
10173150078,227.4146,354.4807,-99
10173183411,228.4186,353.3628,-99
10173216744,229.3861,351.5814,-99
10173250077,227.7898,351.3376,-99
10173283410,227.6913,351.4239,-99
10173316743,225.8223,351.6445,-99
10173350076,224.3954,352.4707,-99
10173383409,222.437,352.7744,-99
10173416742,220.3133,352.4689,-99
10173450075,219.0306,352.2286,-99
10173483408,217.9221,350.5184,-99
10173516741,217.7339,349.5743,-99
10173550074,217.0889,348.8578,-99
10173583407,216.0624,347.9561,-99
10173616740,216.1245,348.1245,-99
10173650073,214.7742,348.6172,-99
10173683406,213.4696,349.4355,-99
10173716739,211.8913,349.4976,-99
10173750072,209.9399,349.4279,-99
10173783405,208.11,348.6161,-99
10173816738,207.1951,347.0244,-99
10173850071,206.9229,346.1133,-99
10173883404,206.445,342.395,-99
10173916737,205.873,338.9909,-99
10173950070,205.2489,335.6489,-99
10173983403,205.2864,334.3723,-99
10174016736,206.4897,333.5285,-99
10174050069,204.8043,332.4064,-99
10174083402,203.5705,332.141,-99
10174116735,202.2187,331.0091,-99
10174150068,202.302,330.0396,-99
10174183401,200.1242,327.939,-99
10174216734,200.3595,326.5309,-99
10174250067,200.8109,325.1344,-99
10174283400,199.7478,323.0927,-99
10174316733,198.9977,322.2454,-99
10174350066,198.2281,322.1913,-99
10174383399,197.2077,323.2367,-99
10174408418,194.3819,322.5417,-99
10174441751,192.282,321.8959,-99
10174475084,190.3934,321.2484,-99
10174508417,189.4559,320.4295,-99
10174541750,188.7517,318.2212,-99
10174575083,189.3737,318.4237,-99
10174608416,189.8802,317.7677,-99
10174641749,189.1055,316.5459,-99
10174675082,188.929,316.8049,-99
10174708415,187.73,315.0175,-99
10174741748,186.2834,314.2192,-99
10174775081,185.2518,314.0494,-99
10174808414,182.9734,311.2832,-99
10174841747,183.4499,310.6877,-99
10174875080,184.8505,311.7191,-99
10174908413,186.437,311.0456,-99
10174941746,188.7882,311.6618,-99
10174975079,189.6552,309.5862,-99
10175008412,191.1029,308.4037,-99
10175041745,191.4257,306.9219,-99
10175075078,191.5229,306.345,-99
10175108411,192.1926,305.2079,-99
10175141744,191.4391,304.1336,-99
10175175077,191.5316,303.1893,-99
10175208410,191.2578,300.2482,-99
10175241743,191.5,297.7371,-99
10175275076,191.8486,295.8784,-99
10175308409,192.0733,292.9551,-99
10175341742,192.4931,291.1461,-99
10175375075,191.0491,288.6652,-99
10175408408,190.2297,286.9861,-99
10175441741,188.4214,284.5148,-99
10175475074,186.1781,283.9315,-99
10175508407,185.0947,282.8204,-99
10175541740,183.716,280.7816,-99
10175575073,182.3228,280.1262,-99
10175608406,182.5792,279.87,-99
10175641739,181.2067,277.1923,-99
10175675072,182.6667,276.7328,-99
10175708405,182.7277,276.1291,-99
10175741738,183.0213,275.4716,-99
10175775071,181.7143,273.644,-99
10175808404,181.1305,272.4615,-99
10175841737,179.5,270.3625,-99
10175875070,178.318,268.3087,-99
10175908403,178.3538,265.6722,-99
10175941736,177.4928,264.3551,-99
10175975069,178.3182,264.1545,-99
10176008402,178.66,262.7543,-99
10176041735,179.7874,262.7005,-99
10176083179,180.7056,262.6519,-99
10176116512,180.9499,262.1503,-99
10176149845,181.2854,262.4977,-99
10176183178,180.9886,261.7273,-99
10176216511,181.9391,261.6885,-99
10176249844,181.6583,261.412,-99
10176283177,182.5473,260.6189,-99
10176316510,183.3537,259.9829,-99
10176349843,184.0047,258.9858,-99
10176383176,184.9907,258.0349,-99
10176416509,185.6518,258.3772,-99
10176449842,185.0963,257.9862,-99
10176483175,184.4667,257.9103,-99
10176516508,183.4272,257.9587,-99
10176549841,182.7128,258.3048,-99
10176583174,180.9597,257.6852,-99
10176616507,178.9192,256.5081,-99
10176649840,176.5475,255.1775,-99
10176683173,174.8284,254.8257,-99
10176716506,172.7599,254.6042,-99
10176749839,171.6509,254.3386,-99
10176783172,171.1213,254.2822,-99
10176816505,170.3775,254.898,-99
10176849838,170.6923,255.0769,-99
10176883171,170.2216,253.7423,-99
10176916504,170.8045,254.2356,-99
10176949837,170.509,253.9386,-99
10176983170,171.2465,253.331,-99
10177016503,172.606,253.7908,-99
10177049836,173.3165,253.383,-99
10177083169,174.9606,251.7944,-99
10177116502,177.4799,251.431,-99
10177149835,179.7203,249.613,-99
10177183168,181.8571,247.8852,-99
10177216501,183.9899,248.5711,-99
10177249834,185.0765,248.1003,-99
10177283167,186.5937,248.2401,-99
10177316500,187.1544,248.4828,-99
10177349833,186.9638,246.3507,-99
10177383166,187.9632,245.4874,-99
10177416499,189.3198,246.0119,-99
10177449832,189.0966,243.901,-99
10177483165,189.949,241.8204,-99
10177516498,190.9792,241.6273,-99
10177549831,190.5817,239.3558,-99
10177583164,190.1208,237.5347,-99
10177616497,189.3106,236.6313,-99
10177649830,188.6039,233.9453,-99
10177683163,186.2107,231.0787,-99
10177716496,185.5874,229.5404,-99
10177752127,184.3509,227.5726,-99
10177785460,184.2989,226.4494,-99
10177818793,183.1667,224.3464,-99
10177852126,182.9681,223.6462,-99
10177885459,183.639,223.0238,-99
10177918792,183.5674,221.799,-99
10177952125,184.0732,221.1239,-99
10177985458,184.3794,220.6396,-99
10178018791,185.9109,220.3994,-99
10178052124,185.3857,217.4573,-99
10178085457,186.0877,216.655,-99
10178118790,188.1028,215.8355,-99
10178152123,188.8799,212.6275,-99
10178185456,189.2685,210.6435,-99
10178218789,189.7971,208.8019,-99
10178252122,190.9534,208.4461,-99
10178285455,191.5248,206.9693,-99
10178318788,193.0914,206.1086,-99
10178352121,194.7991,206.1478,-99
10178385454,195.972,205.6168,-99
10178418787,198.0732,204.7341,-99
10178452120,199.1131,202.9842,-99
10178485453,200.5854,202.0439,-99
10178518786,202.0337,200.8675,-99
10178552119,201.777,197.8753,-99
10178585452,201.5821,197.2513,-99
10178618785,200.6899,194.6851,-99
10178652118,199.6609,192.6188,-99
10178685451,198.2915,189.6517,-99
10178718784,196.4396,188.365,-99
10178752117,195.8843,186.0162,-99
10178785450,195.7394,183.3324,-99
10178818783,195.2432,183.9508,-99
10178852116,196.2291,181.9434,-99
10178885449,196.5473,181.4327,-99
10178918782,197.2017,180.9403,-99
10178952115,198.4127,178.9312,-99
10178985448,199.6535,177.8441,-99
10179018781,201.4393,177.3808,-99
10179052114,201.8849,177.4491,-99
10179085447,202.65,177.5409,-99
10179118780,203.391,177.3974,-99
10179152113,203.4093,177.5698,-99
10179185446,204.372,178.218,-99
10179218779,203.7077,177.6066,-99
10179252112,204.9368,176.4973,-99
10179285445,206.4,176.285,-99
10179318778,208.0284,177.1938,-99
10179352111,209.8616,179.3681,-99
10179385444,212.455,180.0823,-99
10179418777,214.5123,181.5049,-99
10179452110,214.8828,183.7135,-99
10179485443,215.2923,184.4872,-99
10179518776,215.5073,183.9902,-99
10179552109,213.8259,184.5198,-99
10179585442,212.4843,182.3351,-99
10179618775,210.7284,181.9873,-99
10179652108,210.959,182.5702,-99
10179685441,210.2876,181.1046,-99
10179718774,209.9845,180.6843,-99
10179752107,209.945,179.7362,-99
10179785440,210.927,178.6659,-99
10179818773,211.1398,177.8284,-99
10179852106,212.0814,177.4283,-99
10179885439,212.2368,176.8874,-99
10179918772,212.7981,176.7582,-99
10179952105,213.7424,176.9127,-99
10179985438,213.8277,177.264,-99
10180018771,213.9807,177.6753,-99
10180052104,213.9189,177.3292,-99
10180085437,213.5508,177.5267,-99
10180118770,213.4391,177.6929,-99
10180152103,213.3325,179.2597,-99
10180185436,215.0201,179.8949,-99
10180218769,215.1893,180.757,-99
10180252102,215.3921,181.2401,-99
10180285435,216.9494,182.1316,-99
10180318768,217.9689,182.6822,-99
10180352101,219.237,183.6403,-99
10180385434,219.4617,185.4534,-99
10180418767,220.1093,185.6355,-99
10180452100,219.812,186.4286,-99
10180485433,220.6293,186.1592,-99
10180518766,222.1293,185.0993,-99
10180552099,222.8972,182.6552,-99
10180585432,222.5631,180.1706,-99
10180618765,222.4918,177.9204,-99
10180652098,222.4726,174.5602,-99
10180685431,222.2746,170.3204,-99
10180718764,222.0084,167.3613,-99
10180752097,222.2843,165.1022,-99
10180785430,222.0045,162.1521,-99
10180818763,222.7438,161.1429,-99
10180852096,224.0575,158.0092,-99
10180885429,225.8568,157.6982,-99
10180918762,227.5932,154.7191,-99
10180952095,229.561,154.1843,-99
10180985428,231.3934,153.1345,-99
10181018761,233.2927,149.7534,-99
10181052094,234.5443,149.5148,-99
10181084505,236.5714,148.6587,-99
10181117838,237.9782,148.2943,-99
10181151171,238.7378,147.6703,-99
10181184504,239.7206,145.3943,-99
10181217837,240.3097,145.7612,-99
10181251170,240.3564,145.5198,-99
10181284503,241.162,144.4267,-99
10181317836,242.8564,143.8713,-99
10181351169,244.7681,144.9362,-99
10181384502,246.748,145.8387,-99
10181417835,248.9007,146.3532,-99
10181451168,249.5969,146.7571,-99
10181484501,251.5299,147.2717,-99
10181517834,254.2849,147.7014,-99
10181551167,256.627,146.4292,-99
10181584500,258.6469,144.6588,-99
10181617833,261.068,143.0898,-99
10181651166,263.2897,140.6821,-99
10181684499,264.1185,140.3294,-99
10181717832,265.2506,137.4754,-99
10181751165,264.1076,136.832,-99
10181784498,263.6658,136.8238,-99
10181817831,263.0149,136.4467,-99
10181851164,262.3049,135.3023,-99
10181884497,260.9508,135.7951,-99
10181917830,261.1003,135.9469,-99
10181951163,262.2249,135.9349,-99
10181984496,263.0058,135.2197,-99
10182017829,264.8234,135.6539,-99
10182051162,266.5117,135.764,-99
10182084495,266.952,134.6944,-99
10182117828,267.5976,133.739,-99
10182151161,268.9186,131.9764,-99
10182184494,269.8535,130.7549,-99
10182217827,270.9268,128.8266,-99
10182251160,272.5726,128.6027,-99
10182284493,273.5707,127.672,-99
10182317826,275.2985,126.0969,-99
10182351159,277.3342,125.8135,-99
10182384492,278.6299,126.7008,-99
10182417825,280.586,128.1995,-99
10182451158,284.2107,128.9442,-99
10182484491,286.326,129.8127,-99
10182517824,287.9438,130.4599,-99
10182551157,290.9093,131.1691,-99
10182584490,292.6389,131.0995,-99
10182617823,293.0421,130.7073,-99
10182651156,292.606,130.5734,-99
10182684489,291.6626,130.2937,-99
10182717822,292.484,128.9975,-99
10182759953,291.8974,128.0256,-99
10182793286,290.6333,126.7524,-99
10182826619,292.8468,125.7903,-99
10182859952,292.0759,124.7237,-99
10182893285,292.1943,122.7914,-99
10182926618,293.7318,121.1028,-99
10182959951,295.6836,121.1934,-99
10182993284,296.683,121.3088,-99
10183026617,296.0958,121.8463,-99
10183059950,296.2783,122.0613,-99
10183093283,297.2925,122.525,-99
10183126616,298.2864,122.9523,-99
10183159949,298.0102,122.9239,-99
10183193282,298.0492,124.1521,-99
10183226615,298.7427,124.9958,-99
10183259948,299.5671,124.3312,-99
10183293281,300.6015,124.9274,-99
10183326614,299.931,124.5213,-99
10183359947,301.2544,123.9354,-99
10183393280,302.289,124.2987,-99
10183426613,303.556,124.2534,-99
10183459946,305.7112,124.2651,-99
10183493279,305.8848,124.2449,-99
10183526612,307.5353,124.6826,-99
10183559945,309.7146,125.0625,-99
10183593278,312.0726,125.6532,-99
10183626611,314.9626,126.1933,-99
10183659944,316.2565,126.5631,-99
10183693277,318.3181,127.4672,-99
10183726610,320.3248,128.0446,-99
10183759943,321.4401,128.874,-99
10183793276,323.5651,130.2305,-99
10183826609,324.8564,130.9466,-99
10183859942,324.6575,131.4823,-99
10183893275,324.7038,131.4585,-99
10183926608,326.3652,130.8069,-99
10183959941,326.5094,129.1614,-99
10183993274,327.6893,127.9877,-99
10184026607,329.5396,126.3327,-99
10184059940,331.3453,123.8842,-99
10184093273,332.7288,123.5487,-99
10184126606,333.7869,123.1181,-99
10184159939,334.7429,122.8034,-99
10184193272,337.0808,122.8805,-99
10184226605,338.2087,123.7641,-99
10184259938,337.8482,123.9621,-99
10184293271,339.0803,124.5507,-99
10184326604,341.3907,123.4642,-99
10184359937,343.1657,122.7914,-99
10184393270,345.6537,121.2519,-99
10184426603,348.2037,119.5103,-99
10184459936,350.3178,119.3624,-99
10184493269,352.1972,118.6264,-99
10184526602,355.286,119.8624,-99
10184559935,357.6255,121.6337,-99
10184593268,359.8646,122.6,-99
10184626601,362.0264,123.7343,-99
10184659934,363.891,125.1872,-99
10184693267,366.9393,126.2368,-99
10184726600,369.0211,126.9894,-99
10184759933,371.7088,128.6104,-99
10184793266,374.0108,129.4557,-99
10184826599,375.7291,130.3279,-99
10184859932,378.0184,131.9245,-99
10184893265,380.5,132.8922,-99
10184926598,382.8595,134.8669,-99
10184959931,385.166,135.7985,-99
10184993264,385.3984,135.7789,-99
10185026597,387.1603,136.0084,-99
10185059930,389.5232,136.2384,-99
10185093263,391.2741,133.5728,-99
10185126596,393.9447,132.7788,-99
10185159929,396.6992,131.3734,-99
10185193262,397.4824,131.2529,-99
10185226595,400.3125,131.5867,-99
10185259928,402.6688,131.0513,-99
10185293261,404.7441,130.7368,-99
10185326594,407.0919,131.8254,-99
10185359927,409.4066,132.6146,-99
10185393260,410.9579,134.74,-99
10185426593,412.7899,137.1342,-99
10185459926,414.9624,138.4,-99
10185493259,416.0188,140.9981,-99
10185526592,418.2687,143.0859,-99
10185559925,419.2662,143.9848,-99
10185593258,420.5984,145.9317,-99
10185626591,422.8008,147.2441,-99
10185659924,425.1676,148.1783,-99
10185693257,426.2327,149.3096,-99
10185726590,427.6306,151.7892,-99
10185759923,428.5701,152.6885,-99
10185793256,429.1996,154.6611,-99
10185826589,430.3445,156.5531,-99
10185859922,431.0103,157.9669,-99
10185893255,431.5743,160.0111,-99
10185926588,431.8195,162.5373,-99
10185959921,432.0755,163.0229,-99
10185993254,433.3477,166.546,-99
10186026587,433.2554,168.0668,-99
10186059920,433.643,168.048,-99
10186089800,434.0769,169.2022,-99
10186123133,434.9283,170.1304,-99
10186156466,436.0463,170.6916,-99
10186189799,437.0825,172.5539,-99
10186223132,439.9106,174.1008,-99
10186256465,441.5611,174.9275,-99
10186289798,443.4904,176.3949,-99
10186323131,444.2093,178.1015,-99
10186356464,445.7309,180.0932,-99
10186389797,447.2705,182.2906,-99
10186423130,447.2427,184.2309,-99
10186456463,449.4268,186.3781,-99
10186489796,450.7961,188.3288,-99
10186523129,452.8665,189.9265,-99
10186556462,455.7784,191.2076,-99
10186589795,456.5259,191.3891,-99
10186623128,457.7592,193.7546,-99
10186656461,458.9592,196.6449,-99
10186689794,457.7216,198.3634,-99
10186723127,459.7061,198.5535,-99
10186756460,459.823,204.0559,-99
10186789793,459.5801,210.5018,-99
10186823126,459.7375,208.29,-99
10186856459,457.0507,210.1747,-99
10186889792,458.5533,212.3424,-99
10186923125,459.0279,215.8962,-99
10186956458,461.3991,215.6916,-99
10186989791,461.3702,215.3805,-99
10187023124,461.2817,217.1718,-99
10187056457,462.4193,217.4956,-99
10187089790,464.982,217.8376,-99
10187123123,467.6923,216.6277,-99
10187156456,469.373,219.9297,-99
10187189789,469.9742,222.1261,-99
10187223122,472.606,223.1636,-99
10187256455,467.659,229.8889,-99
10187289788,467.5896,232.7012,-99
10187323121,468.7725,235.8341,-99
10187356454,470.8584,234.9313,-99
10187389787,468.8563,236.5115,-99
10187423120,468.7192,239.5885,-99
10187456453,470.6348,244.6067,-99
10187489786,477.1589,249.4206,-99
10187523119,474.4264,245.2791,-99
10187556452,473.075,240.5667,-99
10187589785,473.2088,240.7253,-99
10187623118,472,259.6207,-99
10187656451,464.6358,254.9306,-99
10187689784,463.362,256.2344,-99
10187723117,461.0257,255.9154,-99
10187756450,462.4706,259.3098,-99
10187789783,464.4407,260.9729,-99
10187823116,463.3028,262.7528,-99
10187856449,464.2514,264.7123,-99
10187889782,464.1325,268.0301,-99
10187923115,461.5418,268.9309,-99
10187956448,462.743,271.2972,-99
10187989781,461.1985,271.7509,-99
10188023114,460.8809,273.4116,-99
10188056447,460.2193,275.0855,-99
10188089780,460.9023,275.9293,-99
10188123113,460.9489,277.7147,-99
10188156446,458.8438,279.0375,-99
10188189779,456.6465,278.3885,-99
10188223112,455.2197,278.4033,-99
10188256445,453.8562,279.1104,-99
10188289778,452.278,279.5186,-99
10188323111,449.9867,279.8433,-99
10188356444,448.7361,282.3388,-99
10188389777,452.3873,286.2601,-99
10188423110,454.1552,285.5655,-99
10188456443,455.0042,289.0466,-99
10188489776,456.9755,290.5102,-99
10188523109,459.8459,291.8308,-99
10188556442,464.0531,293.3265,-99
10188589775,463.1555,295.875,-99
10188623108,460.3106,297.1313,-99
10188656441,459.383,298.6335,-99
10188689774,458.0408,300.0839,-99
10188723107,455.4417,302.2111,-99
10188756440,453.0641,306.3942,-99
10188789773,454.5573,305.4266,-99
10188823106,455.6711,306.0923,-99
10188856439,454.5586,306.7095,-99
10188889772,455.4929,307.769,-99
10188923105,456.4712,312.2909,-99
10188956438,456.5339,316.1355,-99
10188989771,459.6711,316.9463,-99
10189023104,458.7015,319.8861,-99
10189056437,456.7528,321.0568,-99
10189089770,454.4917,324.3854,-99
10189123103,451.0284,326.7571,-99
10189156436,445.3518,327.5277,-99
10189189769,443.4232,327.1449,-99
10189223102,441.2234,325.9893,-99
10189256435,440.8346,326.6842,-99
10189289768,443.5151,327.197,-99
10189323101,445.3333,327.8553,-99
10189356434,446.3319,330.075,-99
10189389767,445.9887,330.7082,-99
10189425398,447.7995,333.2923,-99
10189458731,447.8923,334.8735,-99
10189492064,447.7285,337.7196,-99
10189525397,445.5638,338.4794,-99
10189558730,442.2377,338.9242,-99
10189592063,438.1866,337.5276,-99
10189625396,434.7014,339.1683,-99
10189658729,433.148,338.9429,-99
10189692062,431.1281,337.9864,-99
10189725395,432.9034,339.6136,-99
10189758728,431.8065,338.2517,-99
10189792061,430.869,340.3047,-99
10189825394,431.1761,342.1625,-99
10189858727,430.0986,344.578,-99
10189892060,426.6379,346.2289,-99
10189925393,425.657,349.2043,-99
10189958726,424.6628,350.1314,-99
10189992059,423.3773,351.1916,-99
10190025392,422.2425,352.4749,-99
10190058725,421.1104,354.2539,-99
10190092058,420.9724,354.5063,-99
10190125391,422.0929,355.0687,-99
10190158724,421.4292,356.1044,-99
10190192057,422.5553,359.8038,-99
10190225390,421.9431,363.0421,-99
10190258723,423.136,364.2494,-99
10190292056,422.265,365.1253,-99
10190325389,420.9516,362.2536,-99
10190358722,420.0203,360.7284,-99
10190392055,420.3504,361.7521,-99
10190425388,420.8903,363.1707,-99
10190458721,420.8721,362.2991,-99
10190492054,421.3171,360.8122,-99
10190525387,419.615,361.1761,-99
10190558720,419.8558,362.2692,-99
10190592053,420.2954,361.5884,-99
10190625386,421.3934,362.4086,-99
10190658719,421.7519,361.9574,-99
10190692052,422.822,363.0078,-99
10190725385,423.5184,363.5799,-99
10190758718,424.5566,364.0566,-99
10190792051,425.1606,364.3066,-99
10190825384,424.4514,366.3691,-99
10190858717,425.0981,367.0212,-99
10190892050,424,368.1994,-99
10190925383,422.9254,366.5298,-99
10190958716,420.7826,367.2696,-99
10190992049,419.7604,368.5622,-99
10191025382,418.09,367.274,-99
10191058715,417.5494,367.4723,-99
10191094377,417.8636,369.6642,-99
10191127710,417.7778,371.4139,-99
10191161043,416.862,371.4233,-99
10191194376,416.1531,368.4056,-99
10191227709,415.3044,368.7647,-99
10191261042,413.9277,367.5245,-99
10191294375,414.1604,367.0175,-99
10191327708,415.3928,366.7933,-99
10191361041,416.2116,369.0767,-99
10191394374,418.093,368.293,-99
10191427707,419.8167,366.1476,-99
10191461040,422.5632,368.1676,-99
10191494373,424.2462,370.36,-99
10191527706,425.6222,370.8762,-99
10191561039,427.4907,370.6025,-99
10191594372,428.4286,369.7411,-99
10191627705,428.4914,368.2057,-99
10191661038,428.9644,366.8411,-99
10191694371,427.0653,366.4392,-99
10191727704,424.6101,367.5394,-99
10191761037,425.2406,364.1132,-99
10191794370,422.8916,362.706,-99
10191827703,419.4567,362.4705,-99
10191861036,417.297,359.2828,-99
10191894369,414.6992,357.8476,-99
10191927702,410.8998,354.833,-99
10191961035,410.3398,352.0919,-99
10191994368,409.8302,349.7807,-99
10192027701,408.3158,348.48,-99
10192061034,408.7146,347.6195,-99
10192094367,408.6245,348.5,-99
10192127700,408.1071,349.875,-99
10192161033,410.2888,351.694,-99
10192194366,410.6438,354.2699,-99
10192227699,410.8817,357.4754,-99
10192261032,411.0942,360.955,-99
10192294365,410.2824,363.1868,-99
10192327698,410.0991,365.0242,-99
10192361031,408.4612,367.0228,-99
10192394364,407.1735,369.0152,-99
10192427697,404.8853,369.7982,-99
10192461030,401.0855,371.6802,-99
10192494363,397.8648,372.71,-99
10192527696,395.5895,373.9925,-99
10192561029,393.5098,375.4082,-99
10192594362,390.0862,376.8169,-99
10192627695,387.3663,377.8773,-99
10192661028,385.9002,378.8349,-99
10192694361,385.7973,379.6191,-99
10192727694,384.2291,379.9053,-99
10192766574,382.9055,379.567,-99
10192799907,381.2159,379.8532,-99
10192833240,379.5155,380.701,-99
10192866573,377.1813,382.7533,-99
10192899906,376.1079,384.5106,-99
10192933239,375.9835,386.3711,-99
10192966572,372.8745,387.6198,-99
10192999905,370.6329,389.9548,-99
10193033238,367.8779,392.4904,-99
10193066571,364.6878,393.5626,-99
10193099904,363.4562,394.6171,-99
10193133237,360.0847,394.627,-99
10193166570,356.5677,394.745,-99
10193199903,353.876,393.718,-99
10193233236,351.073,392.6734,-99
10193266569,348.3445,391.2547,-99
10193299902,344.7231,390.4271,-99
10193333235,343.5011,388.1178,-99
10193366568,340.8734,387.7635,-99
10193399901,337.8824,387.5826,-99
10193433234,335.3047,388.4617,-99
10193466567,333.4179,390.5765,-99
10193499900,332.5584,391.5055,-99
10193533233,330.611,393.3817,-99
10193566566,328.9156,394.5887,-99
10193599899,326.6582,395.7309,-99
10193633232,325.104,396.741,-99
10193666565,324.3961,397.8009,-99
10193699898,322.4989,398.4722,-99
10193733231,320.5977,398.6584,-99
10193766564,317.443,399.6118,-99
10193799897,314.4147,399.8484,-99
10193833230,310.8324,399.1582,-99
10193866563,307.287,398.779,-99
10193899896,304.5096,397.8923,-99
10193933229,301.1992,397.2797,-99
10193966562,299.8682,395.2718,-99
10193999895,298.7411,393.0526,-99
10194033228,296.6621,391.4966,-99
10194066561,296.8445,389.4455,-99
10194099894,297.1715,387.8285,-99
10194133227,295.688,388.4152,-99
10194166560,296.3523,388.6545,-99
10194199893,296.6067,389.6,-99
10194233226,294.7523,391.507,-99
10194266559,293.7055,392.5846,-99
10194299892,292.0586,393.2213,-99
10194333225,289.6974,394.2895,-99
10194366558,288.1569,394.2658,-99
10194399891,286.4354,393.9917,-99
10194433224,285.6714,392.6996,-99
10194466557,285.2591,392.1864,-99
10194499890,284.3921,391.4141,-99
10194533223,284.8866,390.7234,-99
10194566556,282.9784,392.1487,-99
10194599889,281.1448,392.3875,-99
10194633222,278.5628,393.5446,-99
10194666555,275.8598,395.2131,-99
10194699888,273.5588,395.8787,-99
10194733221,271.8684,396.2692,-99
10194766554,272.2422,394.9686,-99
10194799887,269.5875,392.8375,-99
10194833220,268.602,388.9861,-99
10194866553,269.0575,387.3142,-99
10194899886,268.6364,386.6387,-99
10194933219,268.3659,385.1454,-99
10194966552,266.6591,384.4221,-99
10194999885,263.3483,383.4644,-99
10195033218,261.0276,384.0256,-99
10195066551,258.3537,384.3982,-99
10195099884,256.302,384.2961,-99
10195133217,255.6281,383.3963,-99
10195166550,253.998,381.1135,-99
10195199883,253.422,379.8545,-99
10195233216,252.445,378.8582,-99
10195266549,250.6224,377.0932,-99
10195299882,250.826,377.4896,-99
10195333215,249.4434,377.9746,-99
10195366548,246.9844,378.0535,-99
10195399881,244.3012,377.5118,-99
10195433214,241.8081,378.6142,-99
10195466547,239.2432,379.2201,-99
10195499880,237.1956,379.0499,-99
10195533213,235.3817,377.4141,-99
10195566546,235.5382,376.2328,-99
10195599879,233.2041,373.5072,-99
10195633212,235.7085,372.2085,-99
10195666545,235.0817,370.6658,-99
10195699878,235.6583,368.1766,-99
10195733211,234.1204,366.5676,-99
10195766544,232.1566,364.942,-99
10195799877,229.6175,362.6388,-99
10195833210,227.689,361.7886,-99
10195866543,227.4387,360.9308,-99
10195899876,227.1365,360.0429,-99
10195933209,226.1327,358.6931,-99
10195966542,224.9275,357.7612,-99
10195999875,225.4101,356.9937,-99
10196033208,225.3631,356.6971,-99
10196066541,224.5394,356.5656,-99
10196108673,224.0042,356.7375,-99
10196142006,223.1829,357.3537,-99
10196175339,221.9155,357.7814,-99
10196208672,220.628,358.148,-99
10196242005,220.3545,358.7624,-99
10196275338,219.6608,358.6804,-99
10196308671,219.3753,358.7647,-99
10196342004,219.746,357.952,-99
10196375337,220.0413,357.7343,-99
10196408670,220.1802,357.9683,-99
10196442003,220.6947,358.5579,-99
10196475336,220.0876,358.235,-99
10196508669,219.1758,358.7434,-99
10196542002,218.4491,358.517,-99
10196575335,218.0266,357.7295,-99
10196608668,217.4494,357.1417,-99
10196642001,217.1735,356.798,-99
10196675334,218.0913,356.2143,-99
10196708667,218.2444,356.4353,-99
10196742000,218.9269,356.2688,-99
10196775333,219.3592,356.3612,-99
10196808666,219.7934,356.3492,-99
10196841999,219.7638,356.3996,-99
10196875332,219.9549,356.7213,-99
10196908665,220.0957,356.3788,-99
10196941998,221.8761,357.4908,-99
10196975331,222.4934,356.4137,-99
10197008664,223.9263,354.4526,-99
10197041997,225.2,352.5688,-99
10197075330,227.0183,350.945,-99
10197108663,229.5505,350.113,-99
10197141996,230.4785,349.1494,-99
10197175329,229.7389,349.8415,-99
10197208662,228.6443,349.9975,-99
10197241995,227.3719,349.6009,-99
10197275328,226.1303,349.5449,-99
10197308661,224.6953,350.0837,-99
10197341994,224.179,349.4341,-99
10197375327,222.3625,348.4,-99
10197408660,220.7723,348.1362,-99
10197441993,219.1982,346.2094,-99
10197475326,217.6162,344.2593,-99
10197508659,215.3426,342.983,-99
10197541992,212.6461,340.452,-99
10197575325,210.3665,339.0721,-99
10197608658,207.6632,336.2438,-99
10197641991,205.6163,335.4477,-99
10197675324,203.4304,332.6778,-99
10197708657,202.1354,331.5958,-99
10197741990,201.6536,330.4219,-99
10197775323,200.0332,329.0434,-99
10197808656,199.2164,326.9973,-99
10197841989,199.4698,326.6608,-99
10197875322,197.8179,325.3615,-99
10197908655,195.958,323.8425,-99
10197941988,194.6361,322.2964,-99
10197975321,191.2709,321.3238,-99
10198008654,189.3124,321.1677,-99
10198041987,186.9095,321.0474,-99
10198075320,186.405,321.1762,-99
10198108653,185.3256,320.5566,-99
10198141986,186.6847,320.1667,-99
10198175319,186.5857,318.1238,-99
10198208652,186.7366,314.5601,-99
10198241985,188.1507,311.9818,-99
10198275318,188.8389,309.2939,-99
10198308651,189.7098,307.4538,-99
10198341984,189.416,305.1053,-99
10198375317,190.3308,302.5815,-99
10198408650,190.3838,301.827,-99
10198441983,190.8852,298.0789,-99
10198475316,191.4507,295.7315,-99
10198508649,191.3091,292.2111,-99
10198541982,192.4764,289.8764,-99
10198575315,192.8618,288.2646,-99
10198608648,192.4227,285.8867,-99
10198641981,191.4019,284.201,-99
10198675314,189.207,281.7974,-99
10198708647,187.7295,280.1473,-99
10198741980,185.2218,278.2729,-99
10198775313,184.7818,276.6019,-99
10198808646,182.9957,273.4017,-99
10198841979,182.3783,272.2279,-99
10198875312,182.0646,270.2057,-99
10198908645,182.5083,268.7494,-99
10198941978,182.0418,267.7935,-99
10198975311,181.381,264.5881,-99
10199008644,180.838,264.868,-99
10199041977,180.0867,265.051,-99
10199075310,178.6974,262.3579,-99
10199108643,179.5544,261.3823,-99
10199141976,179.1151,259.2055,-99
10199175309,181.2233,257.8629,-99
10199208642,181.0576,252.9377,-99
10199241975,181.6089,252.0234,-99
10199275308,182.614,250.1151,-99
10199308641,183.2465,248.8545,-99
10199341974,183.6316,246.9187,-99
10199375307,183.7393,245.5236,-99
10199408640,183.8373,243.3674,-99
10199436191,185.0867,243.0889,-99
10199469524,186.3142,241.6393,-99
10199502857,186.6048,240.0743,-99
10199536190,188.4683,238.778,-99
10199569523,190.3077,238.1209,-99
10199602856,191.3244,237.64,-99
10199636189,192.1659,237.729,-99
10199669522,191.7271,237.4027,-99
10199702855,190.9836,236.8103,-99
10199736188,188.8386,233.7955,-99
10199769521,189.4493,234.0553,-99
10199802854,187.713,230.4193,-99
10199836187,187.4492,228.8582,-99
10199869520,186.6788,225.713,-99
10199902853,186.2879,223.4961,-99
10199936186,186.6546,222.8237,-99
10199969519,186.1269,219.4797,-99
10200002852,186.6575,218.6736,-99
10200036185,186.8297,216.2649,-99
10200069518,188.0216,215.0024,-99
10200102851,188.4543,210.8846,-99
10200136184,189.1772,207.2633,-99
10200169517,190.1952,206.9524,-99
10200202850,190.8076,204.3089,-99
10200236183,192.17,202.7233,-99
10200269516,193.8895,203.1407,-99
10200302849,195.376,201.7387,-99
10200336182,196.6341,200.1353,-99
10200369515,197.9046,198.3376,-99
10200402848,200.6928,196.9838,-99
10200436181,201.5067,194.2197,-99
10200469514,203.3466,193.0539,-99
10200502847,203.53,190.2834,-99
10200536180,204.8449,189.6181,-99
10200569513,205.6261,186.1802,-99
10200602846,206.2918,185.3624,-99
10200636179,207.4399,185.0192,-99
10200669512,207.4295,182.6644,-99
10200702845,207.2056,181.7273,-99
10200736178,206.5989,182.1266,-99
10200769511,205.5799,182.271,-99
10200802844,205.5459,181.7296,-99
10200836177,205.696,180.304,-99
10200869510,205.4619,178.8376,-99
10200902843,206.1158,178.4184,-99
10200936176,206.7052,177.5086,-99
10200969509,206.8522,175.6675,-99
10201002842,207.2621,175.3402,-99
10201036175,206.677,175.209,-99
10201069508,206.4931,175.0877,-99
10201100998,206.0897,174.3478,-99
10201134331,206.2033,172.2617,-99
10201167664,206.1647,170.7208,-99
10201200997,206.6452,171.162,-99
10201234330,207.65,171.4553,-99
10201267663,208.455,171.03,-99
10201300996,208.6767,171.709,-99
10201334329,209.0477,172.3442,-99
10201367662,209.9068,171.7226,-99
10201400995,210.6818,170.9069,-99
10201434328,212.1192,169.9927,-99
10201467661,212.3442,170.7712,-99
10201500994,212.8383,171.533,-99
10201534327,213.0445,172.2628,-99
10201567660,212.7692,173,-99
10201600993,213.014,173.0304,-99
10201634326,212.3946,172.8594,-99
10201667659,212.1239,172.4347,-99
10201700992,211.4743,171.5481,-99
10201734325,210.0721,171.0895,-99
10201767658,208.4941,169.7612,-99
10201800991,207.0732,169.4,-99
10201834324,206.0091,169.1066,-99
10201867657,204.9463,168.3289,-99
10201900990,204.1231,167.5292,-99
10201934323,203.7218,166.1007,-99
10201967656,204.8946,166.3232,-99
10202000989,206.0155,166.51,-99
10202034322,207.467,167.1071,-99
10202067655,208.0024,168.0633,-99
10202100988,208.6618,168.9082,-99
10202134321,207.6636,168.7146,-99
10202167654,207.4941,168.8511,-99
10202200987,206.5652,169.4554,-99
10202234320,205.7441,169.6502,-99
10202267653,205.1628,168.8372,-99
10202300986,205.0557,169.1369,-99
10202334319,205.1899,168.6682,-99
10202367652,205.1353,169.3193,-99
10202400985,205.8791,169.3884,-99
10202434318,206.3487,169.5327,-99
10202467651,206.9506,169.8173,-99
10202500984,207.7377,170.7892,-99
10202534317,207.6553,170.5281,-99
10202567650,207.6877,171.0513,-99
10202600983,206.9381,170.2238,-99
10202634316,206.2129,170.1579,-99
10202667649,205.8614,170.9838,-99
10202700982,205.4732,169.7634,-99
10202734315,205.7079,170.4486,-99
10202777368,205.8767,169.9791,-99
10202810701,206.5398,171.5221,-99
10202844034,207.0181,170.9116,-99
10202877367,208.0738,171.8755,-99
10202910700,209.5263,172.2471,-99
10202944033,211.4233,173.6041,-99
10202977366,212.3877,175.6123,-99
10203010699,214.8345,177.6434,-99
10203044032,217.7123,180.5417,-99
10203077365,219.4777,182.7113,-99
10203110698,220.2337,186.0022,-99
10203144031,220.9405,187.3943,-99
10203177364,220.8556,189.0474,-99
10203210697,219.8271,188.6449,-99
10203244030,218.9272,187.9596,-99
10203277363,219.0432,187.3108,-99
10203310696,218.4275,185.2506,-99
10203344029,217.589,185.0451,-99
10203377362,217.0667,184.2333,-99
10203410695,216.8674,183.618,-99
10203444028,216.6935,184.7387,-99
10203477361,217.7108,185.7307,-99
10203510694,218.3101,187.0965,-99
10203544027,218.9208,188.5208,-99
10203577360,220.0526,189.3346,-99
10203610693,220.8882,190.0479,-99
10203644026,221.5604,190.9887,-99
10203677359,221.7878,191.729,-99
10203710692,222.317,192.3532,-99
10203744025,222.2402,192.4389,-99
10203777358,222.4122,192.8796,-99
10203810691,222.6904,192.5063,-99
10203844024,222.6992,191.7927,-99
10203877357,222.3498,189.6076,-99
10203910690,221.0893,187.8089,-99
10203944023,222.106,185.7535,-99
10203977356,223.6876,182.8679,-99
10204010689,224.0306,179.2467,-99
10204044022,224.6875,176.8264,-99
10204077355,225.5091,174.1977,-99
10204110688,225.6814,170.9473,-99
10204144021,225.7296,167.0318,-99
10204177354,225.8828,162.7176,-99
10204210687,226.3619,158.7531,-99
10204244020,226.6302,154.7479,-99
10204277353,227.2676,151.288,-99
10204310686,228.8119,149.6213,-99
10204344019,231.2736,145.692,-99
10204377352,234.5793,144.4471,-99
10204410685,236.3898,143.2918,-99
10204444018,238.4353,143.3661,-99
10204477351,240.6223,143.1738,-99
10204510684,242.7265,143.2604,-99
10204544017,243.6102,142.6653,-99
10204577350,244.9677,141.5075,-99
10204610683,246.4836,141.4814,-99
10204644016,247.6844,140.4115,-99
10204677349,249.0471,138.9623,-99
10204710682,250.9745,139.1603,-99
10204744015,251.4761,139.2012,-99
10204777348,253.4255,137.5636,-99
10204810681,255.6647,136.387,-99
10204844014,256.4324,134.7778,-99
10204877347,259.1759,133.2035,-99
10204910680,261.6566,133.0501,-99
10204944013,263.9159,132.9038,-99
10204977346,266.3652,131.8136,-99
10205010679,268.9328,131.5762,-99
10205044012,271.8313,130.1831,-99
10205077345,274.8764,129.0984,-99
10205110678,278.5742,129.0998,-99
10205144011,281.0947,129.5752,-99
10205177344,283.8386,129.5566,-99
10205210677,287.2603,129.4793,-99
10205244010,290.0278,129.553,-99
10205277343,292.3291,129.2588,-99
10205310676,295.5069,128.5206,-99
10205344009,297.7671,127.4224,-99
10205377342,298.5251,125.6062,-99
10205410675,299.1414,125.1042,-99
10205444008,298.8304,123.1924,-99
10205477341,299.7905,120.5571,-99
10205510674,302.3163,120.2251,-99
10205544007,303.8891,119.1467,-99
10205577340,304.625,118.3327,-99
10205610673,306.1002,117.9158,-99
10205644006,307.3975,118.4313,-99
10205677339,310.1076,118.6345,-99
10205710672,313.4004,118.0946,-99
10205744005,315.8863,117.1329,-99
10205777338,318.6094,116.3834,-99
10205810671,320.1478,115.7591,-99
10205844004,321.8546,115.5426,-99
10205877337,323.9481,114.2575,-99
10205910670,325.839,114.1087,-99
10205944003,328.6413,113.3528,-99
10205977336,331.5685,112.7205,-99
10206010669,333.7695,113.6894,-99
10206044002,336.3864,114.7273,-99
10206077335,339.1017,115.8152,-99
10206112044,341.3102,116.6499,-99
10206145377,343.5757,117.6292,-99
10206178710,346.154,118.9918,-99
10206212043,348.4828,119.3197,-99
10206245376,351.9818,120.0426,-99
10206278709,355.002,120.2682,-99
10206312042,356.384,121.705,-99
10206345375,359.0709,122.0802,-99
10206378708,361.2211,122.1194,-99
10206412041,362.9902,122.4165,-99
10206445374,365.0576,122.2266,-99
10206478707,366.5078,122.3105,-99
10206512040,367.7274,122.3891,-99
10206545373,369.8056,122.5351,-99
10206578706,370.8822,123.4483,-99
10206612039,372.858,124.5903,-99
10206645372,376.1529,125.6364,-99
10206678705,380.1042,126.612,-99
10206712038,383.6985,127.1723,-99
10206745371,386.1179,128.2054,-99
10206778704,387.5364,128.9081,-99
10206812037,389.8685,129.2012,-99
10206845370,392.5826,129.76,-99
10206878703,393.5741,130.3759,-99
10206912036,395.7953,130.1949,-99
10206945369,397.6667,130.4458,-99
10206978702,399.1681,131.1134,-99
10207012035,401.8855,131.9407,-99
10207045368,403.7543,132.3239,-99
10207078701,405.6008,134.0844,-99
10207112034,408.6496,136.2854,-99
10207145367,411.5327,138.5129,-99
10207178700,413.8788,141.3778,-99
10207212033,416.0237,144.4849,-99
10207245366,419.3134,146.4584,-99
10207278699,421.4891,148.0745,-99
10207312032,423.5875,149.5962,-99
10207345365,423.9103,150.1589,-99
10207378698,426.422,150.4716,-99
10207412031,427.2086,151.2374,-99
10207445364,427.0742,151.3217,-99
10207478697,428.8285,152.8075,-99
10207512030,430.3808,154.1461,-99
10207545363,432.3614,156.2444,-99
10207578696,434.5491,159.261,-99
10207612029,436.1444,162.1078,-99
10207645362,439.114,164.3663,-99
10207678695,441.2772,166.588,-99
10207712028,444.058,168.3732,-99
10207745361,446.4193,169.1918,-99
10207778694,447.7853,170.3598,-99
10207812027,448.2037,171.1152,-99
10207845360,450.3431,172.0774,-99
10207878693,451.4685,173.0441,-99
10207912026,452.3866,174.332,-99
10207945359,453.2602,176.5488,-99
10207978692,454.3153,178.4232,-99
10208012025,454.3131,180.7515,-99
10208045358,454.9413,184.1929,-99
10208078691,456.6143,187.1342,-99
10208112024,459.3448,190.0824,-99
10208145357,461.0417,193.0397,-99
10208178690,462.6712,194.6112,-99
10208212023,463.421,196.6383,-99
10208245356,464.5708,197.8626,-99
10208278689,463.958,199.0303,-99
10208312022,464.2823,200.8517,-99
10208345355,465.6013,202.7766,-99
10208378688,466.6205,204.3522,-99
10208412021,467.3676,206.1804,-99
10208445354,468.9041,208.0131,-99
10208478687,468.2876,209.2742,-99
10208512020,468.2261,210.6256,-99
10208545353,469.2258,212.0054,-99
10208578686,471.507,211.9836,-99
10208612019,473.0453,212.1961,-99
10208645352,473.2242,212.4989,-99
10208678685,471.9428,212.2234,-99
10208712018,473.6981,212.7193,-99
10208745351,474.9791,212.5302,-99
10208778684,475.682,212.1886,-99
10208812017,476.4746,212.53,-99
10208845350,476.6465,212.6209,-99
10208878683,477.6873,212.2727,-99
10208912016,477.8393,213.1004,-99
10208945349,477.9471,213.2919,-99
10208978682,477.5121,213.989,-99
10209012015,476.6357,214.2524,-99
10209045348,477.0441,215.2623,-99
10209078681,477.706,215.9893,-99
10209112014,476.8356,216.7838,-99
10209145347,476.0162,218.4259,-99
10209178680,474.499,220.3293,-99
10209212013,473.022,221.632,-99
10209245346,470.1156,222.2141,-99
10209278679,467.4464,223.3873,-99
10209312012,465.4099,224.7635,-99
10209345345,462.9211,225.8465,-99
10209378678,460.5869,226.8856,-99
10209412011,457.7173,228.3439,-99
10209446063,455.2283,229.0465,-99
10209479396,453.5258,229.2371,-99
10209512729,452.3704,228.3358,-99
10209546062,451.7792,228.0812,-99
10209579395,452.9101,228.9074,-99
10209612728,452.5457,229.9164,-99
10209646061,454.1215,230.6718,-99
10209679394,454.2768,230.4804,-99
10209712727,449.8315,225.9946,-99
10209779393,446.0847,232.7458,-99
10209812726,455.4904,239.4038,-99
10209846059,456.9298,239.7893,-99
10209879392,457.5688,243.8645,-99
10209912725,460.5253,244.0337,-99
10209946058,460.0967,246.4198,-99
10209979391,459.8668,249.7427,-99
10210012724,462.9027,254.3313,-99
10210046057,469.9608,258.2598,-99
10210079390,468.0946,259.25,-99
10210112723,469.9911,258.4941,-99
10210146056,471.2766,256.0815,-99
10210179389,475.2821,257.9347,-99
10210212722,475.5328,257.8583,-99
10210246055,476.7081,257.4721,-99
10210279388,477.6201,260.1419,-99
10210312721,478.1498,262.3111,-99
10210346054,478.6014,264.2878,-99
10210379387,478.6644,265.9425,-99
10210412720,478.8472,268.4051,-99
10210446053,479.1985,269.8834,-99
10210479386,478.98,271.635,-99
10210512719,478.4463,273.9761,-99
10210546052,480.3987,275.4292,-99
10210579385,480.92,277.9271,-99
10210612718,481.7753,279.8225,-99
10210646051,481.344,282.1055,-99
10210679384,481.1841,283.8858,-99
10210712717,480.0045,285.8292,-99
10210746050,477.9685,287.6059,-99
10210779383,475.1578,290.2044,-99
10210812716,470.0659,290.9698,-99
10210846049,467.4035,293.5,-99
10210879382,464.1124,296.164,-99
10210912715,460.2795,297.821,-99
10210946048,457.1684,299.5489,-99
10210979381,454.795,301.5711,-99
10211012714,452.4623,301.9844,-99
10211046047,454.0921,303.6911,-99
10211079380,453.8609,303.2815,-99
10211118261,455.4695,306.025,-99
10211151594,456.3958,307.533,-99
10211184927,458.3404,309.0186,-99
10211218260,458.4021,309.3593,-99
10211251593,457.6355,312.1686,-99
10211284926,455.8485,314.6432,-99
10211318259,454.8531,316.1771,-99
10211351592,454.0949,317.4156,-99
10211384925,454.9034,317.5869,-99
10211418258,450.6744,320.8985,-99
10211451591,448.7853,319.0508,-99
10211484924,446.4267,322.0819,-99
10211518257,441.6887,321.5189,-99
10211551590,445.9012,328.5679,-99
10211584923,446.3899,333.1624,-99
10211618256,447.0134,332.0769,-99
10211651589,444.9231,332.6538,-99
10211684922,438.2616,331.8793,-99
10211718255,437.2742,332.5184,-99
10211751588,435.1624,333.24,-99
10211784921,432.6859,334.9248,-99
10211818254,430.5785,336.3255,-99
10211851587,429.3982,337.3756,-99
10211884920,428.722,339.0291,-99
10211918253,427.5936,340.7192,-99
10211951586,427.8884,343.1875,-99
10211984919,428.0551,345.0183,-99
10212018252,429.057,347.0702,-99
10212051585,428.6244,348.8326,-99
10212084918,426.8387,351.576,-99
10212118251,425.9554,353.2563,-99
10212151584,427.2253,354.1573,-99
10212184917,426.6948,356.1344,-99
10212218250,426.6952,357.246,-99
10212251583,425.8708,357.5142,-99
10212284916,424.9809,359.1913,-99
10212318249,425.3556,360.2361,-99
10212351582,425.3795,360.5208,-99
10212384915,425.2378,364.1694,-99
10212418248,424.0744,364.9174,-99
10212451581,425.9719,366.4784,-99
10212484914,426.7356,370.0526,-99
10212518247,426.8595,372.8262,-99
10212551580,426.6732,374.3662,-99
10212584913,426.1963,376.0222,-99
10212618246,426.1414,377.0194,-99
10212651579,425.5614,378.0562,-99
10212684912,425.4755,378.7867,-99
10212718245,425.8097,378.9792,-99
10212751578,425.7744,379.4729,-99
10212787240,425.9468,380.6624,-99
10212820573,426.3166,381.0742,-99
10212853906,426.4742,381.1511,-99
10212887239,426.1238,382.0857,-99
10212920572,425.8106,381.9979,-99
10212953905,424.412,381.0072,-99
10212987238,423.7596,382.7232,-99
10213020571,422.3996,383.2771,-99
10213053904,421.4918,383.6234,-99
10213087237,422.5447,382.851,-99
10213120570,420.6183,381.3053,-99
10213153903,418.5908,381.4261,-99
10213187236,417.0187,380.0321,-99
10213220569,416.8088,375.6088,-99
10213253902,415.0385,373.9231,-99
10213287235,412.7491,375.6848,-99
10213320568,414.3654,375.5898,-99
10213353901,414.8804,380.2153,-99
10213387234,414.399,375.4647,-99
10213420567,416.3558,379.9019,-99
10213453900,417.3947,369.2747,-99
10213487233,418.62,365.546,-99
10213520566,420.2333,363.9847,-99
10213553899,421.7071,363.103,-99
10213587232,423.8224,361.5779,-99
10213620565,425.5403,360.4695,-99
10213653898,427.4112,357.9402,-99
10213687231,429.1871,355.8986,-99
10213720564,430.7273,354.8306,-99
10213753897,430.3553,353.2914,-99
10213787230,428.9593,352.9554,-99
10213820563,426.7574,352.0383,-99
10213853896,423.4137,350.4602,-99
10213887229,420.4659,347.7385,-99
10213920562,416.5936,347.0021,-99
10213953895,414.0022,343.9123,-99
10213987228,410.2218,343.9241,-99
10214020561,408.5019,343.8019,-99
10214053894,407.4302,345.4321,-99
10214087227,406.2742,346.9744,-99
10214120560,405.7426,349.6324,-99
10214153893,404.8528,353.0038,-99
10214187226,404.1607,355.7327,-99
10214220559,403.714,358.6219,-99
10214253892,402.4423,361.9745,-99
10214287225,402.5474,364.3125,-99
10214320558,403.123,365.8255,-99
10214353891,401.9125,369.3129,-99
10214387224,400.9412,371.5294,-99
10214420557,399.1513,374.2346,-99
10214453890,398.4404,378.1143,-99
10214487223,396.5808,379.863,-99
10214520556,394.6515,381.5429,-99
10214553889,393.6917,384.1303,-99
10214587222,390.677,383.9907,-99
10214620555,390.4148,384.283,-99
10214653888,388.2861,384.7811,-99
10214687221,383.8479,387.7433,-99
10214720554,381.0494,389.0714,-99
10214753887,378.7346,390.1135,-99
10214787220,376.2344,391.1494,-99
10214820553,373.4575,392.8336,-99
10214853886,370.8736,394.4736,-99
10214887219,367.299,396.1886,-99
10214920552,364.9026,397.718,-99
10214953885,363.2524,399.37,-99
10214987218,361.4658,401.1781,-99
10215020551,360.6608,402.5242,-99
10215053884,360.6326,405.0512,-99
10215087217,358.7543,405.4355,-99
10215120550,355.6097,405.2602,-99
10215153883,351.3668,404.5578,-99
10215187216,350.3194,404.9764,-99
10215220549,348.8548,405.7151,-99
10215253882,348.8412,403.334,-99
10215287215,348.1077,402.6459,-99
10215320548,343.7909,399.4125,-99
10215353881,340.2505,397.1568,-99
10215387214,338.7923,395.8994,-99
10215420547,336.7163,395.2719,-99
10215453880,334.2404,394.2517,-99
10215487213,331.151,392.3902,-99
10215520546,330.25,391.312,-99
10215553879,328.1423,389.6994,-99
10215587212,327.3461,388.9457,-99
10215620545,326.4961,388.1989,-99
10215653878,325.4047,387.6985,-99
10215687211,323.9073,387.5161,-99
10215720544,322.7357,387.5168,-99
10215753877,322.7155,387.4,-99
10215787210,321.369,387.8075,-99
10215820543,319.7871,388.257,-99
10215853876,318.1209,388.6066,-99
10215887209,317.4611,388.0778,-99
10215920542,315.7953,388.3209,-99
10215953875,315.1762,388.2623,-99
10215987208,314.5453,388.163,-99
10216020541,312.3692,388.4519,-99
10216053874,311.4382,388.9518,-99
10216087207,309.2043,389.5953,-99
10216119618,307.4218,390.2357,-99
10216152951,305.8357,390.4767,-99
10216186284,303.9267,390.7495,-99
10216219617,301.8064,390.9381,-99
10216252950,300.2182,391.3535,-99
10216286283,298.6686,391.7778,-99
10216319616,296.9203,391.9325,-99
10216352949,295.2144,391.7455,-99
10216386282,293.3167,391.1554,-99
10216419615,291.4384,390.8163,-99
10216452948,288.7475,389.7943,-99
10216486281,286.5933,389.6939,-99
10216519614,284.0061,390.0529,-99
10216552947,281.3267,390.5742,-99
10216586280,278.4447,390.9896,-99
10216619613,275.8189,391.4842,-99
10216652946,273.4334,391.3531,-99
10216686279,271.3958,390.7833,-99
10216719612,270.8556,389.6289,-99
10216752945,271.4488,387.807,-99
10216786278,268.1184,385.2544,-99
10216819611,266.5708,384.4968,-99
10216852944,264.9652,384.1696,-99
10216886277,264.146,383.7255,-99
10216919610,262.2489,384.2,-99
10216952943,260.1656,384.5312,-99
10216986276,257.9745,384.9043,-99
10217019609,256.8734,385.1983,-99
10217052942,255.9773,385.8515,-99
10217086275,255.2104,386.8167,-99
10217119608,255.769,386.7928,-99
10217152941,254.8822,386.1547,-99
10217186274,255.3532,385.5966,-99
10217219607,256.451,384.1642,-99
10217252940,257.635,383.1625,-99
10217286273,259.3383,382.9827,-99
10217319606,260.5908,381.7942,-99
10217352939,261.0736,380.8858,-99
10217386272,262.3798,380.1342,-99
10217419605,262.3767,379.856,-99
10217452938,262.4225,378.5275,-99
10217486271,263.1411,378.2166,-99
10217519604,264.6635,379.1138,-99
10217552937,265.0919,379.2786,-99
10217586270,265.5573,379.3232,-99
10217619603,264.4035,378.9223,-99
10217652936,264.2614,377.6477,-99
10217686269,263.8351,377.334,-99
10217719602,264.0828,377.1612,-99
10217752935,263.9174,377.1607,-99
10217788565,262.8225,377.3946,-99
10217821898,262.3666,378.3818,-99
10217855231,262.3554,379.9448,-99
10217888564,262.3298,380.6302,-99
10217921897,262.1555,381.7819,-99
10217955230,260.7717,380.484,-99
10217988563,258.5314,378.3789,-99
10218021896,258.7183,378.6737,-99
10218055229,259.133,378.4257,-99
10218088562,259.6652,378.1872,-99
10218121895,258.5291,378.074,-99
10218155228,258.6764,378.0809,-99
10218188561,258.708,378.4023,-99
10218221894,259.0803,378.1032,-99
10218255227,258.7384,378.0671,-99
10218288560,259.0187,377.9977,-99
10218321893,259.35,378.5643,-99
10218355226,260.4005,379.1499,-99
10218388559,259.403,378.7813,-99
10218421892,259.6454,377.6927,-99
10218455225,259.4128,377.7329,-99
10218488558,259.8514,377.6557,-99
10218521891,259.1438,376.7854,-99
10218555224,258.787,375.5717,-99
10218588557,258.6379,375.2038,-99
10218621890,257.3813,374.3676,-99
10218655223,257.1436,374.2946,-99
10218688556,256.0622,374.0714,-99
10218721889,254.2989,373.3214,-99
10218755222,253.0816,373.1474,-99
10218788555,251.8731,373.3979,-99
10218821888,249.5862,373.3977,-99
10218855221,246.7768,373.2276,-99
10218888554,245.0845,373.0247,-99
10218921887,242.7303,372.6784,-99
10218955220,240.9147,372.4478,-99
10218988553,239.4246,372.4978,-99
10219021886,238.4079,372.4934,-99
10219055219,238.0218,372.6514,-99
10219088552,237.1717,373.2897,-99
10219121885,237.109,372.9124,-99
10219155218,236.9004,372.0042,-99
10219188551,237.3231,370.8022,-99
10219221884,237.1474,371.1315,-99
10219255217,237.501,369.1503,-99
10219288550,236.5405,368.545,-99
10219321883,236.4,367.6873,-99
10219355216,236.7023,366.4698,-99
10219388549,237.285,366.2725,-99
10219421882,237.3943,365.3486,-99
10219460763,237.8032,364.7375,-99
10219494096,238.2755,363.9352,-99
10219527429,237.4567,362.7401,-99
10219560762,237.1371,362.2697,-99
10219594095,237.4193,361.7646,-99
10219627428,236.8531,361.5081,-99
10219660761,237.3759,361.3759,-99
10219694094,236.4338,360.1507,-99
10219727427,236.961,359.71,-99
10219760760,237.4053,358.4892,-99
10219794093,237.7845,357.4019,-99
10219827426,238.0412,356.9349,-99
10219860759,237.8814,356.7964,-99
10219894092,236.1904,355.788,-99
10219927425,235.5735,354.9759,-99
10219960758,234.5075,354.9825,-99
10219994091,233.1484,355.3212,-99
10220027424,232.9553,356.2531,-99
10220060757,232.8337,356.8949,-99
10220094090,232.3096,356.7494,-99
10220127423,231.5343,357.1781,-99
10220160756,231.6085,358.2519,-99
10220194089,231.7574,359.2264,-99
10220227422,231.574,358.7091,-99
10220260755,233.4039,357.1048,-99
10220294088,234.9032,355.1613,-99
10220327421,235.4442,353.8795,-99
10220360754,235.6473,353.4129,-99
10220394087,237.0681,352.9033,-99
10220427420,238.2918,352.3082,-99
10220460753,240.1109,351.3459,-99
10220494086,241.528,349.694,-99
10220527419,243.1071,349.3071,-99
10220560752,244.8593,349.855,-99
10220594085,245.2992,351.0525,-99
10220627418,246.084,351.3794,-99
10220660751,247.7868,350.5526,-99
10220694084,247.7299,349.6886,-99
10220727417,248.4581,350.1478,-99
10220760750,248.9507,351.83,-99
10220794083,248.5459,353.2018,-99
10220827416,247.7494,355.0609,-99
10220860749,246,356.5378,-99
10220894082,243.5556,356.8083,-99
10220927415,239.6172,358.1964,-99
10220960748,235.9359,359.1157,-99
10220994081,232.0748,359.1268,-99
10221027414,227.0108,357.9828,-99
10221060747,223.4383,357.4,-99
10221094080,219.7167,356.6004,-99
10221127413,216.296,355.4172,-99
10221160746,214.0088,353.9956,-99
10221194079,210.1816,352.6009,-99
10221227412,208.872,351.649,-99
10221260745,207.0641,350.0435,-99
10221294078,204.7002,348.1466,-99
10221327411,203.9595,346.7725,-99
10221360744,202.4835,346.2358,-99
10221394077,200.2682,344.2886,-99
10221427410,200.1387,344.1581,-99
10221460743,198.9742,343.3454,-99
10221494076,198.7398,342.3291,-99
10221527409,198.1597,342.2752,-99
10221560742,197.2759,340.2361,-99
10221594075,197.1689,339.2896,-99
10221627408,197.471,337.9445,-99
10221660741,198.21,336.6745,-99
10221694074,199.8936,335.2045,-99
10221727407,200.9075,333.435,-99
10221760740,201.6965,330.1866,-99
10221794073,203.4517,329.1708,-99
10221827406,204.8973,327.269,-99
10221860739,205.7744,325.9641,-99
10221894072,206.376,325.0588,-99
10221927405,207.3857,324.3,-99
10221960738,207.5156,323.8945,-99
10221994071,207.4637,321.6742,-99
10222027404,207.3366,320.2875,-99
10222060737,208.1156,320.0094,-99
10222094070,208.1805,319.8122,-99
10222127403,208.9881,319.9761,-99
10222160736,210.0574,320.0072,-99
10222194069,210.4,319.4188,-99
10222227402,210.7844,317.9692,-99
10222260735,209.8972,315.8869,-99
10222294068,209.5612,315.4604,-99
10222327401,207.1905,311.8386,-99
10222360734,205.4545,311.3735,-99
10222394067,202.4372,308.4139,-99
10222427400,199.2314,306.4867,-99
10222460733,196.4309,304.0726,-99
10222494066,193.523,301.5956,-99
10222527399,191.5907,299.3808,-99
10222560732,189.2027,296.786,-99
10222594065,187.9248,293.7118,-99
10222627398,186.8668,291.1864,-99
10222660731,186.7409,290.0581,-99
10222694064,185.9692,288.2488,-99
10222727397,184.6887,286.7916,-99
10222760730,184.7156,286.2346,-99
10222794782,184.5204,286.3316,-99
10222828115,183.0615,284.9051,-99
10222861448,182.6685,284.0595,-99
10222894781,183.0345,282.9368,-99
10222928114,184.4789,280.3193,-99
10222961447,185.9744,279.7292,-99
10222994780,186.403,277.6683,-99
10223028113,188.0989,277.6979,-99
10223061446,188.41,273.8677,-99
10223094779,190.8634,271.3866,-99
10223128112,190.6409,268.005,-99
10223161445,193.141,267.6795,-99
10223194778,193.0122,265.2543,-99
10223228111,192.7086,264.1685,-99
10223261444,192.699,263.4851,-99
10223294777,191.1937,261.1089,-99
10223328110,189.8648,259.6633,-99
10223361443,187.91,258.0025,-99
10223394776,185.5445,255.6675,-99
10223428109,186.5099,256.1724,-99
10223461442,185.9302,253.6581,-99
10223494775,185.9517,251.5852,-99
10223528108,188.4328,251.1822,-99
10223561441,188.7852,248.637,-99
10223594774,190.1963,247.911,-99
10223628107,192.3842,246.8916,-99
10223661440,192.5811,243.6178,-99
10223694773,193.9814,243.0771,-99
10223728106,194.0428,241.6722,-99
10223761439,193.5227,239.8011,-99
10223794772,193.176,238.5204,-99
10223828105,191.4653,237.6427,-99
10223861438,190.2969,237.0855,-99
10223894771,189.8491,237.2217,-99
10223928104,189.5368,237.0637,-99
10223961437,188.4744,235.6026,-99
10223994770,188.4953,234.7099,-99
10224028103,188.0163,234.3512,-99
10224061436,188.1231,233.598,-99
10224094769,188.4792,231.388,-99
10224128102,187.8505,231.299,-99
10224161435,188.46,230.5789,-99
10224194768,188.2,230.6463,-99
10224228101,188.2955,230.5858,-99
10224261434,189.6308,230.3846,-99
10224294767,190.4431,230.6634,-99
10224328100,191.9295,230.4413,-99
10224361433,193.0615,227.6256,-99
10224394766,194.5609,225.8067,-99
10224428099,194.6457,222.2751,-99
10224463730,195.6862,221.6628,-99
10224497063,196.7995,218.9112,-99
10224530396,197.9002,217.4428,-99
10224563729,198.6977,214.2698,-99
10224597062,199.9517,213.8261,-99
10224630395,201.5446,212.1174,-99
10224663728,202.0546,209.9273,-99
10224697061,202.9436,209.3026,-99
10224730394,203.21,206.6372,-99
10224763727,202.7916,204.6228,-99
10224797060,201.4417,201.804,-99
10224830393,200.7904,198.3639,-99
10224863726,200.4881,195.9024,-99
10224897059,199.9748,193.2632,-99
10224930392,199.247,189.6126,-99
10224963725,199.5928,189.0289,-99
10224997058,200.0388,188.7694,-99
10225030391,199.4619,186.6574,-99
10225063724,200.9151,186.6685,-99
10225097057,202.4733,185.4091,-99
10225130390,203.7008,184.2152,-99
10225163723,205.6218,182.3264,-99
10225197056,207.4372,181.4749,-99
10225230389,208.6354,180.9316,-99
10225263722,209.7636,180.5662,-99
10225297055,210.455,179.3288,-99
10225330388,212.0337,177.6048,-99
10225363721,212.1683,177.6587,-99
10225397054,212.3231,177.7333,-99
10225430387,213.6768,177.4268,-99
10225463720,214.1979,177.0317,-99
10225497053,214.5012,177.2642,-99
10225530386,215.9246,176.5779,-99
10225563719,216.7904,175.7929,-99
10225597052,217.6512,176.5232,-99
10225630385,217.5312,176.935,-99
10225663718,217.3911,177.7095,-99
10225697051,216.0603,178.9569,-99
10225730384,215.4726,180.2565,-99
10225763717,216.0368,181.3456,-99
10225797050,216.0965,181.0938,-99
10225830383,216.7289,181.0473,-99
10225863716,216.335,180.73,-99
10225897049,216.494,180.6691,-99
10225930382,215.7425,180.26,-99
10225963715,216.2775,178.5096,-99
10225997048,216.5934,177.3504,-99
10226030381,216.5447,176.8895,-99
10226063714,217.2854,175.7224,-99
10226097047,217.6,174.1482,-99
10226130380,218.4048,173.7976,-99
10226163713,219.0713,172.9189,-99
10226197046,219.1985,171.8499,-99
10226230379,220.4038,170.2793,-99
10226263712,221.3376,168.6727,-99
10226297045,221.3889,167.0978,-99
10226330378,222.5529,165.5433,-99
10226363711,222.9901,163.7239,-99
10226397044,223.5329,162.7958,-99
10226430377,224.0466,162.4406,-99
10226463710,224.8869,161.2161,-99
10226497043,227.0122,160.7153,-99
10226530376,228.1714,160.3286,-99
10226563709,229.665,159.7925,-99
10226597042,231.8722,158.3415,-99
10226630375,234.0854,157.4049,-99
10226663708,235.71,157.025,-99
10226697041,238.5181,156.8385,-99
10226730374,240.5802,156.2665,-99
10226763707,242.5,153.8397,-99
10226797040,244.7904,152.4268,-99
10226830373,245.7638,152.3303,-99
10226863706,247.4924,149.3737,-99
10226897039,249.2175,148.785,-99
10226930372,249.4821,148.7103,-99
10226963705,250.1919,148.7541,-99
10226997038,251.2283,148.2655,-99
10227030371,251.829,148.1295,-99
10227063704,251.6873,146.0737,-99
10227097037,251.2602,145.0894,-99
10227130370,250.9668,145.2244,-99
10227163703,250.3285,145.4453,-99
10227197036,249.0448,145.3137,-99
10227230369,247.3893,145.6667,-99
10227263702,247,145.2417,-99
10227297035,246.8487,144.8718,-99
10227330368,246.6247,145.477,-99
10227363701,247.2776,145.4816,-99
10227397034,247.7309,145.884,-99
10227430367,248.7587,146.413,-99
10227463700,249.2599,147.4692,-99
10227497033,248.7955,148.3727,-99
10227530366,249.8215,148.6728,-99
10227563699,249.9597,149.9239,-99
10227597032,251.3254,150.2034,-99
10227630365,251.8142,151.5734,-99
10227663698,252.9217,151.1776,-99
10227697031,252.7933,151.0361,-99
10227730364,253.271,151.4173,-99
10227763697,253.8341,151.1935,-99
10227802609,254.6736,151.0069,-99
10227835942,256.1373,149.6152,-99
10227869275,257.2628,148.7419,-99
10227902608,258.5821,148.6715,-99
10227935941,259.9618,147.599,-99
10227969274,261.5227,146.747,-99
10228002607,263.0677,144.9579,-99
10228035940,264.271,143.8505,-99
10228069273,265.168,143.1266,-99
10228102606,266.3765,141.2706,-99
10228135939,267.5472,140.7665,-99
10228169272,268.27,140.4812,-99
10228202605,268.8952,139.4489,-99
10228235938,270.1925,139.2701,-99
10228269271,272.1706,138.8294,-99
10228302604,274.3965,138.096,-99
10228335937,277.5595,137.1418,-99
10228369270,280.5889,136.5104,-99
10228402603,282.4014,136.5646,-99
10228435936,284.48,135.8282,-99
10228469269,287.2141,134.7106,-99
10228502602,288.9799,134.1834,-99
10228535935,291.0518,132.6494,-99
10228569268,293.8987,132.0405,-99
10228602601,297.1448,130.3077,-99
10228635934,299.9642,129.5895,-99
10228669267,303.3294,129.3435,-99
10228702600,306.3674,129.3419,-99
10228735933,308.5,130.0049,-99
10228769266,311.1041,130.0204,-99
10228802599,312.3217,129.8653,-99
10228835932,313.6649,130.0183,-99
10228869265,314.3174,129.8161,-99
10228902598,315.9258,128.4066,-99
10228935931,318.0133,127.256,-99
10228969264,320.1866,125.9751,-99
10229002597,321.6408,125.7961,-99
10229035930,324.0777,125.6416,-99
10229069263,326.0154,124.8718,-99
10229102596,328.5569,124.4158,-99
10229135929,332.1316,125.2847,-99
10229169262,334.3333,125.9367,-99
10229202595,335.8517,126.8317,-99
10229235928,337.9253,128.0103,-99
10229269261,341.3142,128.8165,-99
10229302594,345.1495,128.5,-99
10229335927,348.282,128.6993,-99
10229369260,352.3738,127.8785,-99
10229402593,356.6728,127.3753,-99
10229435926,360.5981,127.8481,-99
10229471556,363.734,128.7709,-99
10229504889,366.4543,129.649,-99
10229538222,369.0769,130.2769,-99
10229571555,371.6215,131.7852,-99
10229604888,373.8766,132.8136,-99
10229638221,375.6913,134.2435,-99
10229671554,377.092,134.5424,-99
10229704887,378.3792,134.851,-99
10229738220,380.0962,135.8867,-99
10229771553,382.658,136.3203,-99
10229804886,384.6703,138.0866,-99
10229838219,387.018,139.485,-99
10229871552,389.9188,141.4495,-99
10229904885,392.7386,142.5011,-99
10229938218,395.6157,143.1783,-99
10229971551,397.3861,143.175,-99
10230004884,399.5459,144.4898,-99
10230038217,401.9278,146.4706,-99
10230071550,403.7448,149.4548,-99
10230104883,405.9619,152.4004,-99
10230138216,408.4359,153.5524,-99
10230171549,410.0338,155.3792,-99
10230204882,413.1046,158.764,-99
10230238215,415.9704,161.4785,-99
10230271548,417.5969,164.2532,-99
10230304881,419.6863,166.9571,-99
10230338214,421.1743,168.4772,-99
10230371547,422.3598,170.2751,-99
10230404880,424.424,172.08,-99
10230438213,426.0369,173.8673,-99
10230471546,427.4592,175.1199,-99
10230504879,428.9089,175.8621,-99
10230538212,427.8297,176.1892,-99
10230571545,429.6075,176.9651,-99
10230604878,431.2049,178.9811,-99
10230638211,433.4005,180.871,-99
10230671544,436.2213,182.4754,-99
10230704877,437.3684,184.9569,-99
10230738210,439.3938,186.0881,-99
10230771543,440.4158,187.2704,-99
10230804876,442.1598,188.1546,-99
10230838209,442.9056,189.1327,-99
10230871542,444.1786,190.0714,-99
10230904875,445.9169,191.2092,-99
10230938208,447.2337,193.2581,-99
10230971541,447.705,194.7935,-99
10231004874,450.0753,196.0269,-99
10231038207,450.9308,198.6369,-99
10231071540,452.5977,200.8839,-99
10231104873,452.8152,202.2698,-99
10231138206,450.0165,204.0455,-99
10231171539,450.5974,206.2944,-99
10231204872,451.6026,208.0427,-99
10231238205,455.0255,210.7226,-99
10231271538,456.9904,212.032,-99
10231304871,457.3333,213.1442,-99
10231338204,457.5833,216.6818,-99
10231371537,456.9977,218.1639,-99
10231404870,456.0518,220.1531,-99
10231438203,454.4314,221.3627,-99
10231471536,453.8325,223.1622,-99
10231504869,453.3831,225.6482,-99
10231538202,452.6208,227.6935,-99
10231571535,452.496,230.3984,-99
10231604868,452.1828,233.1667,-99
10231638201,452.8824,234.0654,-99
10231671534,453.3452,235.8611,-99
10231704867,448.8072,235.9277,-99
10231738200,452.7982,240.0229,-99
10231771533,456.3902,243.2033,-99
10231804866,456.2126,244.8173,-99
10231838199,453.6053,244.5,-99
10231871532,457.0517,250.8707,-99
10231904865,456.0476,247.3095,-99
10231938198,456.0577,245.4712,-99
10231971531,456.5773,248.299,-99
10232004864,454.5972,254.6944,-99
10232038197,449.9273,254.6636,-99
10232071530,452.8601,255.0494,-99
10232104863,454.3469,259.9631,-99
10232138196,456.6531,262.6844,-99
10232171529,457.4089,264.4089,-99
10232204862,458.4319,266.7884,-99
10232238195,458.1333,266.4222,-99
10232271528,457.9082,264.3188,-99
10232304861,459.2143,262.8776,-99
10232338194,463.1227,267.3679,-99
10232371527,463.0319,271.0775,-99
10232404860,463.145,273.1215,-99
10232438193,462.2265,274.722,-99
10232471526,461.8689,275.0023,-99
10232504859,459.8245,274.7744,-99
10232538192,459.0065,275.5179,-99
10232571525,460.1594,274.8167,-99
10232604858,459.5733,274.5022,-99
10232638191,456.2727,277.3636,-99
10232671524,455.4048,278.4985,-99
10232704857,458.6528,277.7882,-99
10232738190,457.7896,280.1448,-99
10232771523,458.0525,282.6822,-99
10232806263,457.9266,284.1494,-99
10232839596,457.3418,285.9209,-99
10232872929,455.2894,286.9646,-99
10232906262,452.5862,286.6995,-99
10232939595,453.9036,289.85,-99
10232972928,453.3405,293.7214,-99
10233006261,452.5121,295.509,-99
10233039594,451.4731,296.5298,-99
10233072927,451.1161,299.2677,-99
10233106260,452.0704,303.1514,-99
10233139593,452.2533,304.8733,-99
10233172926,451.4608,307.0915,-99
10233206259,450.7384,309.2035,-99
10233239592,449.4693,310.3547,-99
10233272925,449.2773,312.2094,-99
10233306258,449.5129,315.4834,-99
10233339591,447.8333,312.1345,-99
10233372924,447.2849,312.0627,-99
10233406257,446.2171,314.8719,-99
10233439590,443.9223,315.7433,-99
10233472923,441.9122,316.5399,-99
10233506256,440.7735,314.4309,-99
10233539589,440.0315,318.4009,-99
10233572922,438.463,318.4052,-99
10233606255,440.5673,318.88,-99
10233639588,442,322.9096,-99
10233672921,441.5514,327.8054,-99
10233706254,439.5762,328.8848,-99
10233739587,438.9083,331.8341,-99
10233772920,440.8521,334.3873,-99
10233806253,439.1289,334.8571,-99
10233839586,437.7624,337.5644,-99
10233872919,436.3091,339.9891,-99
10233906252,433.7854,340.7663,-99
10233939585,431.1884,341.6404,-99
10233972918,431.3984,344.6667,-99
10234006251,429.771,343.8419,-99
10234039584,428.4626,345.1408,-99
10234072917,427.6465,346.5861,-99
10234106250,428.703,348.485,-99
10234139583,426.9855,350.718,-99
10234172916,425.3253,350.1148,-99
10234206249,423.2729,351.3672,-99
10234239582,421.5023,352.713,-99
10234272915,420.3738,353.1495,-99
10234306248,418.6347,353.6183,-99
10234339581,417.7914,354.0815,-99
10234372914,417.7023,354.6535,-99
10234406247,417.0218,354.6513,-99
10234439580,416.7049,355.6674,-99
10234472913,415.8405,356.9405,-99
10234506246,416.0871,358.0729,-99
10234539579,416.6553,359.5828,-99
10234572912,417.081,360.9322,-99
10234606245,415.6604,361.8208,-99
10234639578,415,363.1732,-99
10234672911,417.4256,364.1991,-99
10234706244,415.4153,364.748,-99
10234739577,417.0983,363.8821,-99
10234772910,417.1783,364.0801,-99
10234806243,415.2209,363.196,-99
10234839576,414.373,361.8045,-99
10234872909,414.3056,360.1663,-99
10234906242,412.7914,360.3817,-99
10234939575,412.0728,359.9161,-99
10234972908,412.1352,358.1331,-99
10235006241,411.8649,357.9242,-99
10235039574,411.5822,357.3117,-99
10235072907,411.0206,356.4928,-99
10235106240,411.8646,357.2935,-99
10235139573,412.1967,358.4455,-99
10235172906,413.2392,359.0025,-99
10235206239,413.8435,359.5428,-99
10235239572,413.2344,360.9426,-99
10235272905,413.8072,364.3059,-99
10235306238,416.4784,365.9413,-99
10235339571,418.8409,364.8665,-99
10235372904,420.5145,365.396,-99
10235406237,421.7758,365.5424,-99
10235439570,422.5673,365.8036,-99
10235472903,423.8622,362.6417,-99
10235506236,422.1882,359.8487,-99
10235539569,419.9842,361.8775,-99
10235572902,416.6,362.6654,-99
10235606235,415.533,356.3462,-99
10235639568,418.3143,356.6,-99
10235672901,417.5092,359.5185,-99
10235706234,415.9113,363.5,-99
10235739567,415.8318,363.9327,-99
10235772900,416,363.4,-99
10235806233,416.8454,362.9372,-99
10235839566,416.7127,360.6335,-99
10235872899,415.8445,359.676,-99
10235906232,415.7123,360.4037,-99
10235939565,415.6182,359.105,-99
10235972898,415.7012,357.9741,-99
10236006231,416.0365,357.825,-99
10236039564,415.8336,356.4391,-99
10236072897,415.3798,357.7017,-99
10236106230,415.5621,356.0998,-99
10236140251,415.3886,357.0189,-99
10236173584,415.8102,356.0714,-99
10236206917,415.5674,357.463,-99
10236240250,416.0099,356.5336,-99
10236273583,415.3755,357.5633,-99
10236306916,415.3278,356.9258,-99
10236340249,415.0367,356.6209,-99
10236373582,414.2477,357.8716,-99
10236406915,414.2863,356.7634,-99
10236440248,413.8277,357.3936,-99
10236473581,413.9337,356.996,-99
10236506914,413.9467,357.226,-99
10236540247,414.2408,357.0551,-99
10236573580,414.2342,358.4599,-99
10236606913,414.1796,359.408,-99
10236640246,415,360.399,-99
10236673579,415.8992,361.5613,-99
10236706912,416.7821,363.2179,-99
10236740245,416.7733,362.7493,-99
10236773578,416.0814,362.7797,-99
10236806911,416.4727,361.4023,-99
10236840244,414.4322,359.5829,-99
10236873577,416.6881,364.4244,-99
10236906910,416.3821,365.643,-99
10236940243,418.2874,366.5234,-99
10236973576,418.3283,366.4406,-99
10237006909,420.3461,366.7258,-99
10237040242,422.3975,365.88,-99
10237073575,422.6264,365.3379,-99
10237106908,420.2222,366.3087,-99
10237140241,419.2755,365.3418,-99
10237173574,418.6865,363.7228,-99
10237206907,416.5057,362.8277,-99
10237240240,417.284,363.0892,-99
10237273573,414.946,360.7628,-99
10237306906,415.4755,357.2762,-99
10237340239,415.6688,359.2733,-99
10237373572,415.3409,360.0451,-99
10237406905,415.7735,361.0706,-99
10237440238,415.818,356.4436,-99
10237473571,415.4149,354.9904,-99
10237506904,414.7722,354.8351,-99
10237540237,414.7697,356.0081,-99
10237573570,414.3539,355.7185,-99
10237606903,414.7945,356.9123,-99
10237640236,414.7726,358.2974,-99
10237673569,415.8502,359.1729,-99
10237706902,417.3782,360.9038,-99
10237740235,417.6938,361.2215,-99
10237773568,418.0498,362.6349,-99
10237812449,417.7654,360.4897,-99
10237845782,414.4508,356.0901,-99
10237879115,416.8976,358.3193,-99
10237912448,417.7987,357.4465,-99
10237945781,417.7329,358.0959,-99
10237979114,420.9819,364.4389,-99
10238012447,422.0099,367.7094,-99
10238045780,423.45,369.7227,-99
10238079113,424.4076,370.8389,-99
10238112446,425.3909,370.8528,-99
10238145779,425.3834,369.0933,-99
10238179112,429.3858,372.397,-99
10238212445,431.0037,373.0328,-99
10238245778,433.0064,373.5609,-99
10238279111,434.75,374.2988,-99
10238312444,435.2141,373.1885,-99
10238345777,434.9225,371.3178,-99
10238379110,435.7387,370.3378,-99
10238412443,436.8858,369.9954,-99
10238445776,438.314,370.5604,-99
10238479109,438.1099,376.0107,-99
10238512442,438.7257,378.4602,-99
10238545775,437.1772,377.9899,-99
10238579108,435.7306,377.7417,-99
10238612441,437.7657,376.02,-99
10238645774,439.8869,374.5654,-99
10238679107,435.5549,371.3544,-99
10238712440,432.8116,370.0782,-99
10238745773,423.8101,368.4304,-99
10238779106,419.3993,367.8558,-99
10238812439,413.8827,366.787,-99
10238845772,413.1649,364.5228,-99
10238879105,412.5581,358.9688,-99
10238912438,410.7131,354.8805,-99
10238945771,409.7905,354.8,-99
10238979104,407.6435,351.5696,-99
10239012437,407.1267,349.0822,-99
10239045770,408.6967,348.3935,-99
10239079103,408.5322,346.9093,-99
10239112436,408.1077,346.2584,-99
10239145769,406.9523,346.5752,-99
10239179102,405.5461,346.9291,-99
10239212435,404.0476,347.6213,-99
10239245768,401.4484,348.7996,-99
10239279101,399.6768,350.0915,-99
10239312434,397.7984,352.006,-99
10239345767,396.2182,353.0606,-99
10239379100,395.2617,354.5511,-99
10239412433,393.7291,356.4604,-99
10239445766,392.402,358.4755,-99
10239479099,390.802,362.0449,-99
10239512432,389.4612,366.0428,-99
10239545765,387.7664,369.6178,-99
10239579098,386.3419,372.6919,-99
10239612431,385.3378,375.6667,-99
10239645764,384.1335,379.5,-99
10239679097,381.5025,382.0123,-99
10239712430,379.5934,386.3458,-99
10239745763,377.423,389.4909,-99
10239779096,374.7682,392.4134,-99
10239812429,373.3037,392.3432,-99
10239845762,371.0865,394.9914,-99
10239879095,368.5886,394.44,-99
10239912428,367.5505,393.5293,-99
10239945761,366.0097,393.4078,-99
10239979094,364.7817,393.3528,-99
10240012427,363.4255,395.155,-99
10240045760,361.347,393.0771,-99
10240079093,358.7417,391.9073,-99
10240112426,359.7122,390.5991,-99
10240145759,357.3928,390.456,-99
10240179092,354.5107,390.3948,-99
10240212425,350.1465,391.3448,-99
10240245758,346.3787,391.7176,-99
10240279091,344.3228,392.5535,-99
10240312424,343.3697,393.0043,-99
10240345757,342.4872,393.2234,-99
10240379090,340.9956,393.5795,-99
10240412423,338.7938,393.1134,-99
10240445756,336.8159,393.4775,-99
10240479089,334.6749,394.0269,-99
10240512422,331.5893,394.2121,-99
10240545755,327.2978,394.6861,-99
10240579088,324.1683,394.8758,-99
10240612421,321.0785,394.8592,-99
10240645754,318.8712,394.6459,-99
10240679087,316.8707,394.5919,-99
10240712420,315.9794,393.9977,-99
10240745753,315.2391,393.9251,-99
10240779086,314.6537,393.3578,-99
10240812419,313.6546,394.0266,-99
10240845752,311.751,393.5804,-99
10240879085,309.7333,394.8667,-99
10240912418,307.9042,396.1098,-99
10240945751,305.9205,396.9438,-99
10240979084,303.8105,398.1391,-99
10241012417,303.1054,397.503,-99
10241045750,302.803,397.1221,-99
10241079083,301.806,396.2656,-99
10241112416,299.7158,394.9722,-99
10241148078,298.6151,394.031,-99
10241181411,299.1365,392.8871,-99
10241214744,299.125,392.1168,-99
10241248077,298.2203,392.4295,-99
10241281410,297.9706,392.693,-99
10241314743,296.4737,393.6547,-99
10241348076,295.8491,394.6939,-99
10241381409,294.3068,396.6841,-99
10241414742,294.7719,397.0938,-99
10241448075,292.5151,397.7359,-99
10241481408,290.9845,398.4557,-99
10241514741,290.53,398.7794,-99
10241548074,289.5328,398.764,-99
10241581407,287.7764,398.0958,-99
10241614740,285.808,396.9834,-99
10241648073,284.1882,395.8299,-99
10241681406,282.1242,393.9221,-99
10241714739,280.073,393.424,-99
10241748072,278.5113,393.6694,-99
10241781405,277.6,393.8848,-99
10241814738,276.6317,393.6931,-99
10241848071,275.1532,393.853,-99
10241881404,274.4629,393.2484,-99
10241914737,274.4584,392.5032,-99
10241948070,275.2847,391.9067,-99
10241981403,274.3365,390.3027,-99
10242014736,272.8672,388.458,-99
10242048069,271.376,386.9832,-99
10242081402,270.2119,385.8495,-99
10242114735,268.9186,385.4647,-99
10242148068,267.3276,385.4539,-99
10242181401,266.2672,385.597,-99
10242214734,266.03,385.0621,-99
10242248067,264.6943,384.8664,-99
10242281400,262.5605,383.9597,-99
10242314733,260.8875,382.7489,-99
10242348066,259.2152,381.9367,-99
10242381399,257.4379,381.3486,-99
10242414732,255.8712,380.6888,-99
10242448065,254.4714,379.522,-99
10242481398,253.5708,378.7169,-99
10242514731,251.9476,378.4875,-99
10242548064,250.9804,377.5848,-99
10242581397,248.9606,376.9344,-99
10242614730,246.132,377.0828,-99
10242648063,243.7263,377.5754,-99
10242681396,240.8943,378.5856,-99
10242714729,238.8009,379.312,-99
10242748062,236.568,380.7895,-99
10242781395,234.6895,381.7559,-99
10242820276,234.7068,382.5645,-99
10242853609,235.7266,383.2734,-99
10242886942,235.7119,381.8015,-99
10242920275,236.2786,380.5721,-99
10242953608,237.2356,378.3072,-99
10242986941,235.9626,376.0936,-99
10243020274,236.2203,374.9823,-99
10243053607,236.5473,373.5871,-99
10243086940,235.967,372.0849,-99
10243120273,233.3943,371.5294,-99
10243153606,233.0674,371.1605,-99
10243186939,232.9475,370.9103,-99
10243220272,231.8112,370.409,-99
10243253605,231.804,369.8716,-99
10243286938,231.3341,368.2249,-99
10243320271,231.6559,367.0924,-99
10243353604,232.1239,365.2227,-99
10243386937,232.9049,364.1485,-99
10243420270,232.4662,361.9767,-99
10243453603,232.9258,361.189,-99
10243486936,233.9153,359.1646,-99
10243520269,232.9281,358.5204,-99
10243553602,232.5024,357.7957,-99
10243586935,231.4218,357.1777,-99
10243620268,230.4548,357.0929,-99
10243653601,228.7751,356.7555,-99
10243686934,227.0958,356.0221,-99
10243720267,225.8227,355.3428,-99
10243753600,224.3164,354.9469,-99
10243786933,223.1064,354.5343,-99
10243820266,222.255,353.9083,-99
10243853599,221.9159,352.5204,-99
10243886932,220.9596,351.0404,-99
10243920265,220.3185,349.2623,-99
10243953598,222.4652,347.6368,-99
10243986931,222.2823,346.2105,-99
10244020264,223.854,345.6058,-99
10244053597,224.4655,345.1182,-99
10244086930,225.1964,344.6607,-99
10244120263,224.1488,343.5979,-99
10244153596,224.416,342.8772,-99
10244186929,225.102,342.8209,-99
10244220262,224.3002,342.1608,-99
10244253595,222.9657,341.1765,-99
10244286928,222.1721,340.98,-99
10244320261,221.4523,340.5281,-99
10244353594,221.1322,340.6609,-99
10244386927,220.804,340.6228,-99
10244420260,219.1559,339.6832,-99
10244453593,217.7513,338.0655,-99
10244486926,216.9302,337.7581,-99
10244520259,216.182,337.5853,-99
10244553592,213.3037,335.1635,-99
10244586925,212.4011,333.9519,-99
10244620258,211.1968,333.5272,-99
10244653591,207.8019,331.0684,-99
10244686924,206.3874,329.707,-99
10244720257,202.6074,327.0854,-99
10244753590,202.4504,325.7555,-99
10244786923,200.7199,323.3317,-99
10244820256,199.8147,321.6624,-99
10244853589,199.2618,318.6334,-99
10244886922,198.1636,317.8091,-99
10244920255,196.7205,314.1923,-99
10244953588,194.4712,312.817,-99
10244986921,192.9514,311.6368,-99
10245020254,189.054,310.91,-99
10245053587,186.4733,310.6794,-99
10245086920,184.5888,310.9319,-99
10245120253,182.842,311.0494,-99
10245153586,181.95,310.8868,-99
10245186919,181.5047,309.8047,-99
10245220252,181.9622,309.5297,-99
10245253585,183.145,308.6272,-99
10245286918,183.847,306.6284,-99
10245320251,185.7227,305.3614,-99
10245353584,184.6,303.0085,-99
10245386917,184.563,302.7625,-99
10245420250,184.1636,302.0617,-99
10245453583,184.3875,299.7265,-99
10245486916,183.6811,298.1811,-99
10245520249,183.5108,295.5542,-99
10245553582,182.8255,293.9484,-99
10245586915,182.422,291.1253,-99
10245620248,182.9928,288.2974,-99
10245653581,184.0823,286.617,-99
10245686914,185.1319,285.3404,-99
10245720247,186.6809,283.7412,-99
10245753580,188.2462,283.4619,-99
10245786913,187.9195,281.0234,-99
10245820246,187.6243,279.6005,-99
10245853579,187.9952,277.8664,-99
10245886912,187.1362,276.1338,-99
10245920245,185.2369,273.1771,-99
10245953578,184.0784,272.0172,-99
10245986911,182.0987,268.2857,-99
10246020244,181.5685,267.2997,-99
10246053577,181.5154,264.5957,-99
10246086910,180.9765,262.5457,-99
10246120243,181.5012,260.2829,-99
10246152654,182.5173,259.7153,-99
10246185987,182.8919,258.8838,-99
10246219320,181.8729,256.3453,-99
10246252653,181.7175,255.565,-99
10246285986,182.4143,255.5141,-99
10246319319,179.2044,251.6158,-99
10246352652,179.4031,251.0982,-99
10246385985,178.5076,250.2284,-99
10246419318,177.1825,247.5835,-99
10246452651,178.0444,247.3531,-99
10246485984,178.0099,246.5693,-99
10246519317,177.4986,244.8039,-99
10246552650,179.2745,244.7283,-99
10246585983,180.3757,244.1081,-99
10246619316,180.9789,241.7079,-99
10246652649,181.8949,240.8977,-99
10246685982,183.0694,241.0028,-99
10246719315,184.5362,241.5586,-99
10246752648,185.2048,241.7191,-99
10246785981,186.9539,241.0121,-99
10246819314,187.3762,240.9089,-99
10246852647,186.7955,239.9146,-99
10246885980,187.7037,239.706,-99
10246919313,187.8216,238.1854,-99
10246952646,188.8376,238.1763,-99
10246985979,189.585,239.3923,-99
10247019312,190.6247,239.886,-99
10247052645,191.5336,241.2483,-99
10247085978,191.79,241.2775,-99
10247119311,191.9289,241.0564,-99
10247152644,191.8371,241.5852,-99
10247185977,190.7685,239.2168,-99
10247219310,189.4279,237.2469,-99
10247252643,188.8635,235.3077,-99
10247285976,188.065,233.6149,-99
10247319309,186.1511,229.4257,-99
10247352642,186.6277,229.6861,-99
10247385975,185.6418,226.1947,-99
10247419308,186.5615,224.9949,-99
10247452641,186.9931,221.7103,-99
10247485974,187.4386,218.8747,-99
10247519307,188.7413,216.1244,-99
10247552640,190.612,214.9948,-99
10247585973,192.1638,213.0685,-99
10247619306,193.0874,211.4645,-99
10247652639,193.6691,209.4077,-99
10247685972,194.0365,208.4844,-99
10247719305,192.8374,205.4261,-99
10247752638,192.9116,205.1818,-99
10247785971,190.8916,201.8473,-99
10247813522,190.4452,201.6527,-99
10247846855,190.0525,200.74,-99
10247880188,190.6808,199.5711,-99
10247913521,190.9348,199.0551,-99
10247946854,191.9443,199.4881,-99
10247980187,193.9815,200.1825,-99
10248013520,196.5652,199.8261,-99
10248046853,199.2565,199.0689,-99
10248080186,201.6172,198.2993,-99
10248113519,203.6201,197.9804,-99
10248146852,204.8247,197.3557,-99
10248180185,205.5025,195.2168,-99
10248213518,206.6832,193.8886,-99
10248246851,207.433,191.2081,-99
10248280184,208.157,189.3544,-99
10248313517,209.64,185.8988,-99
10248346850,210.5951,183.2395,-99
10248380183,212.4157,181.3444,-99
10248413516,214.3292,179.6634,-99
10248446849,215.9503,177.592,-99
10248480182,216.9758,177.5061,-99
10248513515,217.7725,177.0159,-99
10248546848,218.0448,177.4229,-99
10248580181,218.1954,177.203,-99
10248613514,218.845,176.9251,-99
10248646847,219.4524,176.7301,-99
10248680180,220.3643,176.0147,-99
10248713513,221.4469,174.3044,-99
10248746846,222.2277,172.5198,-99
10248780179,222.9412,169.8353,-99
10248813512,222.9021,169.3196,-99
10248846845,223.9307,165.6139,-99
10248880178,224.4965,163.1341,-99
10248913511,225.1675,161.3399,-99
10248946844,225.6845,160.6456,-99
10248980177,227.2847,159.6559,-99
10249013510,228.3557,158.6667,-99
10249046843,229.67,157.6977,-99
10249080176,232.0026,157.0257,-99
10249113509,233.3747,156.4608,-99
10249146842,234.2571,156.491,-99
10249180175,236.1029,156.496,-99
10249213508,237.6667,156.5246,-99
10249246841,239.5098,155.9972,-99
10249280174,240.904,156.1102,-99
10249313507,242.8677,154.2748,-99
10249346840,243.7653,153.1549,-99
10249380173,245.4829,151.7073,-99
10249413506,246.061,149.7878,-99
10249446839,247.7976,148.0927,-99
10249488970,249.5183,148.0831,-99
10249522303,251.7246,146.8139,-99
10249555636,254.095,145.6425,-99
10249588969,255.6683,145.2437,-99
10249622302,256.8091,144.8945,-99
10249655635,258.4536,144.5263,-99
10249688968,259.7822,144.2648,-99
10249722301,260.6633,143.6275,-99
10249755634,260.7949,141.2744,-99
10249788967,261.4669,140.2486,-99
10249822300,261.4259,137.5795,-99
10249855633,260.9081,133.6649,-99
10249888966,260.2011,132.689,-99
10249922299,260.0986,130.2139,-99
10249955632,260.6772,128.2205,-99
10249988965,261.2092,127.7194,-99
10250022298,260.7122,127.9132,-99
10250055631,262.1624,127.7242,-99
10250088964,263.3626,128.022,-99
10250122297,264.2658,128.8289,-99
10250155630,266.162,129.5894,-99
10250188963,267.3743,130.9225,-99
10250222296,269.4377,131.7978,-99
10250255629,271.7082,132.756,-99
10250288962,273.3443,133.2886,-99
10250322295,275.2584,133.2997,-99
10250355628,279.1801,132.5166,-99
10250388961,281.7177,132.0742,-99
10250422294,284.4892,131.4193,-99
10250455627,286.6086,130.6742,-99
10250488960,288.3232,129.888,-99
10250522293,290.4801,129.1219,-99
10250555626,292.6789,128.6348,-99
10250588959,294.7112,128.6181,-99
10250622292,297.0162,128.7292,-99
10250655625,299.9744,127.958,-99
10250688958,303.0583,127.8228,-99
10250722291,306.2945,127.8812,-99
10250755624,309.3032,127.868,-99
10250788957,312.0891,128.1287,-99
10250822290,313.9535,128.478,-99
10250855623,314.9564,128.1471,-99
10250888956,315.9233,128.4794,-99
10250922289,317.1856,128.4626,-99
10250955622,317.9875,128.6967,-99
10250988955,320.0132,129.4791,-99
10251022288,320.2114,128.149,-99
10251055621,322.5576,126.7519,-99
10251088954,324.9405,126.2134,-99
10251122287,327.1975,125.563,-99
10251157949,329.5884,124.9046,-99
10251191282,332.5097,123.8647,-99
10251224615,335.0095,122.9242,-99
10251257948,337.296,122.806,-99
10251291281,340.2188,123.3101,-99
10251324614,341.7608,124.1145,-99
10251357947,343.5866,124.3411,-99
10251391280,345.8747,125.1828,-99
10251424613,348.6784,125.7663,-99
10251457946,351.1282,126.7308,-99
10251491279,355.1411,127.6927,-99
10251524612,357.864,128.529,-99
10251557945,360.1344,129.2849,-99
10251591278,363.4919,130.6243,-99
10251624611,365.8606,131.2735,-99
10251657944,368.5084,131.7039,-99
10251691277,370.7649,132.2403,-99
10251724610,373.8255,131.5548,-99
10251757943,375.5422,130.7663,-99
10251791276,377.157,130.8237,-99
10251824609,377.7037,130.2725,-99
10251857942,377.949,131.0893,-99
10251891275,378.8652,131.8275,-99
10251924608,379.8942,132.8134,-99
10251957941,380.6614,136.3499,-99
10251991274,381.0417,138.4418,-99
10252024607,381.7075,140.9247,-99
10252057940,383.028,143.1703,-99
10252091273,384.9053,145.1316,-99
10252124606,386.5113,146.2594,-99
10252157939,387.8637,149.0416,-99
10252191272,389.5749,149.7357,-99
10252224605,391.6354,150.8698,-99
10252257938,393.8575,152.2085,-99
10252291271,396.9055,153.147,-99
10252324604,398.9442,153.2739,-99
10252357937,401.711,154.1995,-99
10252391270,404.3838,155.6736,-99
10252424603,408.1332,156.5879,-99
10252457936,411.6652,158.2688,-99
10252491269,414.7904,160.2747,-99
10252524602,416.6479,161.824,-99
10252557935,417.628,163.8311,-99
10252591268,419.7841,164.6257,-99
10252624601,420.3399,166.5831,-99
10252657934,420.819,168.7053,-99
10252691267,422.1667,170.2544,-99
10252724600,422.6323,170.9641,-99
10252757933,424.0431,171.709,-99
10252791266,424.628,172.6893,-99
10252824599,425.6766,173.8383,-99
10252857932,428.1214,176.2505,-99
10252891265,429.39,178.4668,-99
10252924598,431.3061,180.1701,-99
10252957931,434.0976,182.2538,-99
10252991264,437.3209,182.7219,-99
10253024597,439.5092,183.5119,-99
10253057930,441.6639,184.4222,-99
10253091263,443.8201,185.7196,-99
10253124596,444.5139,188.5907,-99
10253157929,445.6107,189.4608,-99
10253191262,445.524,190.4714,-99
10253224595,445.6395,191.1066,-99
10253257928,446.0555,191.7755,-99
10253291261,446.1212,193.4697,-99
10253324594,445.1079,194.3573,-99
10253357927,444.3755,194.802,-99
10253391260,444.7277,195.6362,-99
10253424593,444.6462,196.3024,-99
10253457926,444.4194,196.1126,-99
10253491259,441.8794,194.8294,-99
10253524592,439.0555,192.3547,-99
10253557925,439.2149,191.9254,-99
10253591258,441.7552,191.4276,-99
10253624591,442.3353,190.8443,-99
10253657924,439.0428,190.6929,-99
10253691257,439.9244,191.5292,-99
10253724590,442.3499,192.4956,-99
10253757923,440.8708,193.4496,-99
10253791256,440.2663,194.0207,-99
10253824589,441.4546,194.5625,-99
10253857922,441.8166,194.5158,-99
10253891255,442.3533,194.114,-99
10253924588,442.9625,192.9827,-99
10253957921,444.9744,192.0057,-99
10253991254,446.2383,191.0164,-99
10254024587,446.9749,190.1198,-99
10254057920,448.7253,189.5192,-99
10254091253,449.7438,188.6226,-99
10254124586,450.2826,187.8421,-99
10254157919,451.4038,187.239,-99
10254191252,451.6301,187.0658,-99
10254224585,452.7268,186.5273,-99
10254257918,453.0107,186.7181,-99
10254291251,453.0621,186.0932,-99
10254324584,452.6196,186.4179,-99
10254357917,452.5425,186.4192,-99
10254391250,452.1667,187.0641,-99
10254424583,452.5968,186.9019,-99
10254457916,452.5236,187.2133,-99
10254496797,451.8022,186.6384,-99
10254530130,450.6811,187.1081,-99
10254563463,450.5,188.1528,-99
10254596796,449.5528,189.7641,-99
10254630129,448.1141,190.2878,-99
10254663462,446.3066,190.6722,-99
10254696795,445.2327,191.3736,-99
10254730128,444.4243,191.5758,-99
10254763461,443.6569,192.4605,-99
10254796794,442.9028,191.905,-99
10254830127,442.4808,193.079,-99
10254863460,442.3821,193.0699,-99
10254896793,442.6292,193.5933,-99
10254930126,442.2796,193.3785,-99
10254963459,442.4045,193.9888,-99
10254996792,441.4843,193.385,-99
10255030125,441.0173,193.4134,-99
10255063458,440.6598,194.1753,-99
10255096791,439.7466,194.1804,-99
10255130124,438.4908,195.0131,-99
10255163457,437.701,195.4171,-99
10255196790,437.7107,194.0197,-99
10255230123,437.1734,194.685,-99
10255263456,436.5403,195.8044,-99
10255296789,436.3824,195.6838,-99
10255330122,437.2609,195.3913,-99
10255363455,437.7169,195.7958,-99
10255396788,438.2761,195.9652,-99
10255430121,438.9915,196.4777,-99
10255463454,436.1357,195.4038,-99
10255496787,440.3374,197.7354,-99
10255530120,442.3475,197.9645,-99
10255563453,442.196,201.5023,-99
10255596786,440.9595,203.7486,-99
10255630119,441.9784,204.5676,-99
10255663452,442.7265,204.8794,-99
10255696785,439.388,202.2841,-99
10255730118,437.5969,202.2827,-99
10255763451,437.7813,202.8036,-99
10255796784,435.5241,204.5181,-99
10255830117,435.9949,204.5939,-99
10255863450,441.6262,208.9475,-99
10255896783,443.0094,210.1384,-99
10255930116,444.3155,209.462,-99
10255963449,444.9209,211.5372,-99
10255996782,445.1953,213.0791,-99
10256030115,447.409,212.605,-99
10256063448,447.3878,213.385,-99
10256096781,447.4492,216.1802,-99
10256130114,448.4335,216.8766,-99
10256165744,448.1863,218.3118,-99
10256199077,447.5047,217.4481,-99
10256232410,449.22,219.64,-99
10256265743,450.2,220.2154,-99
10256299076,453.3913,222.9881,-99
10256332409,456.4984,224.2298,-99
10256365742,456.4923,225.7732,-99
10256399075,452.7607,224.0557,-99
10256432408,456.0228,226.8425,-99
10256465741,455.8497,228.6355,-99
10256499074,456.0534,229.8469,-99
10256532407,455.6189,232.5242,-99
10256565740,455.9365,234.6047,-99
10256599073,454.5793,233.4759,-99
10256632406,453.8659,236.5217,-99
10256665739,457.5667,240.0636,-99
10256699072,457.118,242.4012,-99
10256732405,455.417,243.2394,-99
10256765738,453.4124,242.8711,-99
10256799071,453.2849,243.4413,-99
10256832404,454.2384,245.3245,-99
10256865737,454.3698,247.3646,-99
10256899070,455.132,248.8325,-99
10256932403,456.95,249.0875,-99
10256965736,461.1542,251.7797,-99
10256999069,462.4609,252.7617,-99
10257032402,459.9698,251.8578,-99
10257065735,455.5759,256.7634,-99
10257099068,456.3728,259.0702,-99
10257132401,455.865,259.5316,-99
10257165734,456.5142,260.7085,-99
10257199067,455.5097,261.965,-99
10257232400,456.6406,261.9131,-99
10257265733,456.0776,263.1552,-99
10257299066,454.8742,264.3922,-99
10257332399,455.2438,266.326,-99
10257365732,456.0412,268.692,-99
10257399065,457.0564,270.6334,-99
10257432398,457.3424,272.9076,-99
10257465731,459.3795,273.9967,-99
10257499064,459.3712,276.7576,-99
10257532397,461.8828,277.2418,-99
10257565730,460.5765,278.1794,-99
10257599063,460.1041,281.0284,-99
10257632396,459.4767,282.32,-99
10257665729,458.4382,284.4412,-99
10257699062,457.1721,286.4624,-99
10257732395,458.7544,287.3123,-99
10257765728,458.2109,289.3673,-99
10257799061,458.6889,291.4741,-99
10257832394,459.4009,296.5586,-99
10257865727,459.2465,303.4718,-99
10257899060,459.9536,305.2318,-99
10257932393,460.02,306.7933,-99
10257965726,460.1667,307.468,-99
10257999059,461.0064,308.2244,-99
10258032392,460.6237,307.4742,-99
10258065725,459.9846,304.2346,-99
10258099058,457.3871,301.9097,-99
10258132391,455.2057,300.504,-99
10258165724,455.124,297.5969,-99
10258199057,443.8284,302.5385,-99
10258232390,445.4095,302.1142,-99
10258265723,446.9223,302.6419,-99
10258299056,442.5022,303.3493,-99
10258332389,442.4397,303.5517,-99
10258365722,444.5124,302.8163,-99
10258399055,445.155,303.3891,-99
10258432388,445.5723,304.0904,-99
10258465721,443.134,303.7148,-99
10258499054,443.997,306.622,-99
10258532387,444.8578,310.0998,-99
10258565720,443.0227,314.9053,-99
10258599053,443.0566,318.1509,-99
10258632386,445.1781,317.5993,-99
10258665719,447.1411,315.8957,-99
10258699052,446.5052,314.6172,-99
10258732385,446.4112,316.9721,-99
10258765718,445.4125,317.8925,-99
10258799051,445.0317,319.1219,-99
10258832384,444.4573,321.2563,-99
10258865717,445.2283,323.8288,-99
10258899050,441.9491,327.5929,-99
10258932383,440.6582,328.5204,-99
10258965716,441.8301,332.251,-99
10258999049,440.2979,335.6862,-99
10259032382,437.3174,338.8623,-99
10259065715,436.8854,338.4479,-99
10259099048,435.0183,343.3049,-99
10259132381,433.8239,345.8732,-99
10259165714,436.2489,343.7067,-99
10259199047,436.0088,345.6096,-99
10259232380,436.3296,346.191,-99
10259265713,435.4561,347.9088,-99
10259299046,434.9091,349.4364,-99
10259332379,434.0833,352.1515,-99
10259365712,433.3655,354.4664,-99
10259399045,430.4128,356.0321,-99
10259432378,430.1572,362.3962,-99
10259465711,429.757,364.6945,-99
10259498842,427.2111,360.392,-99
10259532175,426.3774,359.7843,-99
10259565508,426.8273,359.0683,-99
10259598841,426.8164,359.1016,-99
10259632174,426.1342,360.6829,-99
10259665507,423.4863,361.9939,-99
10259698840,421.4325,364.3287,-99
10259732173,420.5945,366.5079,-99
10259765506,421.5971,366.8535,-99
10259798839,423.2534,364.7548,-99
10259832172,422.71,362.049,-99
10259865505,421.2038,361.8214,-99
10259898838,419.5607,361.2134,-99
10259932171,418.6515,361.0173,-99
10259965504,419.6483,361.304,-99
10259998837,417.9817,361.0961,-99
10260032170,417.5034,360.6315,-99
10260065503,415.5,360.277,-99
10260098836,412.1262,359.5832,-99
10260132169,410.6114,359.2267,-99
10260165502,408.4164,359.0097,-99
10260198835,406.6698,357.2139,-99
10260232168,408.6536,356.649,-99
10260265501,406.0992,357.1983,-99
10260298834,404.3638,358.4016,-99
10260332167,403.2813,360.0854,-99
10260365500,403.2979,361.7667,-99
10260398833,403.2749,364.0368,-99
10260432166,403.1866,365.4101,-99
10260465499,402.6973,368.4395,-99
10260498832,401.6949,371.2227,-99
10260532165,401.5701,373.7941,-99
10260565498,400.1803,376.5313,-99
10260598831,399.6789,378.0275,-99
10260632164,397.8458,380.034,-99
10260665497,396.7735,381.341,-99
10260698830,394.6166,383.7298,-99
10260732163,393.7469,386.6764,-99
10260765496,391.0292,387.3771,-99
10260798829,388.8206,387.7576,-99
10260832162,386.6066,388.971,-99
10260865495,385.0561,391.5051,-99
10260898828,382.0408,391.3469,-99
10260932161,382.3145,389.9266,-99
10260965494,382.8621,387.5057,-99
10260998827,381.8643,386.9771,-99
10261032160,381.8834,387.0314,-99
10261065493,378.9304,386.35,-99
10261098826,377.1913,385.5057,-99
10261132159,374.5378,385.7667,-99
10261165492,372.6004,385.6942,-99
10261198825,370.9156,386.1407,-99
10261232158,369.5326,386.6348,-99
10261265491,367.8311,386.8553,-99
10261298824,366.3977,386.9432,-99
10261332157,364.1407,387.8879,-99
10261365490,361.9063,387.817,-99
10261398823,360.678,387.2437,-99
10261432156,357.0868,388.5011,-99
10261465489,354.9849,389.0065,-99
10261498822,353.0199,389.5708,-99
10261532155,350.1688,390.8034,-99
10261565488,347.7463,391.6184,-99
10261598821,344.8322,393.2559,-99
10261632154,342.3978,393.7121,-99
10261665487,340.0976,393.9845,-99
10261698820,338.328,394.2893,-99
10261732153,336.5854,394.9271,-99
10261765486,335.1982,394.881,-99
10261798819,333.9211,394.875,-99
10261832152,332.0683,396.0154,-99
10261865485,330.4256,398.0023,-99
10261898818,328.7259,398.5396,-99
10261932151,326.6837,399.38,-99
10261965484,324.4652,400.3587,-99
10261998817,321.7553,400.6076,-99
10262032150,317.91,399.3601,-99
10262065483,317.5991,399.6344,-99
10262098816,315.2279,398.792,-99
10262132149,313.4774,397.5543,-99
10262165482,310.8322,396.6115,-99
10262198815,308.6505,395.3626,-99
10262232148,306.8892,395.0047,-99
10262265481,303.9197,395.0206,-99
10262298814,301.1708,395.2449,-99
10262332147,298.8509,395.2939,-99
10262365480,297.1485,395.3908,-99
10262398813,295.1622,395.8244,-99
10262432146,293.6602,395.1548,-99
10262465479,291.6674,394.946,-99
10262498812,289.8065,394.1891,-99
10262532145,288.4546,393.5781,-99
10262565478,286.8694,393.4442,-99
10262598811,287.2991,392.5023,-99
10262632144,287.394,392.5571,-99
10262665477,286.5412,392.8129,-99
10262698810,284.357,393.1566,-99
10262732143,283.562,394.719,-99
10262765476,281.7564,396.3045,-99
10262798809,279.5522,398.7989,-99
10262827969,278.6373,401.832,-99
10262861302,278.3188,404.2408,-99
10262894635,278.2364,405.5454,-99
10262927968,277.5011,406.4261,-99
10262961301,276.442,406.1247,-99
10262994634,274.8053,405.2898,-99
10263027967,273.6302,402.9978,-99
10263061300,272.688,400.1792,-99
10263094633,271.6253,398.03,-99
10263127966,271.1996,396.0894,-99
10263161299,270.5561,394.2959,-99
10263194632,269.1071,392.0273,-99
10263227965,268.3362,390.5,-99
10263261298,266.1455,390.1714,-99
10263294631,262.7763,388.3333,-99
10263327964,260.5453,386.6318,-99
10263361297,257.8455,385.476,-99
10263394630,257.1502,384.1631,-99
10263427963,256.9,383.1357,-99
10263461296,255.1098,381.6566,-99
10263494629,254.4222,379.8797,-99
10263527962,253.5877,379.0379,-99
10263561295,252.8257,377.5584,-99
10263594628,250.9331,377.0063,-99
10263627961,249.3725,377.2895,-99
10263661294,247.6557,378.5794,-99
10263694627,244.9148,380.0291,-99
10263727960,242.0171,381.5331,-99
10263761293,241.2505,382.918,-99
10263794626,240.6532,383.7793,-99
10263827959,238.9641,384.1413,-99
10263861292,238.9007,382.7019,-99
10263894625,238.4442,382.4584,-99
10263927958,237.5587,380.9089,-99
10263961291,237.2621,379.4102,-99
10263994624,237.8277,377.6508,-99
10264027957,235.6763,375.7266,-99
10264061290,235.2386,374.3205,-99
10264094623,234.7355,371.6984,-99
10264127956,232.5913,370.5544,-99
10264161289,230.8827,369.1791,-99
10264194622,230.9188,368.1581,-99
10264227955,229.4902,365.8655,-99
10264261288,228.4856,365.0864,-99
10264294621,228.0967,363.1187,-99
10264327954,228.4208,361.2495,-99
10264361287,228.3879,360.7354,-99
10264394620,228.4716,360.2249,-99
10264427953,227.5889,359.0647,-99
10264461286,227.8623,358.325,-99
10264500167,227.9119,359.1917,-99
10264533500,226.602,358.8878,-99
10264566833,225.7737,358.1679,-99
10264600166,224.0871,358.0647,-99
10264633499,223.9307,357.8242,-99
10264666832,223.1432,357.3949,-99
10264700165,223.7275,357.1825,-99
10264733498,223.3762,355.953,-99
10264766831,223.5207,355.0392,-99
10264800164,225.1795,356.2354,-99
10264833497,224.983,357.0364,-99
10264866830,225.19,356.5204,-99
10264900163,224.219,355.761,-99
10264933496,224.543,355.638,-99
10264966829,224.1723,355.6425,-99
10265000162,224.4211,356.3268,-99
10265033495,224.1074,356.9389,-99
10265066828,224.3455,357.3341,-99
10265100161,224.218,357.4719,-99
10265133494,223.8221,357.3874,-99
10265166827,224.4023,357.5775,-99
10265200160,223.8484,357.2947,-99
10265233493,223.5373,357.6375,-99
10265266826,223.828,357.6115,-99
10265300159,223.6211,357.5441,-99
10265333492,223.3398,357.2706,-99
10265366825,223.175,357.0542,-99
10265400158,222.6155,356.9076,-99
10265433491,221.6415,357.2285,-99
10265466824,221.8586,356.8354,-99
10265500157,221.295,357.0087,-99
10265533490,220.2557,356.6757,-99
10265566823,220.4469,356.93,-99
10265600156,219.9097,356.7591,-99
10265633489,220.1369,356.703,-99
10265666822,219.5624,356.2691,-99
10265700155,220.3431,356.1535,-99
10265733488,219.3296,356.1515,-99
10265766821,219.8716,356.2317,-99
10265800154,219.4558,356.2404,-99
10265833487,218.5995,356.5035,-99
10265866820,219.1554,356.6499,-99
10265900153,218.3385,357.3341,-99
10265933486,218.2794,357.2927,-99
10265966819,217.5986,357.4395,-99
10266000152,216.4585,357.7442,-99
10266033485,217.3616,357.4897,-99
10266066818,216.4902,357.4289,-99
10266100151,216.3271,356.9536,-99
10266133484,216.63,356.8987,-99
10266169146,215.9831,357.1133,-99
10266202479,215.7149,357.2127,-99
10266235812,215.7332,357.5429,-99
10266269145,214.4826,358.1786,-99
10266302478,214.5253,358.853,-99
10266335811,215.8469,360.7832,-99
10266369144,218.015,361.6325,-99
10266402477,219.487,362.3161,-99
10266435810,220.9086,362.3705,-99
10266469143,221.6788,361.6475,-99
10266502476,222.2675,360.5688,-99
10266535809,222.4294,360.1875,-99
10266569142,221.3499,358.8723,-99
10266602475,221.2662,358.651,-99
10266635808,221.0833,359.2567,-99
10266669141,221.1511,359.6553,-99
10266702474,221.2322,359.9686,-99
10266735807,221.4265,360.2422,-99
10266769140,222.4091,360.7684,-99
10266802473,223.0066,360.7385,-99
10266835806,222.7218,359.7762,-99
10266869139,222.9246,360.0022,-99
10266902472,223.7976,359.3518,-99
10266935805,225.0794,360.0238,-99
10266969138,225.697,358.3448,-99
10267002471,226.0335,356.2439,-99
10267035804,227.9881,354.8186,-99
10267069137,227.9468,353.3978,-99
10267102470,227.2988,351.5503,-99
10267135803,227.1274,349.9387,-99
10267169136,224.9476,348.6143,-99
10267202469,222.6094,347.7271,-99
10267235802,220.1265,346.4192,-99
10267269135,218.9269,345.7005,-99
10267302468,216.1466,344.4508,-99
10267335801,215.0659,342.4871,-99
10267369134,214.7095,341.2613,-99
10267402467,213.2222,338.5601,-99
10267435800,211.9622,336.2422,-99
10267469133,212.1367,333.8058,-99
10267502466,210.1475,331.7281,-99
10267535799,209.1686,330.1069,-99
10267569132,208.3487,329.4431,-99
10267602465,207.0437,328.3085,-99
10267635798,207.8338,328.4713,-99
10267669131,207.6893,328.2663,-99
10267702464,209.6042,325.8899,-99
10267735797,210.8279,325.2963,-99
10267769130,212.8941,324.6541,-99
10267802463,215.4109,324.9834,-99
10267842266,217.9527,325.0567,-99
10267875599,219.6028,324.8084,-99
10267908932,219.4667,326.0182,-99
10267942265,220.3907,326.0467,-99
10267975598,219.7957,326.3018,-99
10268008931,219.8194,326.1914,-99
10268042264,218.1345,325.335,-99
10268075597,215.8705,325.0104,-99
10268108930,214.5262,325.0445,-99
10268142263,213.8215,324.6112,-99
10268175596,212.6841,324.4181,-99
10268208929,211.4833,324.0952,-99
10268242262,210.1829,323.4276,-99
10268275595,208.2166,323.0655,-99
10268308928,205.1636,322.2701,-99
10268342261,202.0941,321.6935,-99
10268375594,199.6445,320.4026,-99
10268408927,196.2658,318.0481,-99
10268442260,193.6863,316.779,-99
10268475593,191.5742,314.201,-99
10268508926,189.8527,313.1161,-99
10268542259,187.8516,311.854,-99
10268575592,187.4236,310.6971,-99
10268608925,187.6935,309.6313,-99
10268642258,187.4649,306.5973,-99
10268675591,187.9471,304.1164,-99
10268708924,187.9708,301.7348,-99
10268742257,187.8029,300.1559,-99
10268775590,189.4209,298.5255,-99
10268808923,188.5269,294.8593,-99
10268842256,188.8462,292.5865,-99
10268875589,188.4214,290.3267,-99
10268908922,188.4916,287.7074,-99
10268942255,188.8441,286.1188,-99
10268975588,188.6319,283.0862,-99
10269008921,189.305,281.645,-99
10269042254,190.0685,280.33,-99
10269075587,190.2961,278.3827,-99
10269108920,190.1256,275.9557,-99
10269142253,189.8951,275.8317,-99
10269175586,189.674,275.4657,-99
10269208919,188.0711,273.076,-99
10269242252,187.0969,272.1182,-99
10269275585,186.3814,271.0186,-99
10269308918,184.1293,268.4478,-99
10269342251,185.2792,267.8377,-99
10269375584,183.6077,264.3995,-99
10269408917,184.8215,262.7653,-99
10269442250,183.9268,260.6488,-99
10269475583,184.715,259.6825,-99
10269508916,184.4236,258.0579,-99
10269542249,184.1746,256.2381,-99
10269575582,184.7386,255.3,-99
10269608915,183.774,252.3039,-99
10269642248,183.6479,248.9707,-99
10269675581,184.0143,246.9236,-99
10269708914,183.4736,243.5144,-99
10269742247,182.453,239.6602,-99
10269775580,183.4286,237.6714,-99
10269808913,184.2778,236.0749,-99
10269842246,184.6397,234.4916,-99
10269875579,183.9839,232.3253,-99
10269908912,185.7946,233.0162,-99
10269942245,186.6703,232.7575,-99
10269975578,187.2359,232.7373,-99
10270008911,188.5584,231.8649,-99
10270042244,188.8951,228.8195,-99
10270075577,188.4545,226.8493,-99
10270108910,188.9005,225.9729,-99
10270142243,188.5179,224.4128,-99
10270175576,187.9924,223.0962,-99
10270208909,188.1297,222.0991,-99
10270242242,188.3135,222.151,-99
10270275575,188.725,221.0341,-99
10270308908,188.0376,220.1586,-99
10270342241,188.2785,219.3463,-99
10270375574,190.2042,218.4293,-99
10270408907,192.5106,215.5788,-99
10270442240,193.8964,213.6554,-99
10270475573,195.3171,212.1049,-99
10270508906,195.6079,209.3623,-99
10270542239,196.7571,207.2146,-99
10270575572,197.5484,205.2903,-99
10270608905,197.277,201.2206,-99
10270642238,198.0825,198.801,-99
10270675571,198.9618,197.5038,-99
10270708904,199.2847,194.2895,-99
10270742237,201.2901,192.7859,-99
10270775570,203.1035,190.1601,-99
10270808903,205.3388,190.4215,-99
10270842236,206.8866,187.4536,-99
10270875569,208.5012,185.4846,-99
10270908902,209.4564,184.7897,-99
10270942235,209.7769,181.4305,-99
10270975568,210.0076,181.3687,-99
10271008901,208.8129,178.1751,-99
10271042234,208.0072,177.2048,-99
10271075567,207.2857,176.8968,-99
10271108900,206.6523,176.6119,-99
10271142233,206.2036,175.7526,-99
10271175332,206.1303,175.4311,-99
10271208665,206.4533,175.7225,-99
10271241998,207.9854,176.3139,-99
10271275331,208.8201,175.7584,-99
10271308664,210.778,173.3692,-99
10271341997,211.5642,173.267,-99
10271375330,212.0072,173.4303,-99
10271408663,212.8253,173.476,-99
10271441996,213.0945,173.8109,-99
10271475329,212.769,173.0525,-99
10271508662,211.9189,172.8243,-99
10271541995,211.2149,173.0292,-99
10271575328,210.5755,173.0077,-99
10271608661,211.1623,173.301,-99
10271641994,212.2274,169.9606,-99
10271675327,213.3701,169.6089,-99
10271708660,214.4895,168.3816,-99
10271741993,215.0463,168.545,-99
10271775326,215.5729,167.5955,-99
10271808659,216.8579,166.4563,-99
10271841992,218.2727,166.4904,-99
10271875325,220.5428,165.8209,-99
10271908658,223.1825,165.146,-99
10271941991,226.0724,162.182,-99
10271975324,228.5564,160.6614,-99
10272008657,230.7518,159.0762,-99
10272041990,232.9796,158.3605,-99
10272075323,235.0742,157.2966,-99
10272108656,236.9975,157.1315,-99
10272141989,238.2041,156.7571,-99
10272175322,239.9481,156.7558,-99
10272208655,241.0084,155.0975,-99
10272241988,242.1588,153.5112,-99
10272275321,243.8753,153.4615,-99
10272308654,244.5969,152.0811,-99
10272341987,246.126,149.8658,-99
10272375320,247.2486,148.9372,-99
10272408653,248.4468,148.8038,-99
10272441986,249.2136,145.8665,-99
10272475319,250.6135,144.7157,-99
10272508652,251.8474,141.5751,-99
10272541985,253.5653,140.8373,-99
10272575318,254.3369,140.3904,-99
10272608651,254.3448,140.6472,-99
10272641984,254.7735,141.0829,-99
10272675317,255.1476,141.2519,-99
10272708650,255.8285,141.3694,-99
10272741983,257.6951,141.3101,-99
10272775316,259.2128,141.2821,-99
10272808649,260.5744,141.0308,-99
10272841982,262.5407,140.2126,-99
10272875315,264.1029,137.9604,-99
10272908648,266.9156,137.1432,-99
10272941981,270.1667,135.5945,-99
10272975314,273.4014,133.6543,-99
10273008647,276.6592,132.5945,-99
10273041980,279.212,132.6608,-99
10273075313,280.9169,132.7897,-99
10273108646,283.7289,133.9182,-99
10273141979,286.1837,134.7704,-99
10273175312,287.6,135.7041,-99
10273208645,289.3822,135.7461,-99
10273241978,292.0721,135.0398,-99
10273275311,293.3896,132.8739,-99
10273308644,295.7181,131.559,-99
10273341977,297.8125,128.8975,-99
10273375310,299.0649,128.4255,-99
10273408643,300.3667,125.4833,-99
10273441976,302.747,124.3924,-99
10273475309,306.3382,120.601,-99
10273508642,309.2067,120.3486,-99
10273541975,311.0889,119.4495,-99
10273575308,314.005,119.0779,-99
10273608641,316.2282,119.2128,-99
10273641974,317.5361,119.3917,-99
10273675307,319.384,119.6215,-99
10273708640,321.2775,119.4725,-99
10273741973,322.928,119.4709,-99
10273775306,325.7043,119.0232,-99
10273808639,328.2988,119.3846,-99
10273841972,330.0084,119.2841,-99
10273875305,332.4097,118.8032,-99
10273908638,334.9462,118.2323,-99
10273941971,336.5598,117.9474,-99
10273975304,338.5191,117.7249,-99
10274008637,339.2367,117.9229,-99
10274041970,338.4827,118.4901,-99
10274075303,339.7147,118.7378,-99
10274108636,341.2861,119.0103,-99
10274141969,342.1727,119.2278,-99
10274175302,343.4838,119.7382,-99
10274208635,344.1531,119.2895,-99
10274241968,344.1685,119.337,-99
10274275301,343.9089,118.5133,-99
10274308634,343.6652,117.7191,-99
10274341967,345.1966,116.5073,-99
10274375300,344.2769,116.4302,-99
10274408633,343.989,117.2269,-99
10274441966,344.3214,116.8921,-99
10274475299,344.9697,118.3427,-99
10274507710,344.352,118.7529,-99
10274541043,343.6718,119.4231,-99
10274574376,343.5601,119.2967,-99
10274607709,342.9786,119.3984,-99
10274641042,342.6794,119.57,-99
10274674375,343.4158,120.6013,-99
10274707708,344.6113,120.0803,-99
10274741041,345.3715,120.5989,-99
10274774374,345.6606,120.5082,-99
10274807707,345.7384,120.8089,-99
10274841040,345.3373,121.508,-99
10274874373,345.2068,121.0437,-99
10274907706,345.9311,122.1949,-99
10274941039,345.7081,122.8634,-99
10274974372,344.0094,122.6417,-99
10275007705,343.9976,123.9258,-99
10275041038,344.0933,125.7536,-99
10275074371,344.548,127.5363,-99
10275107704,345.2894,128.8942,-99
10275141037,345.4527,130.0676,-99
10275174370,345.1262,130.3388,-99
10275207703,345.7637,129.7613,-99
10275241036,345.7609,129.3044,-99
10275274369,345.1721,128.3349,-99
10275307702,345.529,127.1763,-99
10275341035,346.5297,126.3135,-99
10275374368,345.0412,126.0024,-99
10275407701,344.6674,125.052,-99
10275441034,345.0813,125.1625,-99
10275474367,345.4037,125.1643,-99
10275507700,345.8676,125.5392,-99
10275541033,346.8766,124.5827,-99
10275574366,346.5722,123.7964,-99
10275607699,346.7402,123.4951,-99
10275641032,347.0836,122.1031,-99
10275674365,346.9946,122.626,-99
10275707698,346.7678,122.2164,-99
10275741031,346.346,120.5572,-99
10275774364,345.8402,119.4683,-99
10275807697,345.4378,120.0757,-99
10275841030,345.9811,121.4744,-99
10275874363,346.0475,122.7656,-99
10275907696,345.5441,123.462,-99
10275941029,344.4759,124.6147,-99
10275974362,344.3974,125.8079,-99
10276007695,344.1751,126.7208,-99
10276041028,344.5684,127.952,-99
10276074361,344.1,129.1897,-99
10276107694,344.5891,129.9852,-99
10276141027,345.5545,129.8033,-99
10276176689,347.2937,129.4266,-99
10276210022,348.3884,127.8843,-99
10276243355,350.7479,127.8892,-99
10276276688,353.2976,127.247,-99
10276310021,356.0995,125.2634,-99
10276343354,357.189,124.4795,-99
10276376687,359.0554,123.6764,-99
10276410020,360.4282,123.1864,-99
10276443353,362.9143,124.4857,-99
10276476686,364.4041,125.2551,-99
10276510019,366.5503,126.3244,-99
10276543352,368.2282,128.3602,-99
10276576685,369.7213,129.0328,-99
10276610018,370.9462,131.6564,-99
10276643351,373.5799,134.5733,-99
10276676684,374.9027,136.7442,-99
10276710017,376.5835,137.4053,-99
10276743350,377.3933,138.0111,-99
10276776683,378.8022,138.4562,-99
10276810016,379.6382,139,-99
10276843349,380.8043,139.1893,-99
10276876682,381.6976,140.2873,-99
10276910015,382.636,141.826,-99
10276943348,383.2683,143.5386,-99
10276976681,383.6967,147.1585,-99
10277010014,384.7082,150.6517,-99
10277043347,385.7826,150.4885,-99
10277076680,387.1554,152.829,-99
10277110013,389.1709,155.3593,-99
10277143346,391.4756,157.0073,-99
10277176679,393.8703,158.0401,-99
10277210012,396.3414,158.8886,-99
10277243345,398.9409,159.1182,-99
10277276678,401.0387,159.4088,-99
10277310011,403.2857,160.3154,-99
10277343344,405.4271,161.5104,-99
10277376677,407.6845,163.0916,-99
10277410010,410.1804,165.2887,-99
10277443343,412.1604,167.6417,-99
10277476676,414.1429,170.5385,-99
10277510009,416.2193,173.9008,-99
10277543342,418.6038,176.9093,-99
10277576675,419.2638,178.6482,-99
10277610008,419.9358,180.0722,-99
10277643341,421.8451,180.4402,-99
10277676674,423.5903,180.6739,-99
10277710007,425.3003,180.7906,-99
10277743340,427.1497,180.6257,-99
10277776673,429.4404,180.5259,-99
10277810006,431.6564,180.4469,-99
10277848887,432.7147,181.4076,-99
10277882220,433.3636,183.7902,-99
10277915553,434.1235,185.2494,-99
10277948886,434.2789,185.9042,-99
10277982219,435.4184,188.2296,-99
10278015552,432.8571,190.4202,-99
10278048885,437.7138,190.239,-99
10278082218,440.0678,191.826,-99
10278115551,440.9634,192.6535,-99
10278148884,442.5101,194.8386,-99
10278182217,443.8792,197.1433,-99
10278215550,445.3035,198.8324,-99
10278248883,446.5279,200.7179,-99
10278282216,447.4503,203.2811,-99
10278315549,447.563,205.2993,-99
10278348882,447.863,207.9018,-99
10278382215,447.328,209.0321,-99
10278415548,447.971,212.3608,-99
10278448881,445.6825,213.415,-99
10278482214,444.2825,213.1619,-99
10278515547,444.9494,213.7468,-99
10278548880,448.0753,217.6478,-99
10278582213,450.3342,219.0553,-99
10278615546,450.8995,220.924,-99
10278648879,451.2952,222.7349,-99
10278682212,451.1694,223.241,-99
10278715545,453.4236,225.9491,-99
10278748878,457.1897,228.5862,-99
10278782211,462.3383,230.0564,-99
10278815544,464.8859,233.0721,-99
10278848877,466.6932,234.6136,-99
10278882210,468.4784,235.6138,-99
10278915543,468.9077,238.459,-99
10278948876,468.6706,241.1943,-99
10278982209,468.2442,243.0695,-99
10279015542,468.1393,246.185,-99
10279048875,467.9722,248.0343,-99
10279082208,466.6446,249.7603,-99
10279115541,464.6784,252.826,-99
10279148874,463.9781,254.8398,-99
10279182207,463.31,257.0724,-99
10279215540,462.7455,260.6696,-99
10279248873,462.9445,262.8542,-99
10279282206,462.9605,264.0617,-99
10279315539,463.39,265.5325,-99
10279348872,463.1158,265.4607,-99
10279382205,463.2062,266.95,-99
10279415538,462.1389,267.8115,-99
10279448871,460.6463,267.8505,-99
10279482204,458.8495,269.2655,-99
10279517865,457.2774,271.4617,-99
10279551198,455.6122,271.9857,-99
10279584531,453.8147,272.8442,-99
10279617864,453.7194,273.6071,-99
10279651197,454.1398,272.7043,-99
10279684530,451.9325,272.8282,-99
10279717863,449.1985,275.8862,-99
10279751196,446.5049,277.4168,-99
10279784529,446.1938,278.0625,-99
10279817862,448.5763,278.3947,-99
10279851195,449.7439,280.7057,-99
10279884528,449.7096,283.2,-99
10279917861,450.4776,286.1219,-99
10279951194,451.4527,288.5559,-99
10279984527,449.1991,284.6516,-99
10280017860,449.1324,287.2059,-99
10280051193,456.2857,291.8571,-99
10280084526,439.3226,290.1935,-99
10280117859,437.8281,299.0703,-99
10280151192,443.4915,307.7735,-99
10280184525,444.9863,304.0683,-99
10280217858,444.0963,306.3877,-99
10280251191,443.0799,308.0917,-99
10280284524,441.3921,309.2006,-99
10280317857,438.4182,307.8591,-99
10280351190,437.2548,306.8942,-99
10280384523,438.5193,308,-99
10280417856,438.6006,312.8757,-99
10280451189,438.0474,315.6763,-99
10280484522,439.5591,315.984,-99
10280517855,437.6587,315.5625,-99
10280551188,436.7671,317.7397,-99
10280584521,437.5266,319.2029,-99
10280617854,437.4628,322.2607,-99
10280651187,437.8355,332.0222,-99
10280684520,434.3662,336.4968,-99
10280717853,433.4282,337.1789,-99
10280751186,431.972,336.5621,-99
10280784519,429.2088,338.5962,-99
10280817852,431.4695,339.6954,-99
10280851185,431.0132,338.0888,-99
10280884518,427.466,342.3776,-99
10280917851,427.231,348.3987,-99
10280951184,426.5017,351.7879,-99
10280984517,425.25,354.3671,-99
10281017850,423.1541,356.3548,-99
10281051183,421.3993,358.5112,-99
10281084516,418.8699,357.7886,-99
10281117849,419.5078,354.0104,-99
10281151182,417.2139,349.185,-99
10281190985,418.1809,351.598,-99
10281224318,417.1255,353.3723,-99
10281257651,416.5734,355.2523,-99
10281290984,416.3247,355.9742,-99
10281324317,414.6429,359.0439,-99
10281357650,414.414,367.2141,-99
10281390983,413.4383,369.0877,-99
10281424316,411.0227,372.4006,-99
10281457649,410.6434,372.832,-99
10281490982,407.7495,373.4035,-99
10281524315,407.083,371.9901,-99
10281557648,407.173,370.2494,-99
10281590981,406.3568,372.7612,-99
10281624314,404.7347,373.1811,-99
10281657647,402.7716,374.401,-99
10281690980,402.2083,375.8932,-99
10281724313,401.6,375.2209,-99
10281757646,399.2352,374.9543,-99
10281790979,397.0157,375.2607,-99
10281824312,394.9661,375.2715,-99
10281857645,393.228,375.149,-99
10281890978,390.791,375.3618,-99
10281924311,388.8248,375.3459,-99
10281957644,386.808,375.6071,-99
10281990977,385.2,376.0182,-99
10282024310,383.7625,376.8052,-99
10282057643,383.3624,377.4496,-99
10282090976,382.2621,377.4419,-99
10282124309,379.9981,376.5693,-99
10282157642,380.1049,376.7176,-99
10282190975,379.9095,377.2589,-99
10282224308,379.4005,378.405,-99
10282257641,377.9236,380,-99
10282290974,375.5397,381.1506,-99
10282324307,373.0579,382.3333,-99
10282357640,372.1,384.6521,-99
10282390973,371.5453,384.7832,-99
10282424306,370.4208,387.1041,-99
10282457639,368.6449,387.7342,-99
10282490972,365.9733,389.4467,-99
10282524305,363.6682,390.3636,-99
10282557638,361.7227,389.8768,-99
10282590971,359.3669,389.4966,-99
10282624304,357.085,389.774,-99
10282657637,354.1463,390.107,-99
10282690970,349.5299,391,-99
10282724303,346.2258,392.2057,-99
10282757636,342.6445,393.7656,-99
10282790969,341.394,394.1735,-99
10282824302,339.0409,394.7614,-99
10282857635,336.351,394.8168,-99
10282890968,334.1049,394.5313,-99
10282924301,332.0907,394.8503,-99
10282957634,329.3157,395.055,-99
10282990967,327.0651,395.8343,-99
10283024300,326,396.7475,-99
10283057633,324.5936,398.3803,-99
10283090966,323.1731,399.4539,-99
10283124299,321.9192,401.1111,-99
10283157632,320.2372,401.9176,-99
10283190965,319.9262,401.9485,-99
10283224298,317.2601,401.4395,-99
10283257631,315.7494,400.8009,-99
10283290964,313.288,399.7995,-99
10283324297,311.1503,397.6096,-99
10283357630,309.3409,396.5934,-99
10283390963,306.7042,395.7485,-99
10283424296,304.5434,394.9434,-99
10283457629,302.39,394.356,-99
10283490962,300.9074,394.998,-99
10283524295,301.991,395.1502,-99
10283557628,301.2765,394.523,-99
10283590961,299.623,393.4357,-99
10283624294,296.4452,393.2366,-99
10283657627,296.2675,392.8004,-99
10283690960,297.5331,392.6364,-99
10283724293,299.4214,393.6507,-99
10283757626,300.7943,393.8665,-99
10283790959,299.0951,393.6956,-99
10283824292,298.0669,393.874,-99
10283857625,297.3554,394.157,-99
10283890958,298.2505,394.1953,-99
10283924291,297.6024,394.2231,-99
10283957624,298.2104,393.6351,-99
10283990957,297.9142,393.5314,-99
10284024290,298.1808,392.6857,-99
10284057623,298.8323,392.3907,-99
10284090956,300.0575,391.5139,-99
10284124289,300.424,391.312,-99
10284157622,300.5417,391.222,-99
10284190955,300.6701,390.8631,-99
10284224288,300.7086,390.6394,-99
10284257621,300.8956,390.5323,-99
10284290954,301.465,389.5266,-99
10284324287,300.8951,389.2522,-99
10284357620,300.8568,388.1867,-99
10284390953,300.6144,387.9325,-99
10284424286,300.313,387.5652,-99
10284457619,299.8645,387.0495,-99
10284490952,299.186,387.2685,-99
10284523363,298.8467,387.6044,-99
10284556696,298.3149,387.2894,-99
10284590029,297.9576,387.2585,-99
10284623362,298.0911,387.06,-99
10284656695,296.8439,386.2848,-99
10284690028,295.6625,385.4156,-99
10284723361,294.7533,384.5418,-99
10284756694,294.8319,383.1245,-99
10284790027,293.4989,382.9912,-99
10284823360,291.8445,383.1111,-99
10284856693,289.7534,383.3891,-99
10284890026,287.4388,383.7229,-99
10284923359,284.5444,383.8644,-99
10284956692,281.4073,383.7823,-99
10284990025,279.369,383.7335,-99
10285023358,276.4172,383.4636,-99
10285056691,273.4752,382.8079,-99
10285090024,272.1207,382.028,-99
10285123357,269.8638,380.3426,-99
10285156690,267.8914,378.7073,-99
10285190023,267.1133,377.22,-99
10285223356,264.778,374.9539,-99
10285256689,263.3715,374.1944,-99
10285290022,261.7451,374.0417,-99
10285323355,260.1461,373.3676,-99
10285356688,257.6829,373.4678,-99
10285390021,255.3013,373.7411,-99
10285423354,253.5952,373.825,-99
10285456687,252.663,373.7352,-99
10285490020,252.2079,372.7965,-99
10285523353,250.7846,371.8264,-99
10285556686,250.8516,370.8744,-99
10285590019,251.0191,369.3602,-99
10285623352,250.3147,368.0816,-99
10285656685,249.8315,365.9483,-99
10285690018,249.2611,364.5553,-99
10285723351,247.768,362.768,-99
10285756684,245.7007,360.9884,-99
10285790017,245.5478,359.677,-99
10285823350,244.041,358.4217,-99
10285856683,241.9358,356.9748,-99
10285890016,240.6375,355.6658,-99
10285923349,237.7651,354.7458,-99
10285956682,235.0047,353.264,-99
10285990015,232.0113,352.1734,-99
10286023348,229.0024,351.8988,-99
10286056681,227.2857,351.0609,-99
10286090014,225.4005,350.506,-99
10286123347,224.0512,349.3163,-99
10286156680,222.5977,348.5209,-99
10286186528,222.9732,347.6463,-99
10286219861,222.5267,346.9442,-99
10286253194,222.3488,346.2439,-99
10286286527,222.4268,346.3903,-99
10286319860,223.1076,346.3301,-99
10286353193,224.0651,346.9301,-99
10286386526,224.6214,346.8908,-99
10286419859,225.7769,347.4305,-99
10286453192,226.6278,347.3667,-99
10286486525,228.126,346.383,-99
10286519858,229.4453,344.3359,-99
10286553191,230.3857,343,-99
10286586524,231.7287,342.5,-99
10286619857,232.8058,342.5107,-99
10286653190,233.6273,342.3386,-99
10286686523,234.103,342.1843,-99
10286719856,235.0609,342.1508,-99
10286753189,235.1223,342.1603,-99
10286786522,235.2331,341.9566,-99
10286819855,234.9237,341.733,-99
10286853188,235.1915,342.0027,-99
10286886521,233.9213,341.5562,-99
10286919854,234.7332,342.0777,-99
10286953187,233.6986,341.7315,-99
10286986520,233.4948,341.7655,-99
10287019853,233.601,342.0358,-99
10287053186,232.5469,341.4102,-99
10287086519,232.4048,341.4894,-99
10287119852,232.2202,341.2332,-99
10287153185,231.5198,340.9842,-99
10287186518,231.899,340.9116,-99
10287219851,231.4438,340.8155,-99
10287253184,231.9798,340.9394,-99
10287286517,231.2865,340.6832,-99
10287319850,232.1131,340.8317,-99
10287353183,231.4636,340.6577,-99
10287386516,231.9239,340.8477,-99
10287419849,231.6414,341.0183,-99
10287453182,232.1667,341.1828,-99
10287486515,232.0775,341.491,-99
10287519848,232.1868,341.5184,-99
10287553181,231.7844,341.5403,-99
10287586514,231.9505,341.7057,-99
10287619847,231.3931,341.7071,-99
10287653180,231.2606,341.6649,-99
10287686513,230.8602,341.5092,-99
10287719846,230.6518,341.6021,-99
10287753179,230.7247,341.5117,-99
10287786512,230.3414,341.5188,-99
10287819845,230.6405,341.1823,-99
10287853178,230.4582,341.1213,-99
10287886511,230.9775,340.91,-99
10287919844,231.3548,340.4777,-99
10287953177,231.3622,340.3703,-99
10287986510,231.6154,340.2764,-99
10288019843,231.15,340.0472,-99
10288053176,231.9861,340.2549,-99
10288086509,231.3194,340.4361,-99
10288119842,231.4786,340.8476,-99
10288153175,230.8694,341.0992,-99
10288186508,229.6892,341.6216,-99
10288219841,229.1358,341.9661,-99
10288253174,227.9899,342.2411,-99
10288286507,226.5918,342.6046,-99
10288319840,224.9578,343.0396,-99
10288353173,223.6903,342.811,-99
10288386506,222.117,341.7925,-99
10288419839,221.2356,341.5439,-99
10288453172,220.4383,338.8489,-99
10288486505,218.2821,337.0956,-99
10288519838,216.2261,333.7186,-99
10288553171,213.9008,329.8579,-99
10288586504,210.8123,326.3959,-99
10288619837,208.389,323.6492,-99
10288653170,205.9498,321.1436,-99
10288686503,203.4952,318.1346,-99
10288719836,200.4724,315.7034,-99
10288753169,199.9929,314.1797,-99
10288786502,197.8238,312.4612,-99
10288819835,196.0663,310.125,-99
10288853168,195.0302,309.8492,-99
10288886501,192.5747,306.7798,-99
10288919834,191.1247,306.0587,-99
10288953167,190.1061,303.4394,-99
10288986500,189.3707,302.2933,-99
10289019833,189.4404,301.3083,-99
10289053166,190.2743,298.9676,-99
10289086499,190.8785,295.0709,-99
10289119832,190.9315,291.7139,-99
10289153165,192.0023,288.5677,-99
10289186498,191.4501,285.9892,-99
10289219831,192.0463,283.9512,-99
10289253164,190.646,280.2094,-99
10289286497,191.1092,279.3448,-99
10289319830,189.1888,275.5107,-99
10289353163,189.2055,274.1123,-99
10289386496,188.8963,271.9457,-99
10289419829,188.3577,268.8212,-99
10289453162,189.206,267.6734,-99
10289486495,188.777,263.9544,-99
10289525408,187.2293,259.174,-99
10289558741,189.4061,259.1447,-99
10289592074,188.3206,256.2935,-99
10289625407,188.4137,255.7671,-99
10289658740,187.6651,253.6917,-99
10289692073,187.0165,251.4876,-99
10289725406,186.5441,249.4358,-99
10289758739,185.3103,247.4801,-99
10289792072,185.7629,245.4225,-99
10289825405,186.181,243.5476,-99
10289858738,185.5749,239.752,-99
10289892071,185.9706,236.4755,-99
10289925404,186.841,234.7846,-99
10289958737,188.0907,233.2242,-99
10289992070,189.1727,232.9381,-99
10290025403,189.8417,232.847,-99
10290058736,191.0241,232.3539,-99
10290092069,191.3844,231.2513,-99
10290125402,191.6667,229.5298,-99
10290158735,192.2298,229.4856,-99
10290192068,190.0081,225.4568,-99
10290225401,189.7182,225.1372,-99
10290258734,188.3141,222.1818,-99
10290292067,188.7057,221.9931,-99
10290325400,188.04,219.5227,-99
10290358733,188.8853,217.6422,-99
10290392066,190.1206,216.7319,-99
10290425399,191.3727,214.7638,-99
10290458732,192.8965,214.7003,-99
10290492065,194.1198,215.0446,-99
10290525398,194.4481,216.1557,-99
10290558731,193.765,214.6585,-99
10290592064,192.6917,213.2172,-99
10290625397,192.2005,213.1378,-99
10290658730,191.2029,210.8029,-99
10290692063,190.5787,210.12,-99
10290725396,190.3788,209.3889,-99
10290758729,191.047,209.4856,-99
10290792062,191.8072,209.7249,-99
10290825395,192.625,210.0266,-99
10290858728,193.7268,211.1721,-99
10290892061,195.0296,212.3763,-99
10290925394,195.7688,212.8802,-99
10290958727,196.9807,214.5289,-99
10290992060,198.115,215.1725,-99
10291025393,200.1525,214.9976,-99
10291058726,201.7029,213.6063,-99
10291092059,202.7251,213,-99
10291125392,203.1493,211.2507,-99
10291158725,202.7023,209.4275,-99
10291200856,202.1807,207.5369,-99
10291234189,201.515,205.16,-99
10291267522,200.7399,203.9369,-99
10291300855,199.8434,201.6237,-99
10291334188,200.415,200.335,-99
10291367521,201.2109,197.8486,-99
10291400854,201.9355,197.1048,-99
10291434187,202.7724,195.0921,-99
10291467520,204.1338,193.2045,-99
10291500853,204.651,192.0499,-99
10291534186,205.7321,189.2799,-99
10291567519,206.9038,188.6209,-99
10291600852,207.5989,185.0765,-99
10291634185,208.3027,183.327,-99
10291667518,208.6819,180.8168,-99
10291700851,209.1077,177.4564,-99
10291734184,209.9731,177.129,-99
10291767517,211.3377,175.0131,-99
10291800850,212.5407,173.4765,-99
10291834183,213.5263,173.4289,-99
10291867516,213.7756,173.3722,-99
10291900849,214.9361,173.6496,-99
10291934182,215.7091,173.6338,-99
10291967515,216.4793,173.2259,-99
10292000848,217.8459,173.4465,-99
10292034181,218.7296,172.4464,-99
10292067514,219.8728,170.514,-99
10292100847,221.5369,168.9491,-99
10292134180,222.7837,166.5023,-99
10292167513,224.5339,164.8255,-99
10292200846,225.922,162.0189,-99
10292234179,227.2487,160.8115,-99
10292267512,228.7606,159.9651,-99
10292300845,230.1327,158.977,-99
10292334178,232.1407,158.8938,-99
10292367511,233.9384,158.2365,-99
10292400844,235.926,156.9403,-99
10292434177,237.8342,156.7283,-99
10292467510,240.2975,154.6487,-99
10292500843,241.3766,153.2843,-99
10292534176,243.2011,151.677,-99
10292567509,245.1762,149.2228,-99
10292600842,247.4797,148.1904,-99
10292634175,251.1737,145.4516,-99
10292667508,254.5012,144.533,-99
10292700841,257.4481,142.7732,-99
10292734174,259.0912,141.4424,-99
10292767507,260.2865,140.4012,-99
10292800840,260.7975,140.5531,-99
10292834173,262.102,140.6492,-99
10292867506,262.2184,139.8368,-99
10292900839,263.2225,138.2254,-99
10292934172,263.9355,137.0349,-99
10292967505,265.3552,136.6204,-99
10293000838,268.2991,136.4231,-99
10293034171,268.9066,135.5209,-99
10293067504,271.4157,133.5535,-99
10293100837,274.4319,132,-99
10293134170,277.9017,130.0791,-99
10293167503,281.2946,128.2081,-99
10293200836,283.0331,127.4392,-99
10293234169,284.8011,126.8717,-99
10293267502,287.1139,126.6557,-99
10293300835,289.8594,125.987,-99
10293334168,291.9,125.9225,-99
10293367501,294.6684,125.7694,-99
10293400834,297.6838,124.8456,-99
10293434167,300.698,124.9876,-99
10293467500,304.01,124.2387,-99
10293500833,306.8907,124.552,-99
10293534166,308.8568,124.2943,-99
10293567499,311.0463,124.3625,-99
10293600832,313.2314,124.3342,-99
10293634165,315.789,123.6164,-99
10293667498,318.3237,122.9447,-99
10293700831,320.0076,121.8909,-99
10293734164,321.3174,121.4987,-99
10293767497,321.7865,121.6484,-99
10293800830,322.0223,121.3812,-99
10293834163,324.0242,122.1237,-99
10293867496,326.5757,121.8622,-99
10293900829,328.5969,122.5497,-99
10293934162,331.7861,123.4072,-99
10293967495,334.4903,123.9114,-99
10294000828,337.2086,124.4412,-99
10294034161,340.1702,125.8404,-99
10294067494,342.8325,125.8969,-99
10294100827,345.9386,126.5184,-99
10294134160,348.494,127.2155,-99
10294167493,351.2388,127.4104,-99
10294200826,353.5517,128.165,-99
10294234159,354.9102,127.7531,-99
10294267492,355.3255,128.0964,-99
10294300825,357.1658,128.2624,-99
10294334158,358.9582,127.774,-99
10294367491,359.6458,126.9155,-99
10294400824,360.811,126.1773,-99
10294434157,362.2987,123.0283,-99
10294467490,362.5822,121.3783,-99
10294500823,362.3396,119.0498,-99
10294529983,362.243,116.5458,-99
10294563316,362.0616,114.6062,-99
10294596649,360.9163,114.3028,-99
10294629982,360.1311,113.6639,-99
10294663315,360.1303,113.7816,-99
10294696648,360.0868,113.8347,-99
10294729981,359.3687,113.1992,-99
10294763314,358.9495,114.2334,-99
10294796647,358.0476,115.5714,-99
10294829980,357.9693,115.8966,-99
10294863313,357.8807,117.4489,-99
10294896646,357.7569,117.8066,-99
10294929979,357.2831,117.8675,-99
10294963312,357.5201,118.3993,-99
10294996645,357.5836,117.5489,-99
10295029978,356.5428,117.08,-99
10295063311,356.05,117.8389,-99
10295096644,355.2131,117.108,-99
10295129977,356.2725,116.8174,-99
10295163310,356.9404,118.2385,-99
10295196643,357.5634,118.882,-99
10295229976,358.5393,121.1544,-99
10295263309,357.9802,123.0141,-99
10295296642,357.1785,123.5662,-99
10295329975,356.3558,125.9487,-99
10295363308,356.4155,127.1514,-99
10295396641,355.971,127.9964,-99
10295429974,356.2305,128.0273,-99
10295463307,355.6386,127.5439,-99
10295496640,354.9423,127.3397,-99
10295529973,355.4102,126.8667,-99
10295563306,355.3893,126.7787,-99
10295596639,355.3065,126.0879,-99
10295629972,354.8389,125.8286,-99
10295663305,355.9054,125.0432,-99
10295696638,355.7427,124.9257,-99
10295729971,355.1089,124.1891,-99
10295763304,355.6879,124.0347,-99
10295796637,356.3583,124.7611,-99
10295829970,356.8376,125.4613,-99
10295863303,357.7372,125.6429,-99
10295896636,359.8753,126.3766,-99
10295929969,361.1684,126.7772,-99
10295963302,362.6039,127.3315,-99
10295996635,363.9322,127.9209,-99
10296029968,365.2646,127.9499,-99
10296063301,366.1573,130.4178,-99
10296096634,367.2517,131.1072,-99
10296129967,368.1978,131.8533,-99
10296163300,369.7445,133.7291,-99
10296200572,371.4142,134.508,-99
10296233905,373.0769,135.7033,-99
10296267238,375.0828,136.3609,-99
10296300571,376.6463,135.8511,-99
10296333904,379.6894,136.1172,-99
10296367237,381.941,136.3287,-99
10296400570,381.6827,137.2853,-99
10296433903,384.3603,139,-99
10296467236,385.2366,140.4602,-99
10296500569,388.4571,142.2425,-99
10296533902,389.3975,143.0272,-99
10296567235,390.415,143.5806,-99
10296600568,392.4047,144.9829,-99
10296633901,395.0482,146.8575,-99
10296667234,397.6108,146.335,-99
10296700567,400.6516,148.7606,-99
10296733900,402.7747,149.9392,-99
10296767233,404.127,152.5924,-99
10296800566,405.6039,154.8994,-99
10296833899,406.9785,156.5313,-99
10296867232,407.0909,158.2283,-99
10296900565,408.1549,159.6982,-99
10296933898,408.2588,158.8158,-99
10296967231,409.6571,159.8562,-99
10297000564,410.7831,161.1187,-99
10297033897,412.5538,160.2966,-99
10297067230,415.5176,160.4526,-99
10297100563,416.6562,160.5827,-99
10297133896,417.8793,161.2074,-99
10297167229,420.8614,164.1765,-99
10297200562,423.7401,165.5551,-99
10297233895,425.6646,166.9697,-99
10297267228,425.7465,166.6097,-99
10297300561,423.4234,165.3952,-99
10297333894,421.5816,166.602,-99
10297367227,420.4641,167.5936,-99
10297400560,420.0457,168.2585,-99
10297433893,419.394,167.622,-99
10297467226,419.2737,168.2232,-99
10297500559,418.9193,168.2629,-99
10297533892,419.3593,168.5819,-99
10297567225,419.6077,169.3862,-99
10297600558,420.4727,169.5252,-99
10297633891,419.9432,168.9959,-99
10297667224,418.3196,168.1663,-99
10297700557,417.9009,166.0859,-99
10297733890,418.2442,166.5186,-99
10297767223,417.2154,165.4761,-99
10297800556,418.2649,165.9852,-99
10297833889,418.9577,166.9272,-99
10297869551,419.9008,166.2494,-99
10297902884,419.5492,165.9845,-99
10297936217,418.9156,166.3499,-99
10297969550,419.0338,166.3285,-99
10298002883,417.9633,166.7644,-99
10298036216,416.3511,166.743,-99
10298069549,414.4338,168.326,-99
10298102882,412.4252,169.8646,-99
10298136215,410.9241,172.1954,-99
10298169548,409.613,174.4375,-99
10298202881,408.1274,174.75,-99
10298236214,405.8679,175.2803,-99
10298269547,406.8565,176.1891,-99
10298302880,406.1227,175.794,-99
10298336213,405.6195,175.9095,-99
10298369546,405.1138,176.6149,-99
10298402879,405.1393,176.9641,-99
10298436212,404.6822,177.4364,-99
10298469545,404.9009,178.0396,-99
10298502878,404.9869,178.4946,-99
10298536211,404.5484,179.0237,-99
10298569544,404.9485,179.34,-99
10298602877,404.1181,179.2241,-99
10298636210,404.9488,180.0341,-99
10298669543,405.4922,179.3932,-99
10298702876,404.7474,178.0796,-99
10298736209,404.4052,178.317,-99
10298769542,404.6845,179.2254,-99
10298802875,405.2657,179.3971,-99
10298836208,407.9335,178.0475,-99
10298869541,409.524,176.3219,-99
10298902874,411.6213,175.9402,-99
10298936207,413.6033,175.0328,-99
10298969540,414.3458,173.1059,-99
10299002873,416.5085,172.1364,-99
10299036206,417.4532,171.3994,-99
10299069539,418.7385,171.0554,-99
10299102872,419.8158,171.3651,-99
10299136205,421.6455,171.2046,-99
10299169538,422.2833,170.4695,-99
10299202871,423.2167,169.8767,-99
10299236204,423.2128,168.4103,-99
10299269537,422.639,167.4231,-99
10299302870,423.0061,167.4478,-99
10299336203,422.65,166.9556,-99
10299369536,421.8849,167.2379,-99
10299402869,421.7748,167.2018,-99
10299436202,421.0339,167.1488,-99
10299469535,420.1736,167.0441,-99
10299502868,419.0129,167.2539,-99
10299536201,419.2914,168.601,-99
10299569534,419.7763,170.6792,-99
10299602867,420.4851,170.0347,-99
10299636200,419.2038,168.9891,-99
10299669533,418.6256,168.3194,-99
10299702866,418.2972,168.7556,-99
10299736199,417.7891,169.2552,-99
10299769532,418.4744,170.959,-99
10299802865,418.3412,170.6353,-99
10299836198,418.5183,171.7555,-99
10299869531,417.5103,172.1655,-99
10299902864,418.3117,172.717,-99
10299936197,417.769,171.5404,-99
10299969530,417.4074,170.7894,-99
10300002863,417.5853,171.5737,-99
10300036196,416.5519,172.1061,-99
10300069529,417.2716,172.6938,-99
10300102862,417.6182,173.0936,-99
10300136195,416.8988,173.2964,-99
10300169528,417.1134,173.8789,-99
10300202861,417.4758,174.3306,-99
10300236194,418.775,174.8944,-99
10300269527,420.1635,175.2842,-99
10300302860,422.0742,174.9105,-99
10300336193,423.2661,174.2196,-99
10300369526,424.241,173.2964,-99
10300402859,426.1765,172.6203,-99
10300436192,426.5152,171.1246,-99
10300469525,428.2377,169.713,-99
10300502858,427.1651,168.4254,-99
10300536191,426.7606,167.8764,-99
10300569524,427.7307,165.9461,-99
10300602857,427.4326,165.5461,-99
10300636190,427.936,163.9596,-99
10300669523,428.4381,163.2381,-99
10300702856,429.1202,162.9781,-99
10300736189,429.1223,162.633,-99
10300769522,429.3434,162.6923,-99
10300802855,429.0027,162.328,-99
10300836188,429.076,162.0585,-99
10300869521,428.6046,162.5272,-99
10300902854,428.5341,162.5786,-99
10300936187,428.2033,162.8733,-99
10300969520,428.5804,163.0455,-99
10301002853,429.031,163.3488,-99
10301036186,428.4008,164.1107,-99
10301069519,427.5742,164.5455,-99
10301102852,426.8201,164.6619,-99
10301136185,425.3816,166.1908,-99
10301169518,422.4101,168.7482,-99
10301201897,419.2072,170.4429,-99
10301235230,416.5596,172.0518,-99
10301268563,413.9467,172.7511,-99
10301301896,412.0392,172.6833,-99
10301335229,410.2432,172.9605,-99
10301368562,409.4663,173.1685,-99
10301401895,409.8075,173.1325,-99
10301435228,410.5385,172.8689,-99
10301468561,411.8165,172.8723,-99
10301501894,413.9055,172.1738,-99
10301535227,416.9233,171.6196,-99
10301568560,419.7213,171.6667,-99
10301601893,420.8812,171.4087,-99
10301635226,422.6667,171.2493,-99
10301668559,423.6091,171.5727,-99
10301701892,423.8409,172.8799,-99
10301735225,423.8121,173.503,-99
10301768558,423.6328,174.4209,-99
10301801891,424.0219,175.3687,-99
10301835224,423.6471,177.3904,-99
10301868557,423.5374,180.2193,-99
10301901890,424.3582,181.6803,-99
10301935223,425.1596,182.6291,-99
10301968556,427.8037,183.1061,-99
10302001889,429.639,183.4408,-99
10302035222,432.4586,184.1065,-99
10302068555,435.485,184.9759,-99
10302101888,437.8333,184.9435,-99
10302135221,440.3438,185.1948,-99
10302168554,442.3385,186.4427,-99
10302201887,443.6867,187.7661,-99
10302235220,444.6845,189.1897,-99
10302268553,445.741,190.261,-99
10302301886,445.9961,191.6955,-99
10302335219,446.5535,194.0617,-99
10302368552,447.1002,194.7016,-99
10302401885,448.2661,195.4677,-99
10302435218,449.3294,197.6472,-99
10302468551,450.7875,199.2181,-99
10302501884,451.8746,201.1396,-99
10302535217,453.3246,203.3594,-99
10302568550,454.1829,203.7965,-99
10302601883,453.3587,206.1141,-99
10302635216,453.4236,208.9877,-99
10302668549,453.3653,210.4473,-99
10302701882,452.9229,212.1492,-99
10302735215,452.6611,214.2188,-99
10302768548,452.4165,215.6796,-99
10302801881,452.3241,217.3724,-99
10302835214,452.149,219.9904,-99
10302870876,451.1515,220.4942,-99
10302904209,450.9357,222.7916,-99
10302937542,449.6725,224.8764,-99
10302970875,448.8426,225.9532,-99
10303004208,447.0042,229.2752,-99
10303037541,446.9476,231.3713,-99
10303070874,446.0862,233.2704,-99
10303104207,445.8633,235.4861,-99
10303137540,447.3518,236.179,-99
10303170873,448.0061,238.3659,-99
10303204206,449.4464,240.3452,-99
10303237539,451.5344,242.4683,-99
10303270872,453.0517,243.7816,-99
10303304205,454.1166,245.3149,-99
10303337538,456.1738,246.6128,-99
10303370871,456.9096,248.8042,-99
10303404204,457.6619,250.7908,-99
10303437537,457.3807,253.423,-99
10303470870,457,255.4723,-99
10303504203,457.0815,257.7994,-99
10303537536,456.5761,259.9343,-99
10303570869,456.9283,261.4478,-99
10303604202,456.7039,263.4653,-99
10303637535,457.568,265.7734,-99
10303670868,457.2322,268.2663,-99
10303704201,458.6635,269.854,-99
10303737534,459.9245,271.2044,-99
10303770867,461.7951,271.7339,-99
10303804200,462,272.4928,-99
10303837533,462.2959,274.8929,-99
10303870866,461.9489,276.2689,-99
10303904199,461.1175,277.9645,-99
10303937532,460.637,279.0717,-99
10303970865,458.7848,279.9261,-99
10304004198,458.0671,281.8831,-99
10304037531,458.3137,281.8016,-99
10304070864,455.4339,278.5979,-99
10304170863,450.5825,284.3301,-99
10304204196,448.4906,285.7044,-99
10304237529,450.7868,294.6507,-99
10304270862,451.2582,295.967,-99
10304304195,449.1026,297.9842,-99
10304337528,448.1,300.4897,-99
10304370861,445.0633,302.6174,-99
10304404194,443.7448,304.7109,-99
10304437527,441.9125,305.1469,-99
10304470860,441.5526,308.9085,-99
10304504193,439.2323,309.4226,-99
10304539855,438.2555,310.7299,-99
10304573188,437.2643,311.2393,-99
10304606521,437.6342,311.9572,-99
10304639854,438.1532,310.7883,-99
10304673187,437.7584,311.3876,-99
10304706520,437.8711,313.4089,-99
10304739853,438.3886,316.0663,-99
10304773186,435.9804,317.3791,-99
10304806519,434.7363,321.2912,-99
10304839852,433.9036,327.2893,-99
10304873185,434.7436,331.2103,-99
10304906518,434.8801,332.8552,-99
10304939851,436.2468,334.5212,-99
10304973184,435.3925,336.5266,-99
10305006517,434.5447,337.6687,-99
10305039850,434.8286,339.9357,-99
10305073183,434.7932,341.9843,-99
10305106516,432.3858,344.637,-99
10305139849,430.6038,346.3919,-99
10305173182,427.6771,349.0819,-99
10305206515,424.7333,350.7917,-99
10305239848,421.3871,352.3194,-99
10305273181,418.8232,348.8605,-99
10305306514,419.625,345.9625,-99
10305339847,418,347.0294,-99
10305373180,416.9148,353.9821,-99
10305406513,414.8185,357.3089,-99
10305439846,415.6276,358.8589,-99
10305473179,414.5364,360.0943,-99
10305506512,414.7867,360.512,-99
10305539845,413.3022,360.8561,-99
10305573178,412.7241,361.9669,-99
10305606511,412.9977,363.4084,-99
10305639844,413.0534,364.8214,-99
10305673177,413.6904,365.6929,-99
10305706510,413.752,367.5796,-99
10305739843,412.9622,368.5973,-99
10305773176,411.7837,371.2753,-99
10305806509,409.7685,373.0833,-99
10305839842,408.1908,372.4954,-99
10305873175,405.6473,372.9709,-99
10305906508,404.7464,374.058,-99
10305939841,403.3489,375.2554,-99
10305973174,400.5269,378.8773,-99
10306006507,399.2215,382.3101,-99
10306039840,398.8219,380.9568,-99
10306073173,397.3101,383.0672,-99
10306106506,395.5623,382.8071,-99
10306139839,393.8862,385.2169,-99
10306173172,392.0905,385.7261,-99
10306208802,389.4128,388.6422,-99
10306242135,387.3323,389.0091,-99
10306275468,384.9324,391.1126,-99
10306308801,382.6652,391.4802,-99
10306342134,380.6742,392.4072,-99
10306375467,378.2317,392.4675,-99
10306408800,378.7471,391.0204,-99
10306442133,377.8092,390.3766,-99
10306475466,376.6388,390.8833,-99
10306508799,377.0598,391.2989,-99
10306542132,376.2238,392.5757,-99
10306575465,375.1086,393.0162,-99
10306608798,372.873,393.7143,-99
10306642131,369.6906,393.6771,-99
10306675464,366.8333,392.8265,-99
10306708797,364.2713,392.2092,-99
10306742130,362.0824,390.8988,-99
10306775463,358.9283,390.7713,-99
10306808796,355.604,390.5443,-99
10306842129,351.2257,390.8178,-99
10306875462,347.5,390.869,-99
10306908795,343.7495,391.2405,-99
10306942128,340.0099,391.6362,-99
10306975461,337.0788,392.0291,-99
10307008794,334.2651,392.9416,-99
10307042127,332.6748,393.1166,-99
10307075460,331.3988,393.2965,-99
10307108793,329.8692,393.7988,-99
10307142126,328.6653,394.0592,-99
10307175459,328.5229,393.5046,-99
10307208792,326.9671,393.3224,-99
10307242125,324.5553,393.4332,-99
10307275458,323.1378,392.6542,-99
10307308791,321.0594,392.5868,-99
10307342124,318.1941,392.4496,-99
10307375457,315.3103,392.0179,-99
10307408790,312.9939,391.8299,-99
10307442123,310.5189,392.1071,-99
10307475456,309.2754,392.0318,-99
10307508789,307.0107,391.8638,-99
10307542122,305.5821,390.8124,-99
10307575455,304.4608,389.9256,-99
10307608788,303.0979,389.3104,-99
10307642121,301.3238,388.6967,-99
10307675454,299.2049,388.9919,-99
10307708787,297.1954,388.8214,-99
10307742120,296.3,389.5045,-99
10307775453,295.4096,389.9016,-99
10307808786,293.5055,391.6865,-99
10307842119,293.2836,392.2836,-99
10307885172,293.4059,392.7134,-99
10307918505,293.8369,393.2317,-99
10307951838,293.1439,391.9854,-99
10307985171,291.8515,391.4233,-99
10308018504,290.0448,390.9328,-99
10308051837,289.125,389.5335,-99
10308085170,287.5768,389.7654,-99
10308118503,286.2298,389.7462,-99
10308151836,285.631,390.392,-99
10308185169,284.0327,391.9237,-99
10308218502,283.2625,392.2805,-99
10308251835,282.1992,393.1328,-99
10308285168,281.4567,393.3571,-99
10308318501,281.1646,393.1333,-99
10308351834,281.9648,392.8427,-99
10308385167,281.4102,391.4802,-99
10308418500,280.4641,390.3397,-99
10308451833,278.9258,388.7799,-99
10308485166,277.1129,385.8277,-99
10308518499,275.8087,384.713,-99
10308551832,274.5882,383.733,-99
10308585165,271.9372,382.6775,-99
10308618498,269.4405,382.1663,-99
10308651831,265.5453,381.6681,-99
10308685164,261.8443,381.3838,-99
10308718497,258.2745,381.2048,-99
10308751830,255.6966,380.3782,-99
10308785163,254.1207,379.0225,-99
10308818496,253.0041,377.5215,-99
10308851829,251.9456,376.6327,-99
10308885162,251.4836,375.5491,-99
10308918495,251.3937,374.6471,-99
10308951828,251.4529,374.731,-99
10308985161,251.1255,374.974,-99
10309018494,249.9314,375.071,-99
10309051827,248.0465,375.5372,-99
10309085160,246.1061,376.1309,-99
10309118493,243.6925,376.6025,-99
10309151826,241.5786,376.8784,-99
10309185159,240.1076,376.9958,-99
10309218492,238.4255,376.5107,-99
10309251825,239.3656,375.9709,-99
10309285158,238.5718,374.4257,-99
10309318491,239.5553,373.0912,-99
10309351824,238.5012,370.0776,-99
10309385157,238.3042,367.5162,-99
10309418490,237.9463,365.6779,-99
10309451823,237.0188,364.0869,-99
10309485156,234.9277,362.2554,-99
10309518489,232.3717,360.4734,-99
10309551822,229.6199,358.6437,-99
10309585155,225.8818,356.5341,-99
10309618488,224.1853,355.2403,-99
10309651821,223.4403,354.7939,-99
10309685154,222.9424,352.9562,-99
10309718487,222.7346,351.9147,-99
10309751820,222.5567,351.204,-99
10309785153,222.6826,350.864,-99
10309818486,222.1432,351.2353,-99
10309851819,221.9685,351.2518,-99
10309885152,220.8707,351.4585,-99
10309918485,219.6569,351.9951,-99
10309951818,219.1969,352.4631,-99
10309985151,219.0132,353.5595,-99
10310018484,219.2332,354.0583,-99
10310051817,218.7711,354.1555,-99
10310085150,219.2879,354.6549,-99
10310118483,218.7279,354.1706,-99
10310151816,219.6741,354.5179,-99
10310185149,219.5223,353.8527,-99
10310218482,219.9383,353.9317,-99
10310251815,220.8482,354.243,-99
10310285148,220.7699,354.1868,-99
10310318481,221.9844,354.2813,-99
10310351814,221.133,353.6927,-99
10310385147,221.4359,354.0676,-99
10310418480,221.0446,353.6183,-99
10310451813,220.4965,353.3991,-99
10310485146,221.0266,353.25,-99
10310518479,221.0557,352.8062,-99
10310551812,220.9742,352.2606,-99
10310585145,219.201,352.0387,-99
10310618478,217.7046,351.6755,-99
10310651811,216.1905,351.5667,-99
10310685144,215.1106,351.8702,-99
10310718477,214.0099,352.5049,-99
10310751810,211.8568,353.0194,-99
10310785143,210.4548,353.1467,-99
10310818476,209.7129,354.5861,-99
10310851809,209.5293,355.3747,-99
10310885142,208.8683,356.0561,-99
10310918475,209.3034,356.3301,-99
10310951808,209.7733,357.8791,-99
10310985141,211.1856,359.2078,-99
10311018474,213.1045,359.7119,-99
10311051807,213.7526,359.2083,-99
10311085140,214.4722,358.4344,-99
10311118473,215.2519,357.8509,-99
10311151806,215.8389,357.2,-99
10311185139,216.7243,356.3405,-99
10311218270,217.4688,355.6613,-99
10311251603,218.7899,355.0308,-99
10311284936,220.4538,353.8886,-99
10311318269,220.454,353.1552,-99
10311351602,220.8655,352.3756,-99
10311384935,221.6454,352.1884,-99
10311418268,220.8616,351.752,-99
10311451601,221.0479,351.7915,-99
10311484934,220.8464,352.8099,-99
10311518267,221.6012,354.9335,-99
10311551600,221.9304,355.9333,-99
10311584933,222.4254,356.3972,-99
10311618266,223.1681,356.1093,-99
10311651599,223.2941,355.2302,-99
10311684932,222.5605,353.5579,-99
10311718265,222.3234,351.5672,-99
10311751598,220.9059,350.2753,-99
10311784931,219.689,349.8589,-99
10311818264,220.1542,349.9683,-99
10311851597,219.256,349.5885,-99
10311884930,219.7921,347.8317,-99
10311918263,219.074,346.2697,-99
10311951596,218.6697,344.4819,-99
10311984929,218.5531,343.8237,-99
10312018262,217.7099,343.5827,-99
10312051595,216.483,343.3655,-99
10312084928,214.5842,342.9737,-99
10312118261,213.0027,342.7541,-99
10312151594,211.7227,342.456,-99
10312184927,210.5631,340.798,-99
10312218260,208.6518,339.4215,-99
10312251593,208.7625,337.7126,-99
10312284926,206.2559,335.2794,-99
10312318259,205.4597,333.3172,-99
10312351592,204.0264,331.1055,-99
10312384925,201.9721,327.1827,-99
10312418258,199.5343,325.0102,-99
10312451591,198.25,323.1584,-99
10312484924,196.2992,320.4757,-99
10312518257,195.4005,318.5612,-99
10312551590,194.504,316.1953,-99
10312584923,194.7818,315.1143,-99
10312618256,195.6726,314.532,-99
10312651589,196.4225,312.8575,-99
10312684922,196.8866,310.4221,-99
10312718255,196.8597,310.0675,-99
10312751588,197.047,308.4171,-99
10312784921,196.761,306.283,-99
10312818254,197.2475,305.3724,-99
10312851587,195.8431,302.6675,-99
10312884920,195.5961,300.1363,-99
10312918253,194.7457,296.7877,-99
10312951586,193.7177,293.4382,-99
10312984919,192.6504,290.4959,-99
10313018252,193.1675,287.8349,-99
10313051585,191.9972,284.309,-99
10313084918,191.2263,281.8659,-99
10313118251,189.5706,278.482,-99
10313151584,188.2898,274.9086,-99
10313184917,187.4703,271.8416,-99
10313218250,186.9556,269.4204,-99
10313251583,184.8239,266.25,-99
10313284916,184.99,263.45,-99
10313318249,184.5718,262.1545,-99
10313351582,184.5318,260.4784,-99
10313384915,183.6373,259.2827,-99
10313418248,182.4866,258.3877,-99
10313451581,181.2467,256.0446,-99
10313484914,180.5558,255.5533,-99
10313518247,179.5968,254.7374,-99
10313551580,178.5718,252.4503,-99
10313584913,179.1984,252.815,-99
10313618246,180.3619,253.0773,-99
10313651579,182.4151,253.2372,-99
10313684912,184.516,251.5399,-99
10313718245,186.2997,249.509,-99
10313751578,187.8371,248.3427,-99
10313784911,189.4545,246.861,-99
10313818244,190.1667,245.4691,-99
10313851577,190.2183,242.7116,-99
10313884910,191.1776,241.3796,-99
10313918243,190.5736,237.8173,-99
10313951576,191.1766,235.4049,-99
10313984909,191.8125,233.5625,-99
10314018242,193.2337,232.6683,-99
10314051575,194.399,231.6373,-99
10314084908,196.0332,230.8747,-99
10314118241,198.1168,229.8078,-99
10314151574,200.3881,229.4726,-99
10314184907,201.1662,228.372,-99
10314218240,201.1886,225.8811,-99
10314251573,200.7684,225.3184,-99
10314284906,199.1526,221.2711,-99
10314318239,198.5854,219.6287,-99
10314351572,196.6088,217.1062,-99
10314384905,195.9869,215.8433,-99
10314418238,194.9708,213.4185,-99
10314451571,196.0479,213.1738,-99
10314484904,195.9615,209.6418,-99
10314518237,197.8601,208.9953,-99
10314553867,198.6762,205.3,-99
10314587200,200.6005,204.3367,-99
10314620533,201.0253,201.5328,-99
10314653866,202.374,200.5729,-99
10314687199,202.7008,197.0674,-99
10314720532,203.7091,196.1524,-99
10314753865,204.3374,193.621,-99
10314787198,206.3918,193.3479,-99
10314820531,208.0644,191.8582,-99
10314853864,209.6299,189.2257,-99
10314887197,211.3087,189.0492,-99
10314920530,212.1897,188.2005,-99
10314953863,213.6507,187.3227,-99
10314987196,214.8575,186.313,-99
10315020529,214.9842,185.7335,-99
10315053862,215.8144,186.018,-99
10315087195,216.4418,185.3016,-99
10315120528,217.3806,185.1339,-99
10315153861,217.6156,184.5571,-99
10315187194,217.5388,182.9724,-99
10315220527,217.4682,183.0305,-99
10315253860,216.9005,182.597,-99
10315287193,216.8098,182.9589,-99
10315320526,217.0026,183.5263,-99
10315353859,218.467,183.7414,-99
10315387192,219.9359,183.4123,-99
10315420525,221.2283,183.7559,-99
10315453858,222.9075,183.289,-99
10315487191,223.6053,182.5468,-99
10315520524,224.5,182.9793,-99
10315553857,224.9178,183.0482,-99
10315587190,225.9233,180.9318,-99
10315620523,226.4394,180.7296,-99
10315653856,226.6563,180.2063,-99
10315687189,227.2844,180.0673,-99
10315720522,227.3943,180.4069,-99
10315753855,227.9834,180.6381,-99
10315787188,228.5854,180.5793,-99
10315820521,229.0882,181.3344,-99
10315853854,229.875,182.1577,-99
10315887187,230.9444,182.3704,-99
10315920520,231.8717,182.1349,-99
10315953853,232.4143,183.5576,-99
10315987186,233.0462,183.7846,-99
10316020519,233.7428,183.6688,-99
10316053852,233.9206,184.2635,-99
10316087185,234.3238,184.1175,-99
10316120518,234.4748,184.6855,-99
10316153851,234.6111,185.3595,-99
10316187184,235.0836,185.5385,-99
10316220517,235.2055,186.4049,-99
10316253850,236.0137,186.6942,-99
10316287183,236.3235,187.9085,-99
10316320516,236.8506,188.2045,-99
10316353849,237.0635,188.0667,-99
10316387182,237.0637,189.3631,-99
10316420515,237.8007,189.2737,-99
10316453848,237.6592,189.8457,-99
10316487181,238.1485,189.9505,-99
10316520514,238.5468,190.3165,-99
10316553847,238.1667,189.9694,-99
10316587180,238.9329,190.3604,-99
10316620513,238.7491,190.8746,-99
10316653846,239.0934,190.9342,-99
10316687179,239.3772,191.6125,-99
10316720512,239.402,191.1013,-99
10316753845,239.872,191.7301,-99
10316787178,240.0944,191.535,-99
10316820511,240.2014,191.4369,-99
10316853844,240.549,192.0175,-99
10316887177,240.6357,191.11,-99
10316920510,240.7158,192.2374,-99
10316953843,240.6294,192.6399,-99
10316987176,240.7847,193.4088,-99
10317020509,240.5468,193.2698,-99
10317053842,239.7061,193.2061,-99
10317087175,239.5893,193.8036,-99
10317120508,238.8198,194.3392,-99
10317153841,238.3925,193.5057,-99
10317187174,237.9527,192.723,-99
10317220507,237.4139,192.3113,-99
10317253840,236.4272,191.6722,-99
10317287173,235.7402,188.7009,-99
10317320506,234.9252,187.0312,-99
10317353839,233.6886,183.5299,-99
10317387172,232.5325,179.6471,-99
10317420505,231.1767,175.4521,-99
10317453838,229.8397,171.3886,-99
10317487171,228.7522,166.9222,-99
10317520504,228.5478,164.4435,-99
10317553837,228.1044,161.3132,-99
10317587170,228.14,159.6829,-99
10317620503,228.757,158.0253,-99
10317653836,229.4146,157.5966,-99
10317687169,231.274,157.4944,-99
10317720502,233.2989,157.3156,-99
10317753835,235.7762,156.4391,-99
10317787168,237.7723,152.9913,-99
10317820501,239.2629,152.7968,-99
10317853834,241.0743,151.3096,-99
10317888574,243.6977,148.8546,-99
10317921907,245.5933,147.9205,-99
10317955240,247.6606,148.0153,-99
10317988573,249.655,147.3509,-99
10318021906,252.9487,148.4487,-99
10318055239,255.2228,148.9947,-99
10318088572,256.3379,149.8992,-99
10318121905,258.2607,149.9857,-99
10318155238,259.3923,151.0166,-99
10318188571,261.0388,150.716,-99
10318221904,262.3661,149.4496,-99
10318255237,263.8582,148.5192,-99
10318288570,265.0487,147.8516,-99
10318321903,266.711,145.4885,-99
10318355236,267.5,144.8575,-99
10318388569,268.535,144.6275,-99
10318421902,270.9772,143.6304,-99
10318455235,273.5938,143.4396,-99
10318488568,276.75,143.0651,-99
10318521901,280.6771,141.4795,-99
10318555234,284.1225,140.4325,-99
10318588567,286.8697,140.1754,-99
10318621900,290.6493,139.4826,-99
10318655233,293.916,138.2873,-99
10318688566,296.7531,137.4346,-99
10318721899,300.5343,136.2377,-99
10318755232,304.3112,135.176,-99
10318788565,307.7224,132.7898,-99
10318821898,310.1,131.6306,-99
10318855231,311.7053,130.8263,-99
10318888564,312.7437,129.299,-99
10318921897,313.8337,128.6697,-99
10318955230,313.7286,127.4598,-99
10318988563,315.2136,126.8442,-99
10319021896,316.8897,126.7108,-99
10319055229,318.4718,127.9366,-99
10319088562,319.7878,128.5147,-99
10319121895,321.5872,128.7682,-99
10319155228,324.37,129.1941,-99
10319188561,326.7625,129.0938,-99
10319221894,328.9277,128.4,-99
10319255227,332.29,126.8175,-99
10319288560,336.0663,126.3926,-99
10319321893,337.8234,126.2336,-99
10319355226,339.8678,125.5096,-99
10319388559,341.8328,125.1463,-99
10319421892,343.7967,124.5604,-99
10319455225,346.1731,125.044,-99
10319488558,348.3581,125.4218,-99
10319521891,350.1412,126.7232,-99
10319555911,352.4396,127.7308,-99
10319589244,354.5898,128.7791,-99
10319622577,356.5172,129.1543,-99
10319655910,358.1687,129.5783,-99
10319689243,358.9209,129.5538,-99
10319722576,358.8882,129.3293,-99
10319755909,358.576,129.0615,-99
10319789242,358.0305,127.0122,-99
10319822575,358.052,126.5925,-99
10319855908,357.848,127.6827,-99
10319889241,358.2116,128.0609,-99
10319922574,359.3208,128.5838,-99
10319955907,359.3056,128.5401,-99
10319989240,359.2747,128.7859,-99
10320022573,359.2493,129.739,-99
10320055906,359.6658,130.1495,-99
10320089239,360.6134,129.6639,-99
10320122572,362.2857,129.9048,-99
10320155905,364.5051,129.8934,-99
10320189238,366.6412,129.4591,-99
10320222571,368.2069,128.87,-99
10320255904,368.5729,128.0302,-99
10320289237,369.2623,128.3559,-99
10320322570,369.4352,127.8705,-99
10320355903,370.5328,128.0341,-99
10320389236,372.6051,128.0641,-99
10320422569,373.7069,129.0077,-99
10320455902,375.5187,131.6799,-99
10320489235,375.9481,133.3296,-99
10320522568,376.0969,133.7748,-99
10320555901,377.625,133.6197,-99
10320589234,379.3508,135.2901,-99
10320622567,380.8043,136.4585,-99
10320655900,383.6965,137.3358,-99
10320689233,387.201,138.067,-99
10320722566,390.8954,138.3725,-99
10320755899,393.8829,139.178,-99
10320789232,397.3489,139.9789,-99
10320822565,399.4417,140.3301,-99
10320855898,401.4987,142.3848,-99
10320889231,403.383,143.1516,-99
10320922564,404.4348,144.2962,-99
10320955897,405.2715,146.4677,-99
10320989230,406.3391,149.2678,-99
10321022563,407.5463,151.3747,-99
10321055896,408.389,152.3392,-99
10321089229,409.2694,152.1943,-99
10321122562,410.3753,153.8504,-99
10321155895,411.9008,155.9559,-99
10321189228,413.3105,157.0816,-99
10321222561,415.0284,159.1447,-99
10321255894,417.6712,160.7663,-99
10321289227,419.5293,162.0239,-99
10321322560,422.4343,164.0804,-99
10321355893,424.8373,165.0237,-99
10321389226,427.028,166.0896,-99
10321422559,428.243,167.662,-99
10321455892,428.7928,169.215,-99
10321489225,428.308,171.8549,-99
10321522558,429.4849,173.6037,-99
10321555891,430.3815,175.4153,-99
10321589224,431.4099,177.2834,-99
10321622557,432.3929,179.4617,-99
10321655890,434.4789,179.3859,-99
10321689223,435.9127,181.9841,-99
10321722556,437.7082,183.8584,-99
10321755889,439.2188,186.0471,-99
10321789222,440.5157,187.7622,-99
10321822555,440.7481,189.7581,-99
10321855888,440.553,191.7949,-99
10321889221,440.6233,193.4749,-99
10321922554,441.0949,195.3598,-99
10321955887,441.7991,197.0497,-99
10321989220,442.4489,198.8979,-99
10322022553,443.6965,198.3604,-99
10322055886,444.2105,200.1871,-99
10322089219,443.9871,202.0193,-99
10322122552,442.3409,204.3258,-99
10322155885,443.1199,208.2555,-99
10322189218,443.609,208.7778,-99
10322222551,445.1435,210.8341,-99
10322255884,448.0143,213.3062,-99
10322289217,449.8295,215.576,-99
10322322550,456.1627,219.0301,-99
10322355883,457.758,221.5306,-99
10322389216,459.2423,224.8789,-99
10322422549,459.0988,228.1218,-99
10322455882,458.77,230.4,-99
10322489215,458.8753,232.961,-99
10322522548,456.103,235.0764,-99
10322555881,459.0533,240.232,-99
10322589214,461.2535,243.0814,-99
10322622547,461.9746,244.6998,-99
10322655880,461.9398,246.4211,-99
10322689213,461.269,248.8452,-99
10322722546,460.2969,250.8908,-99
10322755879,461.0578,252.1301,-99
10322789212,462.1662,252.0215,-99
10322822545,462.3919,254.6824,-99
10322855878,463.7966,256.0305,-99
10322894759,465.9488,256.3404,-99
10322928092,467.2077,257.0594,-99
10322961425,467.3474,260.2113,-99
10322994758,467.5531,262.0066,-99
10323028091,467.7222,265.6261,-99
10323061424,467.4114,268.1688,-99
10323094757,466.0239,270.6457,-99
10323128090,464.0197,274.4226,-99
10323161423,465.2953,275.2461,-99
10323194756,464.4529,278.2825,-99
10323228089,465.1182,279.665,-99
10323261422,465.2667,281.1714,-99
10323294755,465.0521,281.7589,-99
10323328088,464.7538,281.282,-99
10323361421,464.4182,282.0617,-99
10323394754,465.3851,284.3345,-99
10323428087,464.75,285.0365,-99
10323461420,466.4948,285.6572,-99
10323494753,468.1419,286.4161,-99
10323528086,468.3633,288.0248,-99
10323561419,465.4191,286.0769,-99
10323594752,465.9425,282.8665,-99
10323628085,467.3011,279.609,-99
10323661418,467.3868,278.2842,-99
10323694751,464.1351,281.9293,-99
10323728084,463.3137,282.7429,-99
10323761417,461.4903,281.0669,-99
10323794750,460.8267,279.856,-99
10323828083,461.0111,280.3823,-99
10323861416,460.9879,281.7821,-99
10323894749,461.206,279.8605,-99
10323928082,462.9573,280.3701,-99
10323961415,465.3928,282.7643,-99
10323994748,466.1196,282.6503,-99
10324028081,466.3612,283.0034,-99
10324061414,467.0233,283.5567,-99
10324094747,466.7089,283.2848,-99
10324128080,467.5016,282.3927,-99
10324161413,465.385,282.2025,-99
10324194746,464.2706,282.3318,-99
10324228079,463.6754,282.3986,-99
10324261412,463.5605,281.6395,-99
10324294745,462.1517,282.3522,-99
10324328078,462.4337,281.5884,-99
10324361411,462.2257,281.0686,-99
10324394744,462.9659,280.9801,-99
10324428077,462.619,279.8712,-99
10324461410,463.7013,278.336,-99
10324494743,463.5935,279.3256,-99
10324528076,464.8455,280.0221,-99
10324563738,464.7458,279.375,-99
10324597071,465.1587,279.9522,-99
10324630404,465.45,279.7905,-99
10324663737,464.905,279.03,-99
10324697070,465.0104,276.0313,-99
10324730403,467.3559,273.178,-99
10324763736,464.2147,282.435,-99
10324797069,462.2197,278.375,-99
10324830402,456.3986,272.8881,-99
10324863735,456.2431,272.4033,-99
10324897068,457.5506,271.6011,-99
10324930401,456.9209,271.5424,-99
10324963734,459.6228,273.7588,-99
10324997067,461.925,276.1143,-99
10325030400,461.1207,278.9425,-99
10325063733,469.4744,288.2949,-99
10325097066,469.2933,288.3733,-99
10325130399,469,287.75,-99
10325163732,458.7619,287.4762,-99
10325197065,457.2188,286.4375,-99
10325230398,450.3382,276.8824,-99
10325263731,449.5258,278.0928,-99
10325297064,448.9485,277.5567,-99
10325330397,457.3559,282.1356,-99
10325363730,460.1009,283.9266,-99
10325397063,463.2205,285.3228,-99
10325430396,467.8378,287.4324,-99
10325463729,458.8392,281.9021,-99
10325497062,453.9109,275.6931,-99
10325530395,453.5253,278.4494,-99
10325563728,453.4655,277.6322,-99
10325597061,455.5096,276.1592,-99
10325630394,457.81,277.2986,-99
10325663727,457.5123,276.734,-99
10325697060,457.213,278.1956,-99
10325730393,459.096,279.7988,-99
10325763726,460.5678,280.7345,-99
10325797059,460.8854,280.9024,-99
10325830392,460.2114,280.4313,-99
10325863725,459.9687,280.3982,-99
10325897058,460.562,279.8962,-99
10325930391,461.1,279.7703,-99
10325963724,460.7112,279.2234,-99
10325997057,461.0344,278.3651,-99
10326030390,460.4197,277.8197,-99
10326063723,459.2233,279.1283,-99
10326097056,458.3333,277.7093,-99
10326130389,458.0677,275.1805,-99
10326163722,456.588,274.08,-99
10326197055,452.9721,275.3954,-99
10326230388,453.8633,273.5513,-99
10326263721,458.8579,272.3503,-99
10326297054,458.8293,278.7282,-99
10326330387,459.2238,281.8762,-99
10326363720,463.865,281.22,-99
10326397053,465.2604,278.7813,-99
10326430386,463.3992,276.4867,-99
10326463719,462.2799,275.5222,-99
10326497052,461.9609,275.3047,-99
10326530385,461.2051,275.4249,-99
10326563718,460.0208,275.2639,-99
10326597051,459.9627,275.2798,-99
10326630384,458.4632,276.2463,-99
10326663717,458.346,277.7722,-99
10326697050,460.1101,277.3216,-99
10326730383,457.9402,278.6813,-99
10326763716,458.1315,279.0837,-99
10326797049,460.0347,280.8861,-99
10326830382,461.4245,280.2878,-99
10326863715,461.5484,281.914,-99
10326897048,454.8451,275.7747,-99
10326930381,446.7778,268.0505,-99
10326963714,447.9921,270.8425,-99
10326997047,448.7391,271.8116,-99
10327030380,447.9924,272.7557,-99
10327063713,448.2149,273.8017,-99
10327097046,449.2087,275.0261,-99
10327130379,451.6529,275.6942,-99
10327163712,453.887,276.6,-99
10327197045,456.5591,275.8504,-99
10327230378,457.9634,277.2927,-99
10327263711,459.9474,278.3806,-99
10327297044,462.9492,279.2925,-99
10327330377,463.7571,279.1938,-99
10327363710,464.5143,278.8026,-99
10327397043,464.7361,277.8417,-99
10327430376,465.7711,277.5395,-99
10327463709,466.0425,278.4761,-99
10327497042,466.8763,279.4624,-99
10327530375,467.0089,280.7381,-99
10327563708,468.6582,281.1171,-99
10327597041,469.7122,280.6619,-99
10327630374,469.9852,280.7037,-99
10327663707,469.0926,279.5232,-99
10327697040,467.4626,277.528,-99
10327730373,464.2323,276.4839,-99
10327763706,463.8596,277.7836,-99
10327797039,462.0886,277.1202,-99
10327830372,463.7133,277.6467,-99
10327863705,463.5207,275.4556,-99
10327902586,464.2785,274.7911,-99
10327935919,465.8125,274.3654,-99
10327969252,464.1773,273.1379,-99
10328002585,467.6426,276.0758,-99
10328035918,467.9917,277.7167,-99
10328069251,468.1494,279.2701,-99
10328102584,463.4853,275.6324,-99
10328135917,458.0667,271.5667,-99
10328169250,468.6487,282.3378,-99
10328202583,470.15,285.66,-99
10328235916,468.81,286.04,-99
10328269249,467.4524,285.5476,-99
10328302582,466.6842,284.4123,-99
10328335915,465.4381,281.4572,-99
10328369248,457.4076,280.5217,-99
10328402581,452.3696,279.4619,-99
10328435914,448.4877,278.3202,-99
10328469247,443.2105,273.8026,-99
10328502580,439.5366,265.4878,-99
10328535913,437.9445,267.6667,-99
10328569246,439.8627,264.0784,-99
10328602579,445.0625,266.3,-99
10328635912,446.3066,266.7445,-99
10328669245,444.1031,265.4227,-99
10328702578,444.325,266.225,-99
10328735911,445.322,266.9831,-99
10328769244,446.3504,267.2479,-99
10328802577,446.3719,267.0661,-99
10328835910,446.6793,266.4245,-99
10328869243,446.8581,267.5,-99
10328902576,446.2253,269.2066,-99
10328935909,446.756,269.0096,-99
10328969242,446.735,270.742,-99
10329002575,447.8929,271.8899,-99
10329035908,450.872,273.0923,-99
10329069241,450.2458,271.4882,-99
10329102574,448.7484,267.129,-99
10329135907,446.1197,266.8205,-99
10329169240,445.6182,267.6454,-99
10329202573,445.789,268.633,-99
10329235906,447.1945,268.8055,-99
10329302572,457.6769,279.1538,-99
10329335905,459.7559,279.3386,-99
10329369238,461.4261,280.1739,-99
10329402571,461.7767,278.9903,-99
10329435904,453.6897,273.5345,-99
10329469237,452.4259,272.3796,-99
10329502570,454.2105,270.7579,-99
10329535903,454.7172,272.8333,-99
10329571564,454.8671,273.8217,-99
10329604897,454.8475,274.6452,-99
10329638230,452.8783,273.542,-99
10329671563,450.0974,272.212,-99
10329704896,448.9891,271.3451,-99
10329738229,447.743,270.9407,-99
10329771562,448.2954,270.1111,-99
10329804895,451.3045,269.6687,-99
10329838228,450.4744,268.8892,-99
10329871561,449.0434,269.3116,-99
10329904894,446.4474,269.2252,-99
10329938227,446.1953,270.6764,-99
10329971560,444.1625,266.1625,-99
10330004893,443.6582,271.193,-99
10330038226,441.7202,273.2827,-99
10330071559,441.3206,275.669,-99
10330104892,442.8596,284.3652,-99
10330138225,443.3918,286.232,-99
10330171558,442.25,283.4412,-99
10330204891,443.0679,284.3143,-99
10330238224,443.7276,284.6654,-99
10330271557,444.8755,285.6438,-99
10330304890,446.1516,286.4631,-99
10330338223,444.6628,288.302,-99
10330371556,443.7165,288.9464,-99
10330404889,442.4984,290.2222,-99
10330438222,441.9421,292.0997,-99
10330471555,441.594,293.6611,-99
10330504888,444.6272,294.7778,-99
10330538221,444.4172,295.2454,-99
10330571554,445.4553,298.1409,-99
10330604887,444.827,299.7331,-99
10330638220,445.5378,301.8513,-99
10330671553,445.1751,302.7232,-99
10330704886,445.3641,304.0217,-99
10330738219,444.5873,303.701,-99
10330771552,443.2925,304.9109,-99
10330804885,441.7545,305.9767,-99
10330838218,441.0622,307.2433,-99
10330871551,439.9939,310.5046,-99
10330904884,439.0688,311.7094,-99
10330938217,437.3045,313.2051,-99
10330971550,437.5566,317.5598,-99
10331004883,437.7722,320.5583,-99
10331038216,438.5,322.8608,-99
10331071549,438.8343,325.2603,-99
10331104882,439.438,327.2766,-99
10331138215,439.5271,328.282,-99
10331171548,439.1354,328.3138,-99
10331204881,436.843,328.4487,-99
10331238214,434.2905,328.348,-99
10331271547,433.7785,329.3292,-99
10331304880,433.5198,329.409,-99
10331338213,432.8827,330.5572,-99
10331371546,433.6144,332.3791,-99
10331404879,432.7147,333.0078,-99
10331438212,433.6697,335.6817,-99
10331471545,432.2205,336.5308,-99
10331504878,431.2196,338.9947,-99
10331538211,429.6531,340.6352,-99
10331571544,428.7513,343.7665,-99
10331604877,427.3565,344.1255,-99
10331638210,426.3203,345.3692,-99
10331671543,425.5857,344.2857,-99
10331704876,424.5459,344.5816,-99
10331738209,423.3342,345.7577,-99
10331771542,421.7794,345.9387,-99
10331804875,420.0454,346.2273,-99
10331838208,418.0714,349.0619,-99
10331871541,416.6353,350.2408,-99
10331904874,415.9578,353.9107,-99
10331938207,415.7621,356.2247,-99
10331971540,415.1316,358.7871,-99
10332004873,416.1247,362.5212,-99
10332038206,415.8811,364.4649,-99
10332071539,416.649,365.8311,-99
10332104872,415.5818,364.9152,-99
10332138205,411.8349,364.1492,-99
10332171538,406.8727,358.9818,-99
10332204871,407.2508,363.8794,-99
10332238204,409.6811,364.8737,-99
10332271537,408.4983,363.9381,-99
10332304870,407.7236,361.9799,-99
10332338203,409.0059,371.9824,-99
10332371536,409.3733,374.8853,-99
10332404869,409.7935,374.4181,-99
10332438202,410.4538,375.0396,-99
10332471535,409.4839,374.3457,-99
10332504868,408.335,375.2854,-99
10332538201,404.9979,374.4366,-99
10332571534,403.6404,374.7587,-99
10332604867,402.7861,375.8611,-99
10332638200,400.9783,376.7554,-99
10332671533,399.0586,377.3388,-99
10332704866,397.0352,377.3387,-99
10332738199,394.606,378.6324,-99
10332771532,392.8792,378.7337,-99
10332804865,390.0974,379.1158,-99
10332838198,388.4149,378.3963,-99
10332871531,386.2893,379.4721,-99
10332903942,383.5346,382.0119,-99
10332937275,381.4477,383.2046,-99
10332970608,379.4428,383.7883,-99
10333003941,376.9113,384.9446,-99
10333037274,374.568,386.0291,-99
10333070607,373.479,385.9136,-99
10333103940,372.1397,385.826,-99
10333137273,371.1063,386.5386,-99
10333170606,369.4474,386.9019,-99
10333203939,367.8595,387.2412,-99
10333237272,366.2141,388.3341,-99
10333270605,364.2139,391.0889,-99
10333303938,362.1341,391.9864,-99
10333337271,360.6432,393.5529,-99
10333370604,359.6545,395.635,-99
10333403937,357.9485,396.3653,-99
10333437270,356.2902,397.7482,-99
10333470603,353.8132,397.6288,-99
10333503936,350.9224,396.9047,-99
10333537269,349.1533,395.1511,-99
10333570602,347.3803,394.5113,-99
10333603935,344.5427,394.4022,-99
10333637268,342.6811,394.0919,-99
10333670601,340.6516,393.2527,-99
10333703934,338.8568,391.9906,-99
10333737267,336.924,392.3539,-99
10333770600,335.0651,392.9518,-99
10333803933,334.9456,392.5371,-99
10333837266,333.9726,390.6055,-99
10333870599,333.7844,390.3968,-99
10333903932,333.039,389.861,-99
10333937265,332.0822,389.2911,-99
10333970598,329.4172,389.4279,-99
10334003931,326.8979,390.749,-99
10334037264,325.3042,392.2976,-99
10334070597,324.1515,394.2626,-99
10334103930,322.4682,396.1109,-99
10334137263,322.0791,396.6752,-99
10334170596,323.1897,397.3607,-99
10334203929,322.3837,396.9837,-99
10334237262,319.9862,396.9263,-99
10334270595,318.2412,396.4918,-99
10334303928,316.7744,395.0349,-99
10334337261,314.1877,393.8192,-99
10334370594,309.5938,393.8474,-99
10334403927,306.7178,394.1595,-99
10334437260,304.9479,394.3375,-99
10334470593,302.7052,394.3217,-99
10334503926,301.3797,393.9956,-99
10334537259,300.3842,393.507,-99
10334564779,298.567,392.9761,-99
10334598112,297.7072,391.6066,-99
10334631445,296.7664,390.0584,-99
10334664778,294.8333,389.3127,-99
10334698111,293.4555,388.8571,-99
10334731444,291.8424,389.2604,-99
10334764777,291.4862,389.4268,-99
10334798110,290.4172,389.4969,-99
10334831443,288.9556,389.9789,-99
10334864776,288.2932,389.4865,-99
10334898109,287.4472,388.354,-99
10334931442,286.3299,387.668,-99
10334964775,284.4313,387.4123,-99
10334998108,282.1919,387.3156,-99
10335031441,279.5106,387.5928,-99
10335064774,277.4693,387.7188,-99
10335098107,275.7574,387.9873,-99
10335131440,274.1692,387.5011,-99
10335164773,272.5579,386.9958,-99
10335198106,271.0411,385.4178,-99
10335231439,268.5991,384.3348,-99
10335264772,267.8186,382.2574,-99
10335298105,267.7075,380.8844,-99
10335331438,266.1093,378.993,-99
10335364771,263.7775,378.0507,-99
10335398104,262.0675,377.2592,-99
10335431437,258.381,376.5147,-99
10335464770,255.6023,376.5195,-99
10335498103,253.4031,376.4477,-99
10335531436,252.1129,376.3087,-99
10335564769,251.1759,375.1204,-99
10335598102,251.0685,374.9239,-99
10335631435,252.0394,373.1234,-99
10335664768,251.215,372.3005,-99
10335698101,249.4346,370.9953,-99
10335731434,249.4941,371.1277,-99
10335764767,248.3772,370.971,-99
10335798100,246.9297,371.5597,-99
10335831433,244.3753,372.1702,-99
10335864766,241.8879,373.0092,-99
10335898099,239.693,373.7377,-99
10335931432,238.4088,373.9165,-99
10335964765,237.1432,374,-99
10335998098,237.4378,372.7189,-99
10336031431,237.0896,371.6793,-99
10336064764,237.0837,369.2775,-99
10336098097,237.6435,367.9815,-99
10336131430,236.7909,365.55,-99
10336164763,238,364.0071,-99
10336198096,236.6288,362.0209,-99
10336240228,236.5381,360.2857,-99
10336273561,234.7864,358.8794,-99
10336306894,231.6093,356.2209,-99
10336340227,229.5099,355.4286,-99
10336373560,227.5497,354.1393,-99
10336406893,225.5839,352.6414,-99
10336440226,224.63,352.2365,-99
10336473559,224.7683,351.639,-99
10336506892,225.2589,351.2868,-99
10336540225,225.5924,350.0569,-99
10336573558,224.1454,348.9875,-99
10336606891,222.1521,349.2835,-99
10336640224,220.7892,349.329,-99
10336673557,220.3652,349.937,-99
10336706890,219.2762,350.3401,-99
10336740223,218.086,350.4668,-99
10336773556,216.5674,349.9598,-99
10336806889,215.223,349.3425,-99
10336840222,214.1226,349.6061,-99
10336873555,213.0171,350.1585,-99
10336906888,212.7176,350.831,-99
10336940221,212.3804,351.4641,-99
10336973554,212.4045,351.7171,-99
10337006887,211.9951,351.3137,-99
10337040220,212.7854,351.6111,-99
10337073553,213.811,352.5863,-99
10337106886,214.4887,352.5768,-99
10337140219,215.4442,352.1241,-99
10337173552,216.3718,352.4487,-99
10337206885,216.3858,351.83,-99
10337240218,217.2374,351.4596,-99
10337273551,217.8496,351.5815,-99
10337306884,218.8902,350.939,-99
10337340217,218.9622,350.0567,-99
10337373550,220.6058,349.5913,-99
10337406883,220.628,348.2773,-99
10337440216,221.17,346.2275,-99
10337473549,221.7239,346.0643,-99
10337506882,222.9313,345.3625,-99
10337540215,222.2356,343.3798,-99
10337573548,221.6122,341.8172,-99
10337606881,220.9949,341.4405,-99
10337640214,219.0318,338.7321,-99
10337673547,217.6154,337.7586,-99
10337706880,216.8519,335.1262,-99
10337740213,214.9565,333.3551,-99
10337773546,213.1514,330.1892,-99
10337806879,211.9877,328.3808,-99
10337840212,210.2123,325.8184,-99
10337873545,207.6703,323.9676,-99
10337912457,205.8737,322.3683,-99
10337945790,204.2743,321.8155,-99
10337979123,201.6452,321.3111,-99
10338012456,197.9312,319.5291,-99
10338045789,195.9773,318.0783,-99
10338079122,193.3393,316.6735,-99
10338112455,190.7602,314.7296,-99
10338145788,190.2559,314.0118,-99
10338179121,188.2807,312.587,-99
10338212454,187.3474,310.3871,-99
10338245787,186.9602,310.3342,-99
10338279120,187.565,306.5809,-99
10338312453,187.074,303.6607,-99
10338345786,188.3278,302.3469,-99
10338379119,188.6727,298.8995,-99
10338412452,189.1436,297.7649,-99
10338445785,188.677,294.5194,-99
10338479118,189.4213,292.632,-99
10338512451,189.5898,290.193,-99
10338545784,189.7697,286.8699,-99
10338579117,190.6159,284.3937,-99
10338612450,190.8734,282.248,-99
10338645783,192.7868,280.5579,-99
10338679116,193.3016,279.4577,-99
10338712449,193.4249,278.1632,-99
10338745782,192.2187,275.5333,-99
10338779115,192.7592,275.5105,-99
10338812448,189.0788,271.2119,-99
10338845781,189.3989,271.2814,-99
10338879114,186.6807,267.5805,-99
10338912447,186.2382,265.3921,-99
10338945780,186.0894,264.0121,-99
10338979113,184.0338,259.8234,-99
10339012446,184.3958,258.9288,-99
10339045779,183.875,256.4413,-99
10339079112,184.7934,255.8699,-99
10339112445,185.4761,254.2267,-99
10339145778,185.0228,251.7132,-99
10339179111,186.7135,251.817,-99
10339212444,185.9677,247.7581,-99
10339245777,186.9253,246.9691,-99
10339279110,185.6631,243.372,-99
10339312443,185.8455,240.5718,-99
10339345776,186.1395,239.3632,-99
10339379109,184.6776,235.4945,-99
10339412442,184.9757,234.3568,-99
10339445775,184.2634,231.3763,-99
10339479108,185.7567,231.2086,-99
10339512441,186.4425,230.2,-99
10339545774,186.8261,229.3223,-99
10339579107,186.8351,228.0027,-99
10339612440,187.6584,227.6832,-99
10339645773,188.509,227.3805,-99
10339679106,188.3019,227.2022,-99
10339712439,188.2219,227.5562,-99
10339745772,187.6323,227.4791,-99
10339779105,187.3621,226.6921,-99
10339812438,187.6853,226.296,-99
10339845771,187.7377,226.4891,-99
10339879104,186.6154,226.3462,-99
10339912437,186.2296,226.8963,-99
10339945770,186.7824,226.6814,-99
10339979103,187.6819,224.558,-99
10340012436,189.5995,223.1562,-99
10340045769,191.3822,223.9222,-99
10340079102,192.261,225.3023,-99
10340112435,192.9291,226.8997,-99
10340145768,193.4028,228.044,-99
10340179101,193.6618,228.3913,-99
10340212434,193.0947,227.3187,-99
10340245767,192.0023,226.8379,-99
10340279100,191.0372,226.4465,-99
10340312433,190.2759,227.2594,-99
10340345766,189.8009,227.7368,-99
10340379099,189.627,228.3753,-99
10340412432,189.642,228.2402,-99
10340445765,190.024,229.0815,-99
10340479098,190.3896,228.9156,-99
10340512431,190.908,229.2836,-99
10340545764,191.3406,229.0362,-99
10340579097,191.3065,229.2312,-99
10340612430,191.702,228.9581,-99
10340645763,191.7418,229.157,-99
10340679096,192.3848,229.1165,-99
10340712429,192.4975,228.8858,-99
10340745762,192.4974,227.123,-99
10340779095,192.0842,226.2337,-99
10340812428,191.5013,226.1811,-99
10340845761,191.6038,226.2372,-99
10340879094,191.8177,225.8043,-99
10340912427,191.8816,225.5184,-99
10340945760,191.4451,224.1128,-99
10340979093,190.797,223.8866,-99
10341012426,190.4098,224.5627,-99
10341045759,190.5389,223.7583,-99
10341079092,190.2123,224.0223,-99
10341112425,188.8813,224.1335,-99
10341145758,188.2232,224.2609,-99
10341179091,187.7564,224.4646,-99
10341212424,186.464,224.7349,-99
10341248054,186.978,225.7741,-99
10341281387,187.4654,225.7618,-99
10341314720,188.5326,226.3629,-99
10341348053,189.8118,226.422,-99
10341381386,191.8049,226.8835,-99
10341414719,193.3548,227.5618,-99
10341448052,195.4986,228.7479,-99
10341481385,197.7809,228.7397,-99
10341514718,199.2257,228.3885,-99
10341548051,200.2327,227.9282,-99
10341581384,200.7164,226.2214,-99
10341614717,200.7603,224.4716,-99
10341648050,200.7234,222.1457,-99
10341681383,201.4061,218.4416,-99
10341714716,202.1723,215.8908,-99
10341748049,202.616,213.5947,-99
10341781382,203.5654,210.2,-99
10341814715,204.4337,208.4362,-99
10341848048,205.0463,205.6512,-99
10341881381,205.831,204.6056,-99
10341914714,207.2975,201.5325,-99
10341948047,208.0954,200.0876,-99
10341981380,209.5649,196.8811,-99
10342014713,210.1324,193.8333,-99
10342048046,211.3123,190.1785,-99
10342081379,212.3246,186.6806,-99
10342114712,213.2682,183.5056,-99
10342148045,213.9425,180.8932,-99
10342181378,214.5471,176.9921,-99
10342214711,214.9022,176.7283,-99
10342248044,215.4848,175.5833,-99
10342281377,216.2079,173.3421,-99
10342314710,216.5916,173.6073,-99
10342348043,216.9766,174.1117,-99
10342381376,217.598,174.7303,-99
10342414709,218.9526,173.8421,-99
10342448042,220.6438,173.4247,-99
10342481375,222.5833,173.4479,-99
10342514708,224.8766,170.4422,-99
10342548041,227.082,168.2037,-99
10342581374,229.466,165.2958,-99
10342614707,230.5524,161.3734,-99
10342648040,231.1681,160.1884,-99
10342681373,231.1862,158.9176,-99
10342714706,231.9385,157.9026,-99
10342748039,232.7947,157.8502,-99
10342781372,234.1277,158.1087,-99
10342814705,235.309,157.4719,-99
10342848038,237.4611,156.8418,-99
10342881371,239.319,155.2911,-99
10342920283,240.6633,154.719,-99
10342953616,242.776,152.96,-99
10342986949,244.2725,152.4623,-99
10343020282,245.6035,151.4335,-99
10343053615,248.3128,149.1026,-99
10343086948,250.6459,148.6584,-99
10343120281,253.3197,148,-99
10343153614,256.1731,148.0724,-99
10343186947,258.6818,147.351,-99
10343220280,260.0862,146.702,-99
10343253613,262.0208,146.2266,-99
10343286946,263.2251,144.5612,-99
10343320279,263.7845,143.9254,-99
10343353612,264.467,141.8049,-99
10343386945,265.1031,140.5125,-99
10343420278,265.4417,140.4392,-99
10343453611,265.9677,139.8333,-99
10343486944,267.1516,138.6676,-99
10343520277,269.2621,138.8665,-99
10343553610,271.2269,138.3879,-99
10343586943,273.6016,136.8503,-99
10343620276,276.024,136.6533,-99
10343653609,278.649,135.354,-99
10343686942,281.8359,132.9513,-99
10343720275,284.1901,131.7917,-99
10343753608,286.748,130.244,-99
10343786941,288.682,128.8811,-99
10343820274,290.5151,128.3471,-99
10343853607,293.1148,126.5658,-99
10343886940,296.2506,125.312,-99
10343920273,299.2252,124.6542,-99
10343953606,302.5891,124.7471,-99
10343986939,305.7165,124.3202,-99
10344020272,308.0656,124.1417,-99
10344053605,310.1263,124.2842,-99
10344086938,311.0829,124.5622,-99
10344120271,312.2583,124.4889,-99
10344153604,313.9162,124.3603,-99
10344186937,314.3409,124.233,-99
10344220270,315.1073,124.712,-99
10344253603,317.1899,125.9063,-99
10344286936,317.9979,126.6253,-99
10344320269,320.3856,127.2515,-99
10344353602,321.6811,128.0716,-99
10344386935,323.6299,127.4338,-99
10344420268,325.3705,126.4016,-99
10344453601,328.1631,126.8526,-99
10344486934,332.3967,126.831,-99
10344520267,334.9256,126.7513,-99
10344553600,336.6936,126.5173,-99
10344586933,337.1546,127.1696,-99
10344620266,338.0553,127.6474,-99
10344653599,340.2691,128.3483,-99
10344686932,342.3672,128.776,-99
10344720265,344.5973,129.5413,-99
10344753598,347.0463,129.9666,-99
10344786931,349.2586,130.5049,-99
10344820264,350.7172,131.1825,-99
10344853597,352.7122,131.208,-99
10344886930,353.4737,131.4237,-99
10344920263,354.073,131.8848,-99
10344953596,354.5418,132.2857,-99
10344986929,355.248,132.5013,-99
10345020262,357.378,132.7373,-99
10345053595,359.9133,132.2032,-99
10345086928,361.8601,130.381,-99
10345120261,362.8802,128.9102,-99
10345153594,363.843,126.2917,-99
10345186927,364.4386,124.7456,-99
10345220260,365.1262,122.571,-99
10345253593,365.5497,121.2671,-99
10345286926,366.0528,119.393,-99
10345320259,366.103,118.2212,-99
10345353592,366.125,118.0083,-99
10345386925,366.7339,118.0775,-99
10345420258,367.2629,118.7641,-99
10345453591,366.7714,119.2442,-99
10345486924,366.85,119.5842,-99
10345520257,367.6064,120.6463,-99
10345553590,367.9544,121.0127,-99
10345586923,368.3649,123.0758,-99
10345620256,368.4734,124.485,-99
10345653589,367.7889,125.6956,-99
10345686922,367.3918,126.9818,-99
10345720255,367.8141,128.2653,-99
10345753588,367.9254,129.8438,-99
10345786921,367.5411,131.1485,-99
10345820254,366.7494,133.3266,-99
10345853587,365.3152,134.4987,-99
10345886920,363.7003,135.584,-99
10345920253,361.9729,136.5854,-99
10345953586,360.6968,138.4023,-99
10345986919,359.6667,138.8599,-99
10346020252,358.4445,138.925,-99
10346053585,356.8072,139.6198,-99
10346086918,355.8061,140.5663,-99
10346120251,355.6125,139.85,-99
10346153584,356.0452,141.6194,-99
10346186917,356.2036,142.4375,-99
10346220250,357.0895,142.1692,-99
10346247801,358.0094,142.0843,-99
10346281134,359.3733,142.6422,-99
10346314467,361.024,141.9038,-99
10346347800,362.704,141.7893,-99
10346381133,364.3113,142.1625,-99
10346414466,366.2574,141.9675,-99
10346447799,366.7199,142.8037,-99
10346481132,368.3235,142.1765,-99
10346514465,370.0702,141.817,-99
10346547798,371.7809,142.2552,-99
10346581131,373.2051,141.8177,-99
10346614464,374.0387,141.5438,-99
10346647797,376.571,140.507,-99
10346681130,378.8011,140.3361,-99
10346714463,382.4016,139.2441,-99
10346747796,385.9599,139.9412,-99
10346781129,389.7726,140.1516,-99
10346814462,392.9543,140.5183,-99
10346847795,396.5371,140.8143,-99
10346881128,399.1713,140.884,-99
10346914461,402.3844,142.5583,-99
10346947794,404.9911,143.4811,-99
10346981127,407.837,144.8062,-99
10347014460,410.1763,145.7053,-99
10347047793,410.7797,146.3632,-99
10347081126,411.9883,146.5561,-99
10347114459,412.9345,147.8849,-99
10347147792,412.4464,148.3698,-99
10347181125,413.1083,150.1708,-99
10347214458,414.2742,151.5464,-99
10347247791,415.3688,152.5818,-99
10347281124,416.5374,154.5094,-99
10347314457,418.517,156.0887,-99
10347347790,419.8891,158.0582,-99
10347381123,421.8846,159.6443,-99
10347414456,422.937,161.8044,-99
10347447789,424.4614,162.8411,-99
10347481122,425.6014,163.9859,-99
10347514455,427.8234,164.1875,-99
10347547788,428.0268,165.6193,-99
10347581121,428.7351,167.2838,-99
10347614454,430.1084,168.5799,-99
10347647787,429.9795,171.2308,-99
10347681120,430.1546,175.0784,-99
10347714453,430.825,179.1642,-99
10347747786,432.1222,182.22,-99
10347781119,432.3411,185.3248,-99
10347814452,433.4053,186.936,-99
10347847785,434.6472,187.5131,-99
10347881118,435.7022,188.3006,-99
10347910279,436.8663,189.5014,-99
10347943612,438.9108,191.1027,-99
10347976945,441.0811,191.6676,-99
10348010278,443.3135,191.3973,-99
10348043611,444.8698,190.8776,-99
10348076944,446.2069,190.6021,-99
10348110277,447.5444,190.5083,-99
10348143610,449.5096,190.1753,-99
10348176943,449.5242,191.2821,-99
10348210276,451.2619,193.2063,-99
10348243609,452.3315,194.3092,-99
10348276942,452.8757,196.2459,-99
10348310275,453.4422,198.2486,-99
10348343608,453.4709,200.0608,-99
10348376941,453.0117,203.0491,-99
10348410274,453.3403,205.1841,-99
10348443607,453.6499,208.0282,-99
10348476940,453.5288,210.837,-99
10348510273,453.942,212.3387,-99
10348543606,454.0022,214.2355,-99
10348576939,454.5163,216.2442,-99
10348610272,455.5331,218.4427,-99
10348643605,456.4969,220.1684,-99
10348676938,456.1859,222.196,-99
10348710271,455.9978,223.2993,-99
10348743604,455.8166,224.1856,-99
10348776937,454.8794,225.9759,-99
10348810270,455.1831,227.9451,-99
10348843603,454.4465,229.6,-99
10348876936,454.0509,232.3031,-99
10348910269,453.7111,232.8222,-99
10348943602,453.4295,234.5358,-99
10348976935,453.541,237.7457,-99
10349010268,454.0711,241.6056,-99
10349043601,454.9346,244.7669,-99
10349076934,455.4596,247.5657,-99
10349110267,458.1868,247.5458,-99
10349143600,460.9324,250.7746,-99
10349176933,462.8068,252.8608,-99
10349210266,462.7534,254.8371,-99
10349243599,462.218,256.8022,-99
10349276932,462.3596,259.2022,-99
10349310265,461.0656,260.8643,-99
10349343598,460.0131,263.5033,-99
10349376931,459.0131,264.9606,-99
10349410264,458.4279,266.2692,-99
10349443597,457.5889,267.5385,-99
10349476930,458.6231,267.4332,-99
10349510263,457.7186,268.6227,-99
10349543596,457.3158,269.4649,-99
10349588947,457.6459,270.6487,-99
10349622280,457.7982,271.9792,-99
10349655613,457.9169,272.3798,-99
10349688946,457.0547,274.0071,-99
10349722279,457.1023,275.2932,-99
10349755612,456.8186,275.8035,-99
10349788945,456.7448,277.1678,-99
10349822278,458.3543,277.8367,-99
10349855611,458.9544,278.8433,-99
10349888944,459.1217,280.73,-99
10349922277,459.6696,281.3571,-99
10349955610,460.2803,281.9855,-99
10349988943,461.372,282.0685,-99
10350022276,460.5812,281.4388,-99
10350055609,461.6029,281.3536,-99
10350088942,461.2028,281.0789,-99
10350122275,461.3149,281.5193,-99
10350155608,460.5995,281.3315,-99
10350188941,459.959,279.8825,-99
10350222274,459.5014,278.1182,-99
10350255607,456.6711,276.5329,-99
10350288940,456.493,280.0769,-99
10350322273,451.9353,279.1078,-99
10350355606,449.7107,280.6447,-99
10350388939,453.3605,280.5047,-99
10350422272,453.3197,279.7432,-99
10350455605,451.3704,280.9832,-99
10350488938,452.5155,289.2919,-99
10350522271,452.9543,285.3105,-99
10350555604,450.5201,279.4615,-99
10350588937,448.3958,276.4382,-99
10350622270,449.8933,279.03,-99
10350655603,449.7491,277.4254,-99
10350688936,444.4099,278.7008,-99
10350722269,445.6024,275.7541,-99
10350755602,446.6156,277.5578,-99
10350788935,445.6409,280.1004,-99
10350822268,445.1291,280.3694,-99
10350855601,445.6761,280.5944,-99
10350888934,446.7323,279.0137,-99
10350922267,447.3581,277.7328,-99
10350955600,447.9763,279.095,-99
10350988933,447.7134,279.3801,-99
10351022266,447.9813,279.2032,-99
10351055599,447.3926,280.158,-99
10351088932,446.1305,281.292,-99
10351122265,445.5649,281.8149,-99
10351155598,445.2094,282.7833,-99
10351188931,445.6652,282.1574,-99
10351222264,446.6831,282.0986,-99
10351257925,448.4207,282.2115,-99
10351291258,449,281.544,-99
10351324591,449.5058,281.0993,-99
10351357924,449.1194,281.9063,-99
10351391257,448.9681,282.826,-99
10351424590,448.8189,284.1076,-99
10351457923,449.0602,285.3696,-99
10351491256,449.2383,285.3031,-99
10351524589,449.0548,285.1534,-99
10351557922,448.8274,284.6142,-99
10351591255,449.4027,285.9173,-99
10351624588,450.12,285.505,-99
10351657921,451.5166,286.3149,-99
10351691254,452.9394,286.9587,-99
10351724587,454.0978,287.2682,-99
10351757920,456.1511,287.6193,-99
10351791253,458.1968,288.1,-99
10351824586,459.7524,288.119,-99
10351857919,460.48,287.76,-99
10351891252,461.7735,288.0118,-99
10351924585,463.5329,287.3717,-99
10351957918,468.7458,289.0331,-99
10351991251,470.5287,289.121,-99
10352024584,469.2591,287.6046,-99
10352057917,474.3071,288.4173,-99
10352091250,476.7879,286.4546,-99
10352124583,461.9186,283.8837,-99
10352157916,468.8166,284.3432,-99
10352191249,470.6648,284.022,-99
10352224582,466.4725,283.3077,-99
10352257915,469.4314,283.049,-99
10352291248,468.5974,281.3247,-99
10352324581,467.5655,277.1204,-99
10352357914,469.0064,276.7032,-99
10352391247,466.2475,284.4158,-99
10352424580,465.3839,286.4076,-99
10352457913,464.3609,283.1212,-99
10352491246,464.3357,282.247,-99
10352524579,462.0119,283.0381,-99
10352557912,459.1053,283.3079,-99
10352591245,457.0457,282.8343,-99
10352624578,455.6608,281.8937,-99
10352657911,453.1328,279.5311,-99
10352691244,452.8146,280.1007,-99
10352724577,450.4033,277.0623,-99
10352757910,450.0319,278.1478,-99
10352791243,453.0736,278.4047,-99
10352824576,451.3733,277.3148,-99
10352857909,449.4831,276.2701,-99
10352891242,448.9402,277.1111,-99
10352924575,447.8991,277.7151,-99
10352957908,447.7733,277.4593,-99
10352991241,447.3191,277.5126,-99
10353024574,447.6086,277.4665,-99
10353057907,446.8079,277.0921,-99
10353091240,446.2468,278.8078,-99
10353124573,444.8333,280.5962,-99
10353157906,446.5449,282.3901,-99
10353191239,447.6902,282.0381,-99
10353224572,447.2857,282.9137,-99
10353257905,448.7839,283.7867,-99
10353291238,447.5418,282.7391,-99
10353324571,447.026,280.7844,-99
10353357904,446.0506,282.6148,-99
10353391237,447.9909,284.0031,-99
10353424570,449.7056,283.6986,-99
10353457903,450.3437,283.0724,-99
10353491236,450.3169,283.787,-99
10353524569,450.8352,283.7225,-99
10353557902,451.0728,283.1483,-99
10353591235,450.8979,283.3298,-99
10353624568,450.9973,283.0081,-99
10353657901,451.3123,283.994,-99
10353691234,450.4957,283.6232,-99
10353724567,449.9463,283.3761,-99
10353757900,448.3675,282.3932,-99
10353791233,447.014,282.1011,-99
10353824566,446.2698,282.0106,-99
10353857899,445.3316,281.4021,-99
10353891232,444.8165,280.5532,-99
10353924565,443.8449,281.1176,-99
10353957898,443.3735,283.347,-99
10353991231,442.2137,282.7583,-99
10354024564,441.1646,283.1165,-99
10354057897,440.2405,283.6214,-99
10354091230,439.7604,284.7442,-99
10354124563,439.6979,285.401,-99
10354157896,439.2167,286.7476,-99
10354191229,438.076,288.1089,-99
10354224562,437.6517,289.6253,-99
10354257895,437.2444,290.0948,-99
10354291228,436.601,291.2209,-99
10354324561,436.2797,292.5446,-99
10354357894,436.4146,293.4561,-99
10354391227,435.6524,295.605,-99
10354424560,434.3925,297.8668,-99
10354457893,434.9159,300.1305,-99
10354491226,435.1685,302.4629,-99
10354524559,436.4422,305.2511,-99
10354557892,437.1236,307.83,-99
10354596773,437.1658,309.9456,-99
10354630106,438.3632,312.7852,-99
10354663439,438.2375,315.0625,-99
10354696772,436.8819,317.5144,-99
10354730105,436.0077,320.4031,-99
10354763438,434.8198,321.9358,-99
10354796771,434.15,325.125,-99
10354830104,434.5941,326.3469,-99
10354863437,431.1815,324.4804,-99
10354896770,430.7327,327.6635,-99
10354930103,429.1536,329.7711,-99
10354963436,427.9426,333.0901,-99
10354996769,427.7987,338.5629,-99
10355030102,427.4056,341.2592,-99
10355063435,425.6974,342.2526,-99
10355096768,425.1769,344.1949,-99
10355130101,423.8441,345.4701,-99
10355163434,422.4417,348.2917,-99
10355196767,420.9524,350.5683,-99
10355230100,418.9195,351.6092,-99
10355263433,416.1382,354.1659,-99
10355296766,414.9863,354.2694,-99
10355330099,414.7288,352.2237,-99
10355363432,414.0838,351.1006,-99
10355396765,413.3546,350.0182,-99
10355430098,412.9308,351.8504,-99
10355463431,412.5595,353.8723,-99
10355496764,412.3836,354.9978,-99
10355530097,411.9679,355.5846,-99
10355563430,412.5504,355.9496,-99
10355596763,412.4518,355.9835,-99
10355630096,411.82,356.0296,-99
10355663429,410.1299,355.9861,-99
10355696762,408.6229,356.7924,-99
10355730095,406.6241,357.8109,-99
10355763428,403.4423,359.9337,-99
10355796761,402.5515,361.535,-99
10355830094,401.2229,362.7091,-99
10355863427,399.6407,365.8929,-99
10355896760,398.1324,367.8167,-99
10355930093,395.6913,370.7718,-99
10355963426,393.7337,373.3658,-99
10355996759,391.7181,374.349,-99
10356030092,389.4797,376.8258,-99
10356063425,387.8705,378.2734,-99
10356096758,385.1206,382.9301,-99
10356130091,382.0211,383.5563,-99
10356163424,379,380.4236,-99
10356196757,378.632,377.4719,-99
10356230090,376.9922,379.7276,-99
10356265752,377.8714,377.4572,-99
10356299085,374.225,385.11,-99
10356332418,373.9645,389.8546,-99
10356365751,373.5977,394.6437,-99
10356399084,372.5919,395.2056,-99
10356432417,372.144,392.9015,-99
10356465750,367.5968,392.4657,-99
10356499083,366.3829,392.1269,-99
10356532416,364.2112,391.827,-99
10356565749,362.4181,390.8527,-99
10356599082,359.8199,390.6706,-99
10356632415,356.5061,390.4469,-99
10356665748,353.9797,390.2866,-99
10356699081,351.8053,390.1496,-99
10356732414,349.9645,390.1148,-99
10356765747,348.7823,389.6916,-99
10356799080,346.1454,389.7318,-99
10356832413,343.9658,389.5046,-99
10356865746,341.4295,388.3825,-99
10356899079,337.8049,387.9487,-99
10356932412,336.5032,387.0917,-99
10356965745,334.7719,386.7851,-99
10356999078,332.8609,386.6769,-99
10357032411,331.0892,387.2075,-99
10357065744,329.8587,388.8437,-99
10357099077,329.3928,390.0064,-99
10357132410,328.2771,391.5771,-99
10357165743,326.7883,393.0063,-99
10357199076,325.7419,393.9898,-99
10357232409,326.7076,393.8083,-99
10357265742,324.8578,393.8096,-99
10357299075,323.1991,393.4333,-99
10357332408,320.7852,392.6086,-99
10357365741,319.4212,391.0141,-99
10357399074,314.998,390.2414,-99
10357432407,312.5792,389.9625,-99
10357465740,310.6567,390.5011,-99
10357499073,308.5479,390.873,-99
10357532406,306.781,391.1106,-99
10357565739,304.7413,391.6813,-99
10357599072,303.8321,391.717,-99
10357632405,303.0344,391.258,-99
10357665738,301.5831,390.3012,-99
10357699071,299.3432,389.8568,-99
10357732404,297.7406,389.1219,-99
10357765737,295.5363,388.812,-99
10357799070,294.457,388.8381,-99
10357832403,292.6342,389.4134,-99
10357865736,291.133,390.0377,-99
10357899069,290.3449,389.951,-99
10357932402,289.0974,391.0553,-99
10357965735,289.4612,391.2484,-99
10357999068,288.8634,391.044,-99
10358032401,287.8665,390.9723,-99
10358065734,287.5037,389.4099,-99
10358099067,286.7206,388.5,-99
10358132400,283.3816,387.7588,-99
10358165733,281.2944,387.4091,-99
10358199066,279.3176,387.2811,-99
10358232399,277.6272,387.1638,-99
10358265732,276.1715,386.9477,-99
10358299065,274.9752,386.5549,-99
10358332398,272.5478,385.7155,-99
10358365731,270.2265,384.6861,-99
10358399064,268.458,383.3318,-99
10358432397,268,381.5938,-99
10358465730,265.9715,380.4013,-99
10358499063,264.4978,378.7424,-99
10358532396,263.5236,377.9485,-99
10358565729,261.4292,377.2045,-99
10358599062,259.013,376.8853,-99
10358632395,256.1783,376.7847,-99
10358665728,254.0789,376.6334,-99
10358699061,252.2323,375.8611,-99
10358732394,250.1079,374.5793,-99
10358765727,249.0346,373.9547,-99
10358799060,248.1151,372.316,-99
10358832393,246.87,371.0969,-99
10358865726,245.0177,370.9382,-99
10358899059,244.0282,370.6725,-99
10358932392,242.1876,370.7638,-99
10358965725,240.1283,370.9005,-99
10358999058,238.233,370.9005,-99
10359032391,236.2165,370.8237,-99
10359065724,233.8186,370.5533,-99
10359099057,232.6911,369.8444,-99
10359132390,232.0616,368.4886,-99
10359165723,232.8943,367.6929,-99
10359199056,230.5632,364.9829,-99
10359232389,229.8847,363.3033,-99
10359265722,228.913,361,-99
10359299055,227.9618,359.6489,-99
10359332388,226.319,357.6855,-99
10359365721,225.0831,355.8069,-99
10359399054,223.1587,354.7129,-99
10359432387,221.8214,352.8301,-99
10359465720,220.769,351.9738,-99
10359499053,220.8846,351.4615,-99
10359532386,219.8441,350.4413,-99
10359565719,220.3326,350.2241,-99
10359592348,221.4745,351.0438,-99
10359625681,222.6357,352.3643,-99
10359659014,223.7375,353.4095,-99
10359692347,224.6859,354.0864,-99
10359725680,224.7093,354.4773,-99
10359759013,224.95,355.3026,-99
10359792346,224.8076,355.4532,-99
10359825679,224.3184,356.2868,-99
10359859012,224.7277,356.4951,-99
10359892345,223.9282,357.0371,-99
10359925678,224.6557,356.1848,-99
10359959011,224.9767,355.829,-99
10359992344,225.7268,355.4588,-99
10360025677,226.0139,353.875,-99
10360059010,227.8481,352.3481,-99
10360092343,228.3118,350.753,-99
10360125676,227.8627,350.2132,-99
10360159009,228.2019,350.6817,-99
10360192342,227.7843,351.7437,-99
10360225675,227.72,352.9765,-99
10360259008,227.3422,354.1645,-99
10360292341,225.6846,354.2215,-99
10360325674,224.9073,355.0171,-99
10360359007,224.9658,355.1321,-99
10360392340,223.8663,354.8401,-99
10360425673,224.3164,354.8599,-99
10360459006,224.3404,354.2747,-99
10360492339,224.6005,353.9976,-99
10360525672,224.3032,352.9167,-99
10360559005,222.2536,352.0072,-99
10360592338,220.933,351.6124,-99
10360625671,219.4643,351.631,-99
10360659004,217.4679,351.7601,-99
10360692337,216.7593,352.3325,-99
10360725670,216.2864,353.5901,-99
10360759003,216.1607,354.4604,-99
10360792336,216.669,354.9054,-99
10360825669,217.7506,354.5606,-99
10360859002,217.3364,354.3271,-99
10360892335,217.275,353.2273,-99
10360925668,217.5622,352.9378,-99
10360959001,218.3974,352.5453,-99
10360992334,219.0948,352.737,-99
10361025667,219.2752,352.9449,-99
10361059000,220.1581,352.9186,-99
10361092333,221.3101,352.9519,-99
10361125666,222.375,352.3137,-99
10361158999,222.1651,351.5711,-99
10361192332,223.4965,350.0531,-99
10361225665,225.5381,349.8405,-99
10361265468,226.5934,349.4421,-99
10361298801,227.8191,348.6822,-99
10361332134,229.8015,348.7735,-99
10361365467,230.9924,349.0687,-99
10361398800,231.0558,348.9947,-99
10361432133,231.1768,348.4195,-99
10361465466,229.7841,347.877,-99
10361498799,228.4652,347.8691,-99
10361532132,226.9363,347.7029,-99
10361565465,225.6649,348.2078,-99
10361598798,223.3856,348.8098,-99
10361632131,222.0887,349.621,-99
10361665464,219.9919,350.1405,-99
10361698797,219.2845,351.1707,-99
10361732130,219.3111,353.1483,-99
10361765463,220.564,353.8171,-99
10361798796,221.8543,353.5371,-99
10361832129,222.1054,353.4962,-99
10361865462,222.826,354.531,-99
10361898795,222.1059,353.2089,-99
10361932128,222.9415,353.231,-99
10361965461,222.442,352.8315,-99
10361998794,222.782,352.5722,-99
10362032127,221.6056,352.175,-99
10362065460,221.4458,350.2143,-99
10362098793,221.0671,349.1319,-99
10362132126,219.5477,347.3643,-99
10362165459,220.323,346.0359,-99
10362198792,220.25,345.0234,-99
10362232125,219.0736,343.5229,-99
10362265458,220.2222,342.5635,-99
10362298791,219.895,342.0262,-99
10362332124,219.1535,340.8317,-99
10362365457,216.6921,338.0579,-99
10362398790,215.3846,337.737,-99
10362432123,213.1627,334.2205,-99
10362465456,210.9563,333.182,-99
10362498789,208.9496,330.053,-99
10362532122,207.1023,327.5524,-99
10362565455,205.5166,326.0179,-99
10362598788,203.8769,322.1743,-99
10362632121,203.411,319.6541,-99
10362665454,202.1772,317.216,-99
10362698787,201.4836,314.0929,-99
10362732120,201.0968,310.8575,-99
10362765453,200.5711,309.3591,-99
10362798786,199.6984,306.8915,-99
10362832119,198.8359,306.0026,-99
10362865452,198.2179,305.7724,-99
10362898785,197.3896,304.3117,-99
10362932118,197.1558,303.2779,-99
10362965451,196.9507,302.3299,-99
10362998784,197.218,301.1351,-99
10363032117,197.0076,299.9144,-99
10363065450,196.6214,296.5405,-99
10363098783,195.758,293.9548,-99
10363132116,194.7804,290.6931,-99
10363165449,194.7221,287.7532,-99
10363198782,193.4227,283.5954,-99
10363232115,193.3923,282.0885,-99
10363265448,193.0488,279.5284,-99
10363298781,191.8712,275.8788,-99
10363332114,190.4825,271.9784,-99
10363365447,190.0176,270.1525,-99
10363398780,188.1077,266.6133,-99
10363432113,186.4741,263.3575,-99
10363465446,185.4464,260.926,-99
10363498779,183.1016,258.1719,-99
10363532112,182.0155,254.6891,-99
10363565445,182.7383,252.8756,-99
10363598778,182.2481,251.6203,-99
10363632111,183.1692,251.1282,-99
10363665444,182.8983,249.9689,-99
10363698777,183.4,249.1974,-99
10363732110,184.6875,249.6042,-99
10363765443,185.2087,248.8835,-99
10363798776,186.4607,248.6179,-99
10363832109,188.1144,248.698,-99
10363865442,189.9216,248.2465,-99
10363898775,191.8005,246.1116,-99
10363932108,193.5573,244.9349,-99
10363965441,194.5197,242.8136,-99
10363998774,196.3418,241.2475,-99
10364032107,196.2373,239.5424,-99
10364065440,196.6607,239.4583,-99
10364098773,196.9187,239.5095,-99
10364132106,197.7655,239.5418,-99
10364165439,198.329,240.0888,-99
10364198772,199.0866,239.1114,-99
10364232105,199.3125,237.2925,-99
10364265438,200.2086,235.4813,-99
10364298771,199.4442,233.213,-99
10364332104,197.9974,229.5288,-99
10364365437,198.1032,229.4841,-99
10364398770,196.9048,225.2169,-99
10364432103,197.5654,224.6204,-99
10364465436,197.5643,222.0525,-99
10364498769,197.5714,221.2932,-99
10364532102,197.8855,220.7048,-99
10364565435,198.4663,219.5013,-99
10364600175,199.2054,217.9095,-99
10364633508,200.5281,217.489,-99
10364666841,201.5571,216.9701,-99
10364700174,202.2,215.6587,-99
10364733507,201.5884,213.504,-99
10364766840,201.1836,212.0339,-99
10364800173,199.3438,209.1146,-99
10364833506,199.4016,209.272,-99
10364866839,198.2432,205.4913,-99
10364900172,199.5075,205.3675,-99
10364933505,200.1846,204.6379,-99
10364966838,200.9347,202.2308,-99
10365000171,202.1015,201.3807,-99
10365033504,203.3446,198.3031,-99
10365066837,204.2115,197.201,-99
10365100170,204.883,196.2632,-99
10365133503,205.2216,194.0343,-99
10365166836,205.5789,192.8255,-99
10365200169,205.3764,189.3994,-99
10365233502,205.7282,185.0343,-99
10365266835,205.9542,183.8329,-99
10365300168,206.2104,181.3989,-99
10365333501,206.86,181.18,-99
10365366834,208.3973,181.2822,-99
10365400167,210.2143,181.2486,-99
10365433500,212.1293,180.75,-99
10365466833,213.7989,180.5978,-99
10365500166,214.746,180.5214,-99
10365533499,215.8164,180.6328,-99
10365566832,215.919,180.6955,-99
10365600165,216.4925,181.0995,-99
10365633498,216.8411,180.8125,-99
10365666831,217.8553,181.1632,-99
10365700164,218.3136,181.653,-99
10365733497,219.0393,182.1917,-99
10365766830,220.3427,182.7008,-99
10365800163,221.6494,184.2052,-99
10365833496,222.2213,185.0672,-99
10365866829,222.6941,185.2618,-99
10365900162,222.9145,186.0888,-99
10365933495,222.1398,186.8541,-99
10365966828,220.9397,187.8603,-99
10366000161,219.991,187.0691,-99
10366033494,218.4551,185.7022,-99
10366066827,217.7363,185.3104,-99
10366100160,217.5029,184.8943,-99
10366133493,217.6072,182.2256,-99
10366166826,216.8405,182.0085,-99
10366200159,217.0163,181.5842,-99
10366233492,216.3427,182.4747,-99
10366266825,216.0419,183.3436,-99
10366300158,216.3192,183.3249,-99
10366333491,217.1575,183.7638,-99
10366366824,216.9063,184.4034,-99
10366400157,217.1938,184.3262,-99
10366433490,216.8889,184.9715,-99
10366466823,216.6961,186.3757,-99
10366500156,217.231,186.5234,-99
10366533489,217.8782,186.2694,-99
10366566822,218.0166,187.1246,-99
10366600155,218.2332,186.5751,-99
10366633488,218.2964,186.8366,-99
10366666821,218.6209,185.6132,-99
10366700154,217.9972,186.3085,-99
10366733487,217.0127,186.269,-99
10366766820,216.8435,186.4297,-99
10366800153,218.1614,185.3545,-99
10366833486,218.5378,184.8513,-99
10366866819,218.8835,181.9946,-99
10366900152,217.944,180.2185,-99
10366933485,217.2273,177.2032,-99
10366966818,215.9688,174.6286,-99
10367000151,215.1362,172.624,-99
10367033484,215.627,170.082,-99
10367066817,215.4634,168.8672,-99
10367100150,216.2718,167.6949,-99
10367133483,218.1384,166.0549,-99
10367166816,220.3045,165.4332,-99
10367200149,222.8133,164.8133,-99
10367233482,225.4156,164.6902,-99
10367266815,228.1217,162.472,-99
10367300148,230.9247,161.1909,-99
10367333481,232.6911,160.5772,-99
10367366814,234.5124,159.7603,-99
10367400147,236.699,157.7408,-99
10367433480,238.4113,157.1851,-99
10367466813,238.8182,156.4597,-99
10367500146,239.7751,156.8466,-99
10367533479,240.7208,156.0152,-99
10367566812,242.5267,154.4706,-99
10367600145,244.3886,153.25,-99
10367633478,246.1054,152.8622,-99
10367666811,247.4733,153.1908,-99
10367700144,249.4464,153.2594,-99
10367733477,251.3641,152.2255,-99
10367766810,253.8527,152.0028,-99
10367800143,257.48,150.085,-99
10367833476,260.347,148.4113,-99
10367866809,262.2912,145.0302,-99
10367900142,263.8202,143.4831,-99
10367942273,264.8931,141.5802,-99
10367975606,267.0079,140.5172,-99
10368008939,268.3848,139.3139,-99
10368042272,270.7313,137.4729,-99
10368075605,272.8654,136.4617,-99
10368108938,274.9719,136.4604,-99
10368142271,277.0767,136.4245,-99
10368175604,279.2284,136.3833,-99
10368208937,281.2583,134.3528,-99
10368242270,282.7198,132.7788,-99
10368275603,282.9937,132.2163,-99
10368308936,283.3333,130.8135,-99
10368342269,283.3627,129.8693,-99
10368375602,284.0453,128.4731,-99
10368408935,284.9868,128.0763,-99
10368442268,286.6357,128.2763,-99
10368475601,288.0652,128.0272,-99
10368508934,289.4703,127.4081,-99
10368542267,290.3974,127.5184,-99
10368575600,292.0667,127.392,-99
10368608933,293.1685,128.0027,-99
10368642266,294.4837,128.3179,-99
10368675599,296.5331,128.5066,-99
10368708932,299.4915,127.6112,-99
10368742265,302.5013,126.4771,-99
10368775598,305.2663,124.577,-99
10368808931,307.3216,123.8838,-99
10368842264,309.153,122.8552,-99
10368875597,310.9103,122.519,-99
10368908930,312.0595,124.0521,-99
10368942263,313.8351,124.7423,-99
10368975596,316.2708,125.5182,-99
10369008929,318.4011,125.3577,-99
10369042262,319.693,124.9493,-99
10369075595,319.6407,124.008,-99
10369108928,319.3734,124.6036,-99
10369142261,319.7255,123.611,-99
10369175594,320.2742,121.4799,-99
10369208927,320.9387,120.4828,-99
10369242260,321.4252,119.399,-99
10369275593,321.1908,119.0828,-99
10369308926,321.1235,118.8646,-99
10369342259,320.4659,119.9045,-99
10369375592,320.4953,120.0024,-99
10369408925,320.1805,119.905,-99
10369442258,320.055,120.7847,-99
10369475591,320.4857,120.2753,-99
10369508924,320.212,120.7349,-99
10369542257,319.8271,121.2155,-99
10369575590,319.762,121.4278,-99
10369608923,318.1832,121.8372,-99
10369642256,317.9812,120.5925,-99
10369675589,317.2075,120.4725,-99
10369708922,317.1143,120.4574,-99
10369742255,317.0354,119.9342,-99
10369775588,316.8738,119.3692,-99
10369808921,316.8044,119.7604,-99
10369842254,318.1477,119.4697,-99
10369875587,318.191,119.7854,-99
10369908920,317.7536,120.5383,-99
10369942253,317.1931,121.297,-99
10369975586,318.8333,121.007,-99
10370008919,318.9365,122.64,-99
10370042252,319.843,122.9807,-99
10370075585,319.7194,123.8441,-99
10370108918,319.7794,125,-99
10370142251,320.1697,126.117,-99
10370175584,321.1839,126.7494,-99
10370208917,321.7786,126.5619,-99
10370242250,322.5684,126.3405,-99
10370275583,322.9325,126.865,-99
10370308916,323.4347,126.2085,-99
10370342249,324.0432,126.1559,-99
10370375582,324.8958,125.0234,-99
10370408915,325.3151,124.599,-99
10370442248,326.5908,123.6489,-99
10370475581,327.938,122.5788,-99
10370508914,328.2506,122.3551,-99
10370542247,328.7047,122.3912,-99
10370575580,329.0547,122.2309,-99
10370608913,330.1733,121.995,-99
10370642246,330.7431,123.0249,-99
10370675579,331.28,122.6773,-99
10370708912,332.2916,122.8556,-99
10370742245,333.8965,122.846,-99
10370775578,334.6541,123.4243,-99
10370808911,335.7622,123.0372,-99
10370842244,337.5822,122.7632,-99
10370875577,339.7093,122.5689,-99
10370908910,341.3018,122.1247,-99
10370942243,343.4085,120.7639,-99
10370975576,344.5041,119.703,-99
10371008909,344.7995,121.0269,-99
10371042242,345.9675,121.0406,-99
10371075575,346.5337,121.5281,-99
10371108908,347.0836,122.8524,-99
10371142241,347.9558,124.4442,-99
10371175574,349.0909,124.6675,-99
10371208907,349.5433,126.5354,-99
10371242240,350.4256,128.2026,-99
10371275339,351.2321,128.9694,-99
10371308672,352.5601,129.1503,-99
10371342005,354.5013,130.0997,-99
10371375338,355.5331,131.1008,-99
10371408671,356.3378,132.133,-99
10371442004,356.86,133.0375,-99
10371475337,357.3003,134.1432,-99
10371508670,357.7596,135.7978,-99
10371542003,359.2216,137.534,-99
10371575336,360.8867,138.0856,-99
10371608669,361.8612,138.136,-99
10371642002,362.7672,137.5045,-99
10371675335,364.1572,136.4309,-99
10371708668,365.3104,134.8819,-99
10371742001,367.8228,132.9429,-99
10371775334,369.9897,132.144,-99
10371808667,372.1092,131.2705,-99
10371842000,373.7565,131.0466,-99
10371875333,374.7772,130.7131,-99
10371908666,376.0752,131.4262,-99
10371941999,377.9081,132.039,-99
10371975332,379.9467,134.9806,-99
10372008665,381.9313,135.8696,-99
10372041998,383.9703,135.9649,-99
10372075331,386.8895,136.8414,-99
10372108664,388.5151,137.8548,-99
10372141997,391.2779,139.7249,-99
10372175330,393.1054,140.4676,-99
10372208663,395.4222,141.7944,-99
10372241996,397.9496,143.3613,-99
10372275329,400.9335,143.8532,-99
10372308662,402.3689,145.6311,-99
10372341995,405.7143,147.5472,-99
10372375328,408.2335,150.1621,-99
10372408661,411.171,152.2609,-99
10372441994,413.6137,154.7882,-99
10372475327,415.2587,156.128,-99
10372508660,415.9637,157.7151,-99
10372541993,416.9448,159.4503,-99
10372575326,417.4486,160.4216,-99
10372608659,418.435,163.6643,-99
10372641992,419.3985,165.6535,-99
10372675325,419.9234,167.1488,-99
10372708658,420.534,169.7567,-99
10372741991,420.9685,171.5315,-99
10372775324,421.323,172.9314,-99
10372808657,422.6871,175.2664,-99
10372841990,424.3468,176.5848,-99
10372875323,426.7014,178.0174,-99
10372908656,429.1944,180.3127,-99
10372941989,430.5057,182.4483,-99
10372975322,433.0582,183.4894,-99
10373008655,434.8728,184.5896,-99
10373041988,437.8808,185.5988,-99
10373075321,439.985,185.5,-99
10373108654,441.7953,186.27,-99
10373141987,442.6451,187.6296,-99
10373175320,443.2304,190.6555,-99
10373208653,443.5046,192.8653,-99
10373241986,444.4975,196.2437,-99
10373275319,445.662,198.5856,-99
10373308652,446.2965,200.5435,-99
10373341985,446.7938,201.964,-99
10373375318,447.2997,203.3464,-99
10373408651,447.5767,204.9652,-99
10373441984,447.5403,206.6645,-99
10373475317,447.011,208.1601,-99
10373508650,447.2958,209.8962,-99
10373541983,447.8772,212.0215,-99
10373575316,448.8358,212.8063,-99
10373608649,449.5606,214.8449,-99
10373641982,450.9639,217.9342,-99
10373675315,452.6877,220.7236,-99
10373708648,454.5534,224.7767,-99
10373741981,457.5947,225.6183,-99
10373775314,460.0909,227.5329,-99
10373808647,462.2695,229.3263,-99
10373841980,463.6753,230.7328,-99
10373875313,463.2878,233.283,-99
10373908646,463.3022,236.1415,-99
10373941979,463.3732,237.9014,-99
10373975312,462.4372,240.886,-99
10374008645,461.5755,244.4552,-99
10374041978,461.3507,245.4957,-99
10374075311,461.7184,247.9799,-99
10374108644,461.1887,250.8845,-99
10374141977,462.1269,253.9335,-99
10374175310,462.9576,255.9091,-99
10374208643,463.1308,257.0988,-99
10374241976,464.9575,257.0482,-99
10374275309,465.0239,256.7522,-99
10374308642,465.6097,257.0427,-99
10374341975,463.8575,259.4228,-99
10374375308,462.3185,260.5796,-99
10374408641,460.3626,261.4688,-99
10374441974,458.877,262.2416,-99
10374475307,457.3095,263.1086,-99
10374508640,456.4379,264.7752,-99
10374541973,457.0473,265.3639,-99
10374575306,456.5983,265.8708,-99
10374604467,456.6503,267.2331,-99
10374637800,457.273,268.5031,-99
10374671133,458.4567,269.5045,-99
10374704466,458.8729,269.9448,-99
10374737799,459.6772,270.6371,-99
10374771132,459.8174,271.524,-99
10374804465,459.8714,273.1486,-99
10374837798,459.8156,273.514,-99
10374871131,459.641,273.5957,-99
10374904464,459.6418,273.8625,-99
10374937797,458.8251,273.3032,-99
10374971130,458.6765,272.8693,-99
10375004463,455.5194,269.783,-99
10375037796,449.2049,274.0328,-99
10375071129,454.4096,277.6536,-99
10375104462,453.6263,277.5077,-99
10375137795,454.6194,278.9581,-99
10375171128,454.6282,279.7942,-99
10375204461,456.481,282.5992,-99
10375237794,460.0046,286.7907,-99
10375271127,460.9435,284.9355,-99
10375304460,461.4513,285.3249,-99
10375337793,461.347,283.9627,-99
10375371126,455.4197,277.228,-99
10375404459,453.564,277.8104,-99
10375437792,454.4857,280.8322,-99
10375471125,455.0669,281.8696,-99
10375504458,455.8701,281.461,-99
10375537791,455.2719,280.3088,-99
10375571124,454.9933,280.9394,-99
10375604457,454.678,280.4211,-99
10375637790,453.4057,279.1824,-99
10375671123,452.9416,279.4227,-99
10375704456,452.434,280.2453,-99
10375737789,452.2195,280.7347,-99
10375771122,451.9967,280.7213,-99
10375804455,451.381,279.054,-99
10375837788,453.4908,279.9341,-99
10375871121,454.5735,280.5699,-99
10375904454,455.7865,280.9217,-99
10375937787,457.1277,281.1861,-99
10375971120,458.5724,280.5512,-99
10376004453,460.7528,279.8023,-99
10376037786,463.3008,279.9237,-99
10376071119,468.7374,282.4243,-99
10376104452,461.5172,280.6552,-99
10376137785,461.9,277.55,-99
10376171118,464.2032,276.8211,-99
10376204451,465.0432,278.8417,-99
10376237784,465.8407,278.6154,-99
10376283165,464.6114,279.6321,-99
10376316498,465.4115,280.1406,-99
10376349831,464.5352,279.7535,-99
10376383164,462.6147,279.844,-99
10376416497,463.3587,279.6956,-99
10376449830,468.4208,279.2624,-99
10376483163,468.55,278.175,-99
10376516496,466.1522,278.5913,-99
10376549829,464.0853,278.5426,-99
10376583162,461.0374,277.9082,-99
10376616495,458.782,277.0273,-99
10376649828,456.9679,276.6471,-99
10376683161,455.6424,275.1589,-99
10376716494,452.1967,273.887,-99
10376749827,451.2276,279.8293,-99
10376783160,446.8287,282.247,-99
10376816493,447.1035,278.8379,-99
10376849826,448.1424,277.1331,-99
10376883159,449.1703,279.0189,-99
10376916492,449.595,278.6791,-99
10376949825,449.2878,278.7471,-99
10376983158,447.9101,279.7472,-99
10377016491,447.1916,281.4704,-99
10377049824,446.5742,283.0027,-99
10377083157,446.0849,284.5452,-99
10377116490,445.5063,285.8867,-99
10377149823,445.0963,286.9011,-99
10377183156,444.9316,287.8079,-99
10377216489,444.2637,290.1201,-99
10377249822,444.256,292.3301,-99
10377283155,444.2786,295.2662,-99
10377316488,444.2871,298.3923,-99
10377349821,444.2513,300.2065,-99
10377383154,444.8731,302.8503,-99
10377416487,444.8088,304.4681,-99
10377449820,444.6144,307.0283,-99
10377483153,445.2539,308.6885,-99
10377516486,444.6045,310.5847,-99
10377549819,445.0529,313.8663,-99
10377583152,444.9562,316.7781,-99
10377616485,444.9148,319.2756,-99
10377649818,444.7797,322.2551,-99
10377683151,444.3841,324.9066,-99
10377716484,443.8327,326.7782,-99
10377749817,444.3528,329.11,-99
10377783150,446.4136,331.9627,-99
10377816483,447.6797,332.516,-99
10377849816,448.1209,332.0733,-99
10377883149,445.3692,333.0789,-99
10377916482,444.9332,335.6349,-99
10377949815,442.5529,337.3718,-99
10377983148,442.8651,337.0833,-99
10378016481,441.8799,337.498,-99
10378049814,440.45,337.8404,-99
10378083147,439.4362,339.2191,-99
10378116480,438.8497,339.714,-99
10378149813,438.8693,340.4432,-99
10378183146,436.1436,333.9503,-99
10378216479,439.4884,342.6073,-99
10378249812,438.5197,344.6353,-99
10378283145,436.893,345.0562,-99
10378316478,435.2758,344.8937,-99
10378349811,434.1501,344.6091,-99
10378383144,431.703,344.5749,-99
10378416477,429.9505,343.0182,-99
10378449810,428.5114,343.2468,-99
10378483143,427.0568,342.7704,-99
10378516476,425.7863,342.6565,-99
10378549809,424.1878,342.3909,-99
10378583142,423.1653,343.088,-99
10378616475,421.1176,345.7421,-99
10378649808,420.0944,345.8876,-99
10378683141,419.2546,349.7963,-99
10378716474,418.8867,352.0937,-99
10378749807,418.3553,354.432,-99
10378783140,417.6825,357.3389,-99
10378816473,417.7092,359.8613,-99
10378849806,418.0752,362.0529,-99
10378883139,417.62,363.6314,-99
10378916472,416.8492,362.219,-99
10378949805,417.0249,364.2181,-99
10378983138,416.4059,361.8967,-99
10379016471,414.9497,357.2914,-99
10379049804,413.08,356.7486,-99
10379083137,411.6761,361.4883,-99
10379116470,411.7386,363.9129,-99
10379149803,413.1852,364.037,-99
10379183136,415.2025,359.9705,-99
10379216469,415.5247,363.1977,-99
10379249802,415.2458,365.0337,-99
10379283135,415.608,365.5803,-99
10379316468,415.3721,366.3925,-99
10379349801,414.9777,365.838,-99
10379383134,415.6158,362.8022,-99
10379416467,416.5944,360.2648,-99
10379449800,416.1159,359.1589,-99
10379483133,415.0528,362.9883,-99
10379516466,416.218,364.2244,-99
10379549799,416.1016,363.2299,-99
10379583132,416.0195,365.2451,-99
10379615544,416.1168,363.545,-99
10379648877,416.0822,366.0227,-99
10379682210,415.0104,366.0627,-99
10379715543,413.5207,364.1176,-99
10379748876,412.7713,363.5471,-99
10379782209,411.8753,363.4195,-99
10379815542,410.9247,363.7694,-99
10379848875,410.4494,363.7718,-99
10379882208,410.4009,363.2731,-99
10379915541,410.3571,363.8733,-99
10379948874,410.5121,365.4493,-99
10379982207,410.804,364.9317,-99
10380015540,411.0705,365.5903,-99
10380048873,411.8375,367.2122,-99
10380082206,412.0966,367.8503,-99
10380115539,413.0347,368.151,-99
10380148872,414.5025,366.9852,-99
10380182205,416.0471,367.8194,-99
10380215538,417.7104,369.403,-99
10380248871,418.6478,370.613,-99
10380282204,418.2661,369.1803,-99
10380315537,414.6818,359.0151,-99
10380348870,415.0816,360.7687,-99
10380382203,415.5833,365.6417,-99
10380415536,415.4021,368.0699,-99
10380448869,416.9385,366.8246,-99
10380482202,415.266,361.6946,-99
10380515535,415.0547,367.005,-99
10380548868,415.2227,370.3974,-99
10380582201,414.9747,372.9873,-99
10380615534,416.2143,374.7222,-99
10380648867,417.8228,374.1224,-99
10380682200,418.0221,373.9911,-99
10380715533,419.1485,374.869,-99
10380748866,419.5263,373.8708,-99
10380782199,419.7089,372.723,-99
10380815532,419.1615,369.7019,-99
10380848865,419.08,373.32,-99
10380882198,418.7421,375.2976,-99
10380915531,418.687,374.7554,-99
10380948864,419.9046,375.3282,-99
10380982197,420.7903,375.5968,-99
10381015530,420.4669,376.4669,-99
10381048863,421.7038,376.2021,-99
10381082196,423.244,375.0212,-99
10381115529,423.616,374.1202,-99
10381148862,423.2024,372.9155,-99
10381182195,422.1476,371.2707,-99
10381215528,420.0918,369.8673,-99
10381248861,418.4422,369.6136,-99
10381284491,416.9304,368.7892,-99
10381317824,415.3863,367.3123,-99
10381351157,414.5613,366.2509,-99
10381384490,412.7364,366.0061,-99
10381417823,412.2864,366.4472,-99
10381451156,415.4132,370.5331,-99
10381484489,414.7225,365.4595,-99
10381517822,414.5052,362.456,-99
10381551155,413.1007,362.8489,-99
10381584488,411.2719,362.3374,-99
10381617821,410.1848,360.0532,-99
10381651154,408.5173,359.3372,-99
10381684487,407.3259,358.2519,-99
10381717820,405.1703,355.9124,-99
10381751153,404.1039,355.2899,-99
10381784486,401.7846,356.5309,-99
10381817819,400.8674,357.1348,-99
10381851152,400.9134,358.8009,-99
10381884485,400.2164,361.5609,-99
10381917818,399.7352,363.8771,-99
10381951151,398.9453,366.4926,-99
10381984484,397.4307,370.2059,-99
10382017817,396.1849,372.2803,-99
10382051150,393.8571,374.4286,-99
10382084483,392.5992,375.2069,-99
10382117816,390.2292,376.7162,-99
10382151149,387.1144,379.607,-99
10382184482,384.5013,381.3029,-99
10382217815,381.3495,383.7751,-99
10382251148,378.6737,382.0663,-99
10382284481,375.2491,387.9341,-99
10382317814,372.6997,388.5215,-99
10382351147,370.748,387.4959,-99
10382384480,368.8705,387.1415,-99
10382417813,367.8243,387.5082,-99
10382451146,366.3886,388.8578,-99
10382484479,364.8024,389.1904,-99
10382517812,363.2742,390.208,-99
10382551145,361.3546,390.1064,-99
10382584478,359.5583,390.4367,-99
10382617811,356.9691,392.0387,-99
10382651144,354.3449,391.5186,-99
10382684477,351.1295,392.3046,-99
10382717810,347.2418,393.0856,-99
10382751143,344.2103,391.8294,-99
10382784476,341.6523,391.1659,-99
10382817809,339.3227,391.0545,-99
10382851142,338.0965,390.104,-99
10382884475,335.7763,388.6532,-99
10382917808,334.5674,386.7047,-99
10382951828,331.9131,385.7094,-99
10382985161,328.1419,385.0212,-99
10383018494,326.2594,384.341,-99
10383051827,324.3236,384.3758,-99
10383085160,322.3682,384.9521,-99
10383118493,320.2978,386.3089,-99
10383151826,319.0713,386.914,-99
10383185159,317.1663,388.7951,-99
10383218492,314.7856,390.2102,-99
10383251825,312.2521,392.0826,-99
10383285158,310.1887,393.0943,-99
10383318491,308.7006,393.8811,-99
10383351824,308.3196,393.9018,-99
10383385157,306.0961,394.2517,-99
10383418490,303.4395,394.0247,-99
10383451823,301.2647,393.2873,-99
10383485156,297.5441,393.0839,-99
10383518489,295.8922,392.9027,-99
10383551822,294.3021,392.7894,-99
10383585155,292.6459,393.0779,-99
10383618488,291.7114,393.3136,-99
10383651821,290.4403,392.8097,-99
10383685154,290.0048,392.4772,-99
10383718487,289.0076,391.6853,-99
10383751820,288.0076,391.0761,-99
10383785153,285.3925,390.2683,-99
10383818486,285.4764,389.5966,-99
10383851819,284.4945,389.221,-99
10383885152,284.557,388.6995,-99
10383918485,284.8054,387.5813,-99
10383951818,284.1172,386.7865,-99
10383985151,284.371,384.914,-99
10384018484,282.2949,383.949,-99
10384051817,281.3069,383.7859,-99
10384085150,280.9077,383.8901,-99
10384118483,278.9268,385.1353,-99
10384151816,277.5353,385.9271,-99
10384185149,276.3599,386.819,-99
10384218482,274.4475,387.1692,-99
10384251815,272.475,387.5229,-99
10384285148,270.749,387.6328,-99
10384318481,268.2339,387.9979,-99
10384351814,267.2556,387.0762,-99
10384385147,265.5561,385.6368,-99
10384418480,264.2471,383.7185,-99
10384451813,263.1299,382.594,-99
10384485146,262.286,380.3913,-99
10384518479,260.463,378.9239,-99
10384551812,258.6111,378.62,-99
10384585145,257.1667,377.6351,-99
10384618478,254.1982,377.1871,-99
10384651811,251.1245,377.0021,-99
10384685144,248.8013,376.9542,-99
10384718477,246.8588,376.5625,-99
10384751810,246.3154,376.4501,-99
10384785143,246.5244,375.1722,-99
10384818476,246.6951,373.1683,-99
10384851809,245.1476,371.1881,-99
10384885142,243.8654,369.1462,-99
10384918475,243.1069,368.0594,-99
10384951808,242.4667,367.9931,-99
10384985141,240.5954,368.7651,-99
10385018474,237.8297,369.6714,-99
10385051807,236.0782,370.5332,-99
10385085140,234.6927,370.8285,-99
10385118473,232.8419,370.7595,-99
10385151806,232.3705,370.721,-99
10385185139,233.0327,369.5955,-99
10385218472,232.5795,367.6631,-99
10385251805,231.0392,365.2917,-99
10385285138,230.1278,363.1554,-99
10385318471,229.7023,361.2325,-99
10385351804,229.9262,359.6738,-99
10385385137,228.3317,358.1634,-99
10385418470,227.8111,356.5069,-99
10385451803,226.5926,355.2123,-99
10385485136,224.4752,353.3924,-99
10385518469,224.5495,352.2624,-99
10385551802,222.6692,350.3333,-99
10385585135,221.9911,348.6481,-99
10385618468,221.5789,347.7018,-99
10385651801,221.2525,346.9388,-99
10385685134,220.8217,345.3253,-99
10385718467,219.0756,344.1461,-99
10385751800,220.1415,343.6523,-99
10385785133,219.8964,343.886,-99
10385818466,220.35,343.6905,-99
10385851799,219.7984,344.4489,-99
10385885132,219.4504,344.2468,-99
10385918465,217.9071,343.8087,-99
10385951798,216.2633,343.4495,-99
10385985131,214.4661,343.8672,-99
10386018464,212.7668,344.5844,-99
10386051797,211.7857,344.9566,-99
10386085130,211.2154,344.8974,-99
10386118463,209.941,344.2629,-99
10386151796,209.199,343.6047,-99
10386185129,208.6266,342.7569,-99
10386218462,207.5304,341.0958,-99
10386251795,208.2179,339.7482,-99
10386284926,207.3032,338.4597,-99
10386318259,207.3573,337.3027,-99
10386351592,208.891,336.2071,-99
10386384925,209.5887,334.5553,-99
10386418258,208.6751,332.1914,-99
10386451591,209.1974,329.7051,-99
10386484924,207.8769,327.0769,-99
10386518257,207.2329,325.1469,-99
10386551590,204.6847,322.7074,-99
10386584923,203.8223,320.9841,-99
10386618256,201.1758,318.9222,-99
10386651589,199.6142,317.0919,-99
10386684922,197.0381,314.0599,-99
10386718255,196.8098,312.7841,-99
10386751588,194.9436,309.782,-99
10386784921,193.9819,307.876,-99
10386818254,193.9223,305.9198,-99
10386851587,193.2915,302.4087,-99
10386884920,192.5776,298.6692,-99
10386918253,192.8725,297.029,-99
10386951586,191.6475,294.4075,-99
10386984919,189.7263,291.9868,-99
10387018252,189.1884,290.3352,-99
10387051585,186.9128,289.2736,-99
10387084918,185.0083,286.279,-99
10387118251,182.8919,285.86,-99
10387151584,181.5383,284.0355,-99
10387184917,179.446,282.5486,-99
10387218250,179.7103,282.0282,-99
10387251583,178.842,279.5185,-99
10387284916,180.2879,278.946,-99
10387318249,182.8102,277.4412,-99
10387351582,184.1384,275.5847,-99
10387384915,185.7935,273.4867,-99
10387418248,187.1821,271.7872,-99
10387451581,188.2248,271.4393,-99
10387484914,187.2579,267.7658,-99
10387518247,186.205,265.354,-99
10387551580,185.9443,263.4791,-99
10387584913,183.9951,259.6296,-99
10387618246,183.1108,256.8763,-99
10387651579,182.9465,254.6084,-99
10387684912,183.8963,252.3802,-99
10387718245,184.3058,251.133,-99
10387751578,185.2189,249.4852,-99
10387784911,186.7057,249.6567,-99
10387818244,187.8913,250.0239,-99
10387851577,188.3324,250.0135,-99
10387884910,188.3657,249.9726,-99
10387918243,187.7614,248.297,-99
10387959655,187.4229,246.8936,-99
10387992988,186.5741,244.2646,-99
10388026321,186.2943,242.8753,-99
10388059654,185,240.4922,-99
10388092987,184.7962,239.6863,-99
10388126320,184.952,239.1103,-99
10388159653,185.8739,237.6697,-99
10388192986,186.9515,236.8597,-99
10388226319,187.734,234.4527,-99
10388259652,189.0505,233.637,-99
10388292985,190.3622,232.0394,-99
10388326318,191.011,229.9199,-99
10388359651,192.5495,229.2865,-99
10388392984,192.6658,227.063,-99
10388426317,192.8161,225.2021,-99
10388459650,192.5447,221.6842,-99
10388492983,193.2161,220.4266,-99
10388526316,193.0199,217.788,-99
10388559649,193.7231,216.3978,-99
10388592982,193.9594,214.7615,-99
10388626315,195.6633,214.2628,-99
10388659648,196.9872,213.6684,-99
10388692981,199.2415,212.9738,-99
10388726314,201.0457,212.6129,-99
10388759647,202.5263,212.1496,-99
10388792980,203.956,211.4423,-99
10388826313,203.6354,209.5052,-99
10388859646,203.2712,207.404,-99
10388892979,202.4524,205.246,-99
10388926312,201.0482,201.8754,-99
10388959645,200.9173,201.1525,-99
10388992978,199.7047,197.7047,-99
10389026311,200.2134,197.5682,-99
10389059644,201.0951,197.0171,-99
10389092977,202.3443,196.1139,-99
10389126310,202.582,193.4917,-99
10389159643,204.1843,192.6742,-99
10389192976,205.3127,189.5426,-99
10389226309,206.0434,188.0948,-99
10389259642,206.3883,185.5736,-99
10389292975,207.7201,184.8533,-99
10389326308,208.7513,181.4721,-99
10389359641,209.5606,180.2845,-99
10389392974,210.2561,177.5526,-99
10389426307,212.0162,177.2776,-99
10389459640,213.3854,173.4736,-99
10389492973,215.2593,172.7937,-99
10389526306,216.2443,172.8352,-99
10389559639,217.3655,171.9123,-99
10389592972,218.2573,170.9971,-99
10389626305,218.4888,171.1854,-99
10389659638,219.2297,171.446,-99
10389692971,220.1675,170.3909,-99
10389726304,221.127,169.209,-99
10389759637,221.1761,168.6,-99
10389792970,220.9335,168.1618,-99
10389826303,220.4116,165.8315,-99
10389859636,219.1247,165.1671,-99
10389892969,217.9045,165.3024,-99
10389926302,217.1383,164.7234,-99
10389959635,216.3972,162.4988,-99
10389992968,215.2523,161.229,-99
10390026301,214.8348,160.4732,-99
10390059634,213.7523,160.2362,-99
10390092967,214.3357,159.3548,-99
10390126300,215.3333,158.2374,-99
10390159633,215.9672,157.5948,-99
10390192966,217.2573,158.8592,-99
10390226299,217.4303,160.3582,-99
10390259632,217.6126,162.5,-99
10390292965,218.2753,162.3712,-99
10390326298,218.916,162.3537,-99
10390359631,220.4356,161.3787,-99
10390392964,220.5685,161.3387,-99
10390426297,220.8412,161.8223,-99
10390459630,219.8827,162.9203,-99
10390492963,219.6733,162.8044,-99
10390526296,219.471,163.4955,-99
10390559629,219.7763,162.7671,-99
10390592962,220.3348,162.7299,-99
10390626295,221.2974,162.9377,-99
10390659628,221.4467,163.7273,-99
10390692961,221.9805,163.91,-99
10390726294,221.7475,164.9116,-99
10390759627,221.6514,165.145,-99
10390792960,221.305,164.535,-99
10390826293,220.4557,163.7188,-99
10390859626,219.0655,162.5291,-99
10390892959,217.5231,162.4185,-99
10390926292,216.0756,162.139,-99
10390959625,215.3325,161.6993,-99
10390992958,214.8697,161.346,-99
10391026291,215.4086,160.3088,-99
10391059624,215.9431,159.6374,-99
10391092957,217.0243,159.4199,-99
10391126290,217.1368,160.0721,-99
10391159623,217.8083,159.8834,-99
10391192956,218.5093,161.0477,-99
10391226289,218.894,160.6189,-99
10391259622,219.1573,160.0979,-99
10391294361,218.9885,158.9107,-99
10391327694,218.2104,157.4957,-99
10391361027,218.2429,157.4746,-99
10391394360,217.4645,156.3225,-99
10391427693,216.5769,155.8269,-99
10391461026,216.0627,155.604,-99
10391494359,215.2614,155.2705,-99
10391527692,214.5565,154.0952,-99
10391561025,213.0734,153.9548,-99
10391594358,211.6172,153.4505,-99
10391627691,210.3762,153.6609,-99
10391661024,209.1995,153.8918,-99
10391694357,208.1574,153.4005,-99
10391727690,208.0813,153.9306,-99
10391761023,207.9716,153.4337,-99
10391794356,208.5798,153.7764,-99
10391827689,209.2335,155.0448,-99
10391861022,210.2183,156.2793,-99
10391894355,211.5976,157.253,-99
10391927688,212.4627,157.8209,-99
10391961021,213.6073,158.861,-99
10391994354,214.7869,160.2421,-99
10392027687,215.4498,160.9874,-99
10392061020,215.7013,161.4494,-99
10392094353,215.8307,161.4974,-99
10392127686,215.6701,160.8909,-99
10392161019,214.4746,160.3756,-99
10392194352,213.8193,160.1374,-99
10392227685,213.695,159.5225,-99
10392261018,212.6948,159.7146,-99
10392294351,211.6852,158.4625,-99
10392327684,211.3,157.5816,-99
10392361017,210.774,157.4889,-99
10392394350,210.6349,157.3016,-99
10392427683,211.0622,157.1632,-99
10392461016,211.4215,156.4435,-99
10392494349,211.5983,154.7416,-99
10392527682,211.1681,154.0087,-99
10392561015,211.2351,153.2521,-99
10392594348,211.4891,152.1246,-99
10392627681,210.3705,151.0393,-99
10392661014,209.6524,150.9939,-99
10392694347,209.4652,150.6044,-99
10392727680,209.2274,150.3278,-99
10392761013,209.3558,151.2097,-99
10392794346,209.1818,152.8218,-99
10392827679,209.6128,154.5421,-99
10392861012,210.5705,155.8624,-99
10392894345,211.5926,156.7623,-99
10392927678,212.604,156.9934,-99
10392961011,212.5799,157.6285,-99
10392994344,213.5586,158.2733,-99
10393027677,213.1793,158.6723,-99
10393061010,213.2301,159.3245,-99
10393094343,213.532,160.2965,-99
10393127676,214.5659,161.8901,-99
10393161009,215.9658,163.2479,-99
10393194342,216.8524,163.7125,-99
10393227675,218.4684,164.724,-99
10393261008,219.4479,165.7057,-99
10393294341,220.0025,167.3042,-99
10393327674,220.9766,169.1172,-99
10393361007,221.0925,169.52,-99
10393394340,221.0951,171.0027,-99
10393427673,220.4306,170.7679,-99
10393461006,220.2474,171.2083,-99
10393494339,219.8282,170.7,-99
10393527672,219.7698,170.6772,-99
10393561005,219.943,170.1254,-99
10393594338,220.0934,170.7904,-99
10393627671,220.4611,171.4343,-99
10393661004,220.2423,171.3015,-99
10393694337,220.215,172.5881,-99
10393727670,220.6524,172.7273,-99
10393761003,221.665,172.1511,-99
10393794336,221.969,172.1814,-99
10393827669,222.1288,171.6187,-99
10393861002,221.8167,171.9838,-99
10393894335,221.8521,171.8521,-99
10393927668,221.621,171.6735,-99
10393961001,221.7903,171.0783,-99
10393994334,221.5286,170.2445,-99
10394027667,220.4906,170.714,-99
10394061000,220.9571,170.2446,-99
10394094333,221.4818,170.2099,-99
10394127666,221.5357,169.6853,-99
10394160999,221.0601,170.6266,-99
10394194332,221.2523,171.0405,-99
10394227665,221.6344,171.3678,-99
10394260998,221.628,171.8271,-99
10394294331,222.4417,171.4955,-99
10394327664,223.6832,170.3877,-99
10394360997,223.6268,169.5829,-99
10394394330,223.8243,169.2351,-99
10394427663,222.7875,170.1275,-99
10394460996,222.4828,170.6499,-99
10394494329,222.0563,171.3861,-99
10394527662,220.6127,172.0434,-99
10394560995,220.6926,170.3634,-99
10394594328,220.473,169.4426,-99
10394629990,220.8082,168.7158,-99
10394663323,220.1217,166.8973,-99
10394696656,218.9647,166.5373,-99
10394729989,217.9625,167.412,-99
10394763322,217.4034,168.0621,-99
10394796655,216.3422,167.6312,-99
10394829988,216.3117,168.0714,-99
10394863321,216.583,167.7385,-99
10394896654,215.9868,165.7181,-99
10394929987,215.8111,165.0507,-99
10394963320,215.6364,164.5909,-99
10394996653,216.2649,164.7784,-99
10395029986,216.0392,164.2811,-99
10395063319,217.2,165.76,-99
10395096652,218.3813,166.0144,-99
10395129985,218.1908,166.9313,-99
10395163318,218.922,168.9291,-99
10395196651,219.326,170.6906,-99
10395229984,220.8788,174.947,-99
10395263317,221.1054,176.9048,-99
10395296650,221.6431,179.09,-99
10395329983,221.5876,180.9774,-99
10395363316,221.9755,182.7364,-99
10395396649,222.6127,183.8786,-99
10395429982,222.4929,185.3966,-99
10395463315,222.2069,186.0747,-99
10395496648,222.1046,186.5294,-99
10395529981,221.4191,186.4653,-99
10395563314,222.0456,187.1661,-99
10395596647,221.7037,188.0895,-99
10395629980,222.0331,188.8121,-99
10395663313,221.9341,188.8797,-99
10395696646,221.2838,190.0486,-99
10395729979,221.6139,191.6306,-99
10395763312,221.4658,193.4368,-99
10395796645,221.0394,194.6503,-99
10395829978,221.3442,195.603,-99
10395863311,221.4442,196.5757,-99
10395896644,221.6432,197.4078,-99
10395929977,220.6626,197.7325,-99
10395963310,219.89,197.4859,-99
10395996643,218.9386,197.5749,-99
10396029976,218.8385,197.6988,-99
10396063309,218.7136,196.0947,-99
10396096642,218.522,195.978,-99
10396129975,219.9921,195.2263,-99
10396163308,220.683,194.6881,-99
10396196641,221.5348,193.9947,-99
10396229974,221.1433,193.9085,-99
10396263307,221.7823,193.3123,-99
10396300547,222.0292,192.3539,-99
10396333880,221.8733,191.0445,-99
10396367213,221.624,188,-99
10396400546,221.2039,184.7524,-99
10396433879,220.6133,182.7156,-99
10396467212,220.6846,180.9875,-99
10396500545,219.8268,178.0315,-99
10396533878,218.9818,175.3832,-99
10396567211,217.4332,171.3502,-99
10396600544,216.0464,168.0607,-99
10396633877,213.9114,164.476,-99
10396667210,211.75,161.3864,-99
10396700543,209.1412,158.2748,-99
10396733876,207.0655,156.3862,-99
10396767209,204.9645,155.4516,-99
10396800542,204.3163,155.2831,-99
10396833875,204.4478,154.8901,-99
10396867208,205.1615,155.5248,-99
10396900541,206.4804,155.8822,-99
10396933874,207.7729,154.9115,-99
10396967207,209.4507,154.9493,-99
10397000540,212.1631,155.3565,-99
10397033873,214.4959,154.1545,-99
10397067206,216.9254,153.3149,-99
10397100539,218.5353,154.4471,-99
10397133872,219.1349,155.209,-99
10397167205,219.9419,157.2904,-99
10397200538,220.399,159.4171,-99
10397233871,222.0432,159.8847,-99
10397267204,223.0613,161.117,-99
10397300537,223.6091,162.3225,-99
10397333870,223.8877,163.2842,-99
10397367203,224.1462,163.6412,-99
10397400536,223.8333,164.1378,-99
10397433869,224.6054,164.6898,-99
10397467202,225.7278,166.877,-99
10397500535,226.7005,166.7917,-99
10397533868,227.8782,165.0959,-99
10397567201,227.9348,164.2068,-99
10397600534,227.9487,162.3,-99
10397633867,228.8971,160.5371,-99
10397667200,230.0387,157.9072,-99
10397700533,231.435,156.3729,-99
10397733866,232.4149,154.7128,-99
10397767199,233.4419,153.3127,-99
10397800532,234.448,152.9493,-99
10397833865,234.4361,153.5,-99
10397867198,234.391,153.2473,-99
10397900531,235.5283,153.2965,-99
10397933864,236.0057,153.22,-99
10397969525,236.0663,153.2308,-99
10398002858,237.3003,151.9347,-99
10398036191,237.595,149.4825,-99
10398069524,237.9184,148.3579,-99
10398102857,237.9297,146.9401,-99
10398136190,238.0234,145.6354,-99
10398169523,237.8519,144.6217,-99
10398202856,238.1791,144.0796,-99
10398236189,239.0141,144.3634,-99
10398269522,239.5733,144.9306,-99
10398302855,241.3097,145.0157,-99
10398336188,243.0617,145.2735,-99
10398369521,244.9699,145.4672,-99
10398402854,247.5239,144.883,-99
10398436187,249.5427,145.0854,-99
10398469520,251.783,143.4478,-99
10398502853,253.8756,141.4162,-99
10398536186,256.3111,137.5778,-99
10398569519,258.8058,136.21,-99
10398602852,261.064,132.944,-99
10398636185,262.8011,132.5464,-99
10398669518,264.802,132.7563,-99
10398702851,266.9412,133.8048,-99
10398736184,267.7317,135.3171,-99
10398769517,268.1075,136.7093,-99
10398802850,269.4875,137.9443,-99
10398836183,270.4499,138.313,-99
10398869516,271.25,138.0781,-99
10398902849,273.5527,136.6478,-99
10398936182,275.1938,134.9302,-99
10398969515,276.8464,132.0863,-99
10399002848,278.4044,128.1475,-99
10399036181,278.3226,126.5012,-99
10399069514,278.982,124.2861,-99
10399102847,279.9663,123.8675,-99
10399136180,280.9034,123.0227,-99
10399169513,281.2683,123.9865,-99
10399202846,282.4748,124.1538,-99
10399236179,284.6337,125.3605,-99
10399269512,286.1448,126.459,-99
10399302845,287.3887,127.893,-99
10399336178,289.4888,128.4413,-99
10399369511,290.4421,128.7921,-99
10399402844,292.9003,129.2283,-99
10399436177,295.8034,129.2593,-99
10399469510,298.9299,128.2938,-99
10399502843,302.0026,127.5974,-99
10399536176,304.6092,126.6146,-99
10399569509,307.4041,125.6113,-99
10399602842,309.8542,125.0511,-99
10399636175,312.4874,124.0227,-99
10399669508,313.2677,124.5833,-99
10399702841,313.5507,125.2812,-99
10399736174,314.3478,125.4373,-99
10399769507,314.739,125.9457,-99
10399802840,316.1257,125.6337,-99
10399836173,317.6658,125.9866,-99
10399869506,318.5875,125.8747,-99
10399902839,319.8463,126.0677,-99
10399936172,320.1926,125.0296,-99
10399969505,321.6469,127.1966,-99
10400002838,323.5529,127.8842,-99
10400036171,325.8445,128.7491,-99
10400069504,327.5695,130.0313,-99
10400102837,328.9732,130.1161,-99
10400136170,330.3892,129.1134,-99
10400169503,333.1316,129.1658,-99
10400202836,335.4543,130.0806,-99
10400236169,337.7798,129.8405,-99
10400269502,339.5567,129.8454,-99
10400302835,341.8046,129.6992,-99
10400336168,343.5475,129.3175,-99
10400369501,345.5343,129.3946,-99
10400402834,347.9927,129.2482,-99
10400436167,349.9897,129.3625,-99
10400469500,352.8627,129.8431,-99
10400502833,355.5951,130.7407,-99
10400536166,358.3426,131.1411,-99
10400569499,360.5585,132.6489,-99
10400602832,361.2161,133.0139,-99
10400636165,362.2365,133.5014,-99
10400669498,362.6854,134.4663,-99
10400702831,363.4321,134.608,-99
10400736164,364.3802,133.8914,-99
10400769497,364.484,132.8577,-99
10400802830,364,130.7237,-99
10400836163,363.8509,129.7636,-99
10400869496,364.2131,127.5574,-99
10400902829,364.9266,125.5714,-99
10400936162,364.4559,125.4816,-99
10400969495,365.37,123.07,-99
10401002828,365.3558,122.4419,-99
10401036161,365.2611,122.1051,-99
10401069494,365.6216,121.6277,-99
10401102827,366.7206,122.2235,-99
10401136160,368.2841,122.347,-99
10401169493,369.8942,121.961,-99
10401202826,371.4121,122.2277,-99
10401236159,372.4196,122.0536,-99
10401269492,372.6334,123.6712,-99
10401298653,373.0544,124.553,-99
10401331986,373.4536,126.7268,-99
10401365319,374.4296,129.2425,-99
10401398652,375.2634,131.4942,-99
10401431985,376.4017,133.869,-99
10401465318,377.2935,136.9217,-99
10401498651,379.9095,139.8747,-99
10401531984,382.3167,142.6425,-99
10401565317,385.059,144.4385,-99
10401598650,386.6317,146.0672,-99
10401631983,388.7592,148.2487,-99
10401665316,391.1586,150.7442,-99
10401698649,394.5413,152.1766,-99
10401731982,397.9339,152.9233,-99
10401765315,400.0413,153.292,-99
10401798648,402.3493,153.0986,-99
10401831981,404.0948,152.9483,-99
10401865314,405.5308,153.1261,-99
10401898647,407.6676,153.7688,-99
10401931980,410.0971,154.8971,-99
10401965313,411.7769,156.1916,-99
10401998646,414.006,158.3363,-99
10402031979,416.5434,159.7171,-99
10402065312,418.4492,161.9706,-99
10402098645,420.9355,163.9795,-99
10402131978,422.2841,166.0739,-99
10402165311,423.9494,167.2163,-99
10402198644,425.6012,168.3786,-99
10402231977,426.8361,169.3716,-99
10402265310,427.9833,169.5153,-99
10402298643,429.7255,170.451,-99
10402331976,431.329,172.2824,-99
10402365309,432.8152,174.7684,-99
10402398642,434.758,177.3758,-99
10402431975,437.2627,178.8896,-99
10402465308,439.8425,180.2697,-99
10402498641,442.8088,181.2618,-99
10402531974,445.1274,182.6748,-99
10402565307,446.195,185.3107,-99
10402598640,447.2638,188.1673,-99
10402631973,447.7354,189.2473,-99
10402665306,447.7909,190.7809,-99
10402698639,448.1094,191.6692,-99
10402731972,448.4977,192.7731,-99
10402765305,448.8096,193.1357,-99
10402798638,448.9274,194.3629,-99
10402831971,449.5866,195.0508,-99
10402865304,451.8481,194.5043,-99
10402898637,453.6656,196.4827,-99
10402931970,455.4766,197.6053,-99
10402977351,456.2469,198.3985,-99
10403010684,457.0592,200.8451,-99
10403044017,458.3925,204.4556,-99
10403077350,458.6888,206.6125,-99
10403110683,459.1627,208.9659,-99
10403144016,458.4676,210.1111,-99
10403177349,457.9675,210.9827,-99
10403210682,456.9825,213.976,-99
10403244015,456.3794,216.2225,-99
10403277348,456.1628,217.934,-99
10403310681,454.7371,220.6808,-99
10403344014,454.5588,223.6923,-99
10403377347,453.3831,225.9495,-99
10403410680,452.1945,229.6047,-99
10403444013,452.6874,232.9186,-99
10403477346,453.3333,234.3473,-99
10403510679,453.4989,236.9007,-99
10403544012,455.8706,238.4118,-99
10403577345,457.9767,239.8746,-99
10403610678,459.8921,242.1746,-99
10403644011,462.8478,243.6335,-99
10403677344,464.7546,244.1564,-99
10403710677,465.7692,246.1391,-99
10403744010,465.7177,248.4952,-99
10403777343,465.757,250.1236,-99
10403810676,464.8417,252.4656,-99
10403844009,463.9044,253.7771,-99
10403877342,462.7484,255.3992,-99
10403910675,461.3354,257.5081,-99
10403944008,460.8555,259.7995,-99
10403977341,461.8095,261.0551,-99
10404010674,462.2236,262.0846,-99
10404044007,464.0619,263.9412,-99
10404077340,466.8207,265.3435,-99
10404110673,468.6667,266.142,-99
10404144006,470.7809,266.4127,-99
10404177339,472.6075,267.0156,-99
10404210672,472.8433,266.8933,-99
10404244005,471.1049,269.0927,-99
10404277338,471.5112,269.6966,-99
10404310671,471.5157,270.9654,-99
10404344004,470.625,272.0875,-99
10404377337,471.3143,272.2825,-99
10404410670,469.6505,273.2634,-99
10404444003,468.2249,274.3608,-99
10404477336,467.8889,275.4537,-99
10404510669,466.8857,276.6357,-99
10404544002,465.9091,277.6268,-99
10404577335,465.1646,277.7675,-99
10404610668,464.2598,278.3402,-99
10404644001,464.8257,278.3005,-99
10404677334,464.8,278.2195,-99
10404710667,464.6755,279.0177,-99
10404744000,463.9683,279.9625,-99
10404777333,462.8694,280.2278,-99
10404810666,461.8246,281.9945,-99
10404843999,459.4936,280.6115,-99
10404877332,458.3252,281.5123,-99
10404910665,457.4344,285.905,-99
10404943998,458.4507,287.7324,-99
10404977331,457.1968,285.6385,-99
10405010664,456.0878,279.8732,-99
10405043997,457.1176,280.9853,-99
10405077330,457,284.982,-99
10405110663,455.3554,286.4218,-99
10405143996,457.0109,288,-99
10405177329,458.5192,286.3558,-99
10405210662,456.6943,282.0393,-99
10405243995,453.678,279.339,-99
10405277328,454.9075,281.7046,-99
10405310661,454.3495,283.7799,-99
10405343994,453.2331,280.0593,-99
10405377327,450.1667,275.7408,-99
10405410660,450.3125,277.3906,-99
10405443993,450.2558,277.2248,-99
10405477326,450.5291,275.7267,-99
10405510659,449.4396,278.4686,-99
10405543992,449.566,284.3849,-99
10405577325,450.6308,285.5807,-99
10405610658,449.8889,284.9326,-99
10405643991,449.2325,285.3567,-99
10405677324,446.9338,284.1501,-99
10405710657,447.2868,282.9926,-99
10405743990,447.2128,282.8643,-99
10405777323,446.442,282.6388,-99
10405810656,445.9378,282.0596,-99
10405843989,445.4501,282.6573,-99
10405877322,444.8253,281.8962,-99
10405910655,444.3747,281.0734,-99
10405943988,443.2132,280.941,-99
10405977321,443.6704,280.4507,-99
10406010654,442.8847,280.8781,-99
10406043987,443.3963,280.5042,-99
10406077320,443.3953,280.6538,-99
10406110653,443.9432,281.3035,-99
10406143986,443.1593,282.0461,-99
10406177319,443.2993,282.0603,-99
10406210652,443.0208,282.8199,-99
10406243985,443.3501,283.5378,-99
10406277318,444.0765,284.1097,-99
10406306479,445.25,284.9775,-99
10406339812,446.9594,287.0254,-99
10406373145,448.5233,287.7383,-99
10406406478,450.6625,289.0453,-99
10406439811,452.3744,289.5105,-99
10406473144,453.9969,289.454,-99
10406506477,456.0797,290.135,-99
10406539810,456.2958,289.8901,-99
10406573143,457.1643,290.3286,-99
10406606476,457.4252,290.7097,-99
10406639809,459.085,292.8462,-99
10406673142,460.2707,295.7569,-99
10406706475,459.7828,294.2677,-99
10406739808,458.5294,291.8382,-99
10406773141,456.5419,290.7484,-99
10406806474,457.748,291.626,-99
10406839807,461.4068,295.757,-99
10406873140,457.8065,291.9032,-99
10406906473,460.5057,293.1264,-99
10406939806,461.2416,293.3932,-99
10406973139,458.6865,291.2143,-99
10407006472,459.5494,291.4032,-99
10407039805,460.008,291.028,-99
10407073138,461.6148,290.8638,-99
10407106471,462.5309,290.1127,-99
10407139804,464.2247,289.3034,-99
10407173137,463.8379,289.2079,-99
10407206470,461.9971,288.1188,-99
10407239803,459.7954,286.1559,-99
10407273136,459.5285,287.3474,-99
10407306469,458.6651,288.3086,-99
10407339802,458.1273,288.0114,-99
10407373135,456.9471,288.0253,-99
10407406468,454.7676,288.047,-99
10407439801,450.6383,283.7149,-99
10407473134,451.0221,283.7647,-99
10407506467,451.4448,284.5552,-99
10407539800,452.9593,285.1407,-99
10407573133,451.45,285.9063,-99
10407606466,450.8716,286.9865,-99
10407639799,448.086,285.957,-99
10407673132,447.103,286.0628,-99
10407706465,447,286.5089,-99
10407739798,447.1021,287.551,-99
10407773131,446.7234,288.4236,-99
10407806464,447.6867,288.6842,-99
10407839797,448.0819,290.3373,-99
10407873130,447.9901,292.037,-99
10407906463,448.6132,293.0849,-99
10407939796,448.8495,294.1156,-99
10407970597,448.7688,295.3414,-99
10408003930,448.3093,295.7733,-99
10408037263,445.739,297.2194,-99
10408070596,443.6483,299.2,-99
10408103929,444.7868,300.2921,-99
10408137262,444.2026,301.0737,-99
10408170595,443.5434,303.5153,-99
10408203928,442.6366,306.0338,-99
10408237261,442.8989,308.242,-99
10408270594,442.8315,309.6906,-99
10408303927,442.1796,312.2762,-99
10408337260,442.5671,314.2274,-99
10408370593,442.6454,315.2857,-99
10408403926,442.5518,316.6813,-99
10408437259,441.2956,317.9383,-99
10408470592,439.9651,318.9302,-99
10408503925,439.3172,320.8279,-99
10408537258,439.5904,323.4578,-99
10408570591,439.0127,324.5841,-99
10408603924,436.7686,324.5914,-99
10408637257,436.6667,327.7046,-99
10408670590,435.9015,330.6058,-99
10408703923,435.3041,332.069,-99
10408737256,434.35,333.8,-99
10408770589,434.1309,336.0336,-99
10408803922,435.0852,336.7035,-99
10408837255,435.7404,337.5769,-99
10408870588,435.3484,338.2226,-99
10408903921,434.3801,339.5055,-99
10408937254,434.4971,338.3972,-99
10408970587,432.7183,338.7578,-99
10409003920,433.4286,341.5162,-99
10409037253,432.9197,343.0912,-99
10409070586,431.314,342.7469,-99
10409103919,429.7709,341.9757,-99
10409137252,428.1743,343.9539,-99
10409170585,426.7577,344.7113,-99
10409203918,425.6597,347.4861,-99
10409237251,425.0739,349.0323,-99
10409270584,424.4387,349.3799,-99
10409303917,423.1297,351.7217,-99
10409337250,421.2352,353.6389,-99
10409370583,420.0266,354.7681,-99
10409403916,418.0115,355.0208,-99
10409437249,416.2991,356.4509,-99
10409470582,415.7442,357.0488,-99
10409503915,413.9457,357.5157,-99
10409537248,413.8262,358.9824,-99
10409570581,412.8892,359.4138,-99
10409603914,411.7967,361.3759,-99
10409646046,410.4595,362.0262,-99
10409679379,409.3655,364.3954,-99
10409712712,408.7332,364.2892,-99
10409746045,408.5907,365.3884,-99
10409779378,408.6383,366.9787,-99
10409812711,409.6039,369.1497,-99
10409846044,410.5039,371.031,-99
10409879377,412.0029,374.2012,-99
10409912710,413.9327,379.8386,-99
10409946043,414.306,377.75,-99
10409979376,411.9156,371.1446,-99
10410012709,412.9691,370.7778,-99
10410046042,416.5991,375.9858,-99
10410079375,420.3355,379.1414,-99
10410112708,420.7752,379.8876,-99
10410146041,421.4488,379.0153,-99
10410179374,421.0944,378.235,-99
10410212707,420.7038,378.3539,-99
10410246040,419.4019,378.3704,-99
10410279373,418.805,378.1357,-99
10410312706,418.6983,377.056,-99
10410346039,417.9844,377.9889,-99
10410379372,417.8041,376.9551,-99
10410412705,418.5649,375.9615,-99
10410446038,418.598,375.3077,-99
10410479371,417.4634,373.4969,-99
10410512704,417.4937,374.6063,-99
10410546037,416.9433,374.4149,-99
10410579370,414.8438,371.362,-99
10410612703,413.1432,370.4191,-99
10410646036,412.0417,367.5741,-99
10410679369,410.4572,365.7516,-99
10410712702,409.0045,364.5045,-99
10410746035,408.425,362.4072,-99
10410779368,407.5472,361.6395,-99
10410812701,407.6781,361.8562,-99
10410846034,407.6588,360.5842,-99
10410879367,408.4861,361.2153,-99
10410912700,409.1718,363.0978,-99
10410946033,410.4377,364.4127,-99
10410979366,411.7884,366.6882,-99
10411012699,414.3862,369.3013,-99
10411046032,418.4527,371.7004,-99
10411079365,423.2018,374.4587,-99
10411112698,427.9912,376.4355,-99
10411146031,434.2674,379.4319,-99
10411179364,438.9322,380.9774,-99
10411212697,443.1363,381.5572,-99
10411246030,447.3505,381.1061,-99
10411279363,450.48,381.6433,-99
10411318243,453.3517,380.369,-99
10411351576,455.4403,378.9712,-99
10411384909,463.5359,380.2365,-99
10411418242,466.0659,379.7425,-99
10411451575,468.5409,378.731,-99
10411484908,469.7111,377.9365,-99
10411518241,469.7263,378.9263,-99
10411551574,470.1076,379.3692,-99
10411584907,469.8626,378.9735,-99
10411618240,469.9069,379.5515,-99
10411651573,469.479,379.0537,-99
10411684906,469.9854,379.5061,-99
10411718239,470.4367,379.0422,-99
10411751572,470.297,379.5569,-99
10411784905,470.9899,379.2886,-99
10411818238,470.7117,379.1126,-99
10411851571,470.4763,378.7156,-99
10411884904,469.9516,379.3456,-99
10411918237,468.7315,379.7963,-99
10411951570,467.4378,380.1429,-99
10411984903,466.6683,379.2064,-99
10412018236,465.3152,378.8288,-99
10412051569,463.5363,379.0838,-99
10412084902,462.2599,379.4972,-99
10412118235,460.6541,379.8946,-99
10412151568,459.4477,380.3834,-99
10412184901,458.1865,381.3886,-99
10412218234,454.9913,381.1744,-99
10412251567,455.208,380.6695,-99
10412284900,453.8188,382.8993,-99
10412318233,452.7831,383.6175,-99
10412351566,452.0189,384.305,-99
10412384899,451.0385,385.0804,-99
10412418232,450.9028,384.1003,-99
10412451565,451.9575,384.1242,-99
10412484898,451.0971,384.3597,-99
10412518231,450.6895,385.0847,-99
10412551564,449.6434,384.2831,-99
10412584897,448.9721,382.5975,-99
10412618230,449.2472,384.1402,-99
10412651563,448.8138,385.1943,-99
10412684896,448.437,384.7148,-99
10412718229,448.1723,384.6854,-99
10412751562,446.4055,383.1615,-99
10412784895,442.972,383.6608,-99
10412818228,442.2273,382.6075,-99
10412851561,440.2701,380.4343,-99
10412884894,438.0103,379.0756,-99
10412918227,440.3499,379.0029,-99
10412951560,440.3875,378.9919,-99
10412984893,440.7027,379.727,-99
10413018226,440.2946,379.627,-99
10413051559,438.7959,380.7364,-99
10413084892,437.4075,381.4626,-99
10413118225,437.3553,381.5307,-99
10413151558,436.9955,381.4966,-99
10413184891,436.7121,381.4044,-99
10413218224,436.6607,381.5236,-99
10413251557,436.0757,381.3624,-99
10413284890,435.8745,381.2952,-99
10413318223,435.039,380.7641,-99
10413351556,435.0782,379.2911,-99
10413384889,432.2268,374.4028,-99
10413418222,431.4035,374.6667,-99
10413451555,432.132,378.934,-99
10413484888,432.1865,377.8968,-99
10413518221,433.1735,381.0091,-99
10413551554,433.8069,381.794,-99
10413584887,432.359,381.4542,-99
10413618220,431.3903,378.4188,-99
10413651553,430.8263,378.4006,-99
10413684886,429.907,377.9331,-99
10413718219,429.6688,376.2229,-99
10413751552,428.7564,375.0032,-99
10413784885,427.9822,376.72,-99
10413818218,422.573,376.4769,-99
10413851551,418.7582,371.0696,-99
10413884884,413,364.6407,-99
10413918217,413.9704,368.3889,-99
10413951550,414.2848,365.3627,-99
10413984883,413.8465,362.1302,-99
10414018216,415.3986,364.058,-99
10414051549,416.5597,363.7686,-99
10414084882,416.9469,367.118,-99
10414118215,417.3975,368.1553,-99
10414151548,417.4948,367.3333,-99
10414184881,415.8584,365.7422,-99
10414218214,415.6053,367.6228,-99
10414251547,415.6263,365.4624,-99
10414284880,412.3475,366.9835,-99
10414318213,410.7619,367.2476,-99
10414351546,410.9352,365.5634,-99
10414384879,410.0088,366.3069,-99
10414418212,410.6279,365.7019,-99
10414451545,410.4313,364.9446,-99
10414484878,409.8283,361.6502,-99
10414518211,409.3102,361.3579,-99
10414551544,408.122,361.504,-99
10414584877,407.4004,359.911,-99
10414618210,406.7213,358.7461,-99
10414653872,407.2372,358.493,-99
10414687205,406.7795,359.5249,-99
10414720538,405.9054,361.7413,-99
10414753871,404.8619,361.1483,-99
10414787204,404.5043,360.1348,-99
10414820537,404.3222,360.6674,-99
10414853870,404.543,362.1041,-99
10414887203,403.9517,364.5868,-99
10414920536,404.9102,365.4137,-99
10414953869,404.8929,367.0204,-99
10414987202,404.5364,367.7159,-99
10415020535,404.0305,369.4859,-99
10415053868,402.9196,371.098,-99
10415087201,402.5427,371.6882,-99
10415120534,401.0363,372.5578,-99
10415153867,399.9856,374.7115,-99
10415187200,399.8125,375.22,-99
10415220533,400.2092,377.9235,-99
10415253866,401.2627,381.197,-99
10415287199,402.5126,382.9314,-99
10415320532,403.1801,382.0836,-99
10415353865,404.0035,383.6608,-99
10415387198,404.9614,384.5333,-99
10415420531,405.2889,384.9689,-99
10415453864,405.7245,384.1645,-99
10415487197,403.863,378.7329,-99
10415520530,405.7556,381.2444,-99
10415553863,410.6335,388.3975,-99
10415587196,411.0236,388.9941,-99
10415620529,410.8393,390.2449,-99
10415653862,410.1861,391.1345,-99
10415687195,409.3069,391.9846,-99
10415720528,408.4635,393.2761,-99
10415753861,407.3414,393.0631,-99
10415787194,405.3539,393.1236,-99
10415820527,403.461,393.1264,-99
10415853860,400.7018,391.1581,-99
10415887193,398.7284,390.6473,-99
10415920526,395.742,389.7514,-99
10415953859,393.0829,387.6629,-99
10415987192,390.6792,385.7237,-99
10416020525,388.8552,385.3483,-99
10416053858,385.9575,387.4442,-99
10416087191,383.2885,387.3582,-99
10416120524,379.6857,387.0769,-99
10416153857,377.7044,386.0933,-99
10416187190,376.1552,385.0931,-99
10416220523,373.8677,384.334,-99
10416253856,372.9038,383.9658,-99
10416287189,372.5908,383.7425,-99
10416320522,371.416,383.7794,-99
10416353855,370.2917,384.8417,-99
10416387188,370.0981,385.5117,-99
10416420521,368.9341,387.4418,-99
10416453854,368.7271,388.3727,-99
10416487187,367.1029,390.3992,-99
10416520520,366.3256,390.9619,-99
10416553853,365.8262,391.8857,-99
10416587186,363.7847,391.9976,-99
10416620519,360.8886,391.9432,-99
10416653852,358.1106,391.4094,-99
10416687185,355.0816,391.2494,-99
10416720518,352.5214,391.0095,-99
10416753851,350.4306,390.3301,-99
10416787184,348.2806,389.8686,-99
10416820517,345.1573,390.1884,-99
10416853850,342.8492,391.5474,-99
10416887183,339.7202,393.6194,-99
10416920516,337.3231,395.6296,-99
10416953849,334.5894,397.2787,-99
10416987182,331.7766,398.8872,-99
10417020515,329.8071,399.4235,-99
10417053848,326.9881,399.1456,-99
10417087181,324.4671,398.9507,-99
10417120514,322.4583,399.1467,-99
10417153847,320.92,398.8777,-99
10417187180,319.6956,398.5034,-99
10417220513,317.0389,398.9978,-99
10417253846,315.3093,399.2627,-99
10417287179,313.5877,400.6723,-99
10417320512,313.2303,401.2261,-99
10417353845,313.4963,401.7345,-99
10417387178,312.2692,402.6106,-99
10417420511,310.1663,401.5162,-99
10417453844,307.6188,399.3525,-99
10417487177,305.6848,398.7996,-99
10417520510,304.1274,397.1412,-99
10417553843,304.4988,396.8345,-99
10417587176,303.6828,395.8087,-99
10417620509,301.3168,395.8582,-99
10417653842,300.3064,395.5787,-99
10417687175,299.8991,396.294,-99
10417720508,298.6863,397.7736,-99
10417753841,297.1354,399.2328,-99
10417787174,295.2857,399.6637,-99
10417820507,293.9106,399.8682,-99
10417853840,293,399.0245,-99
10417887173,291.9266,398.0756,-99
10417920506,292.0945,396.8525,-99
10417953839,290.8038,395.9314,-99
10417988547,289.7202,394.3165,-99
10418021880,286.663,393.2838,-99
10418055213,283.7064,392.3286,-99
10418088546,282.213,391.8392,-99
10418121879,280.9755,391.2924,-99
10418155212,280.3086,391.6775,-99
10418188545,279.1691,391.6691,-99
10418221878,277.4005,392.3094,-99
10418255211,275.1591,392.6318,-99
10418288544,273.0851,392.8085,-99
10418321877,270.8014,392.7896,-99
10418355210,268.8548,392.3372,-99
10418388543,266.2681,391.5618,-99
10418421876,263.3311,389.5534,-99
10418455209,260.7791,387.9116,-99
10418488542,257.7052,386.7936,-99
10418521875,255.2327,384.1723,-99
10418555208,253.4099,383.5408,-99
10418588541,252.3294,384.0166,-99
10418621874,250.489,384.0073,-99
10418655207,249.3965,383.4557,-99
10418688540,248.1226,382.7716,-99
10418721873,247.3795,382.6349,-99
10418755206,247.802,381.7054,-99
10418788539,247.7653,380.2042,-99
10418821872,246.922,379.5711,-99
10418855205,246.0784,378.799,-99
10418888538,243.8904,377.5388,-99
10418921871,241.5204,376.757,-99
10418955204,239.7602,376.409,-99
10418988537,238.5526,376.099,-99
10419021870,237.0774,375.8409,-99
10419055203,235.4133,374.9289,-99
10419088536,234.5718,372.5388,-99
10419121869,233.7252,370.4665,-99
10419155202,230.764,368.5152,-99
10419188535,229.8983,366.2792,-99
10419221868,229.4,364.9303,-99
10419255201,228.3052,363.9394,-99
10419288534,226.672,363.3326,-99
10419321867,225.4519,362.8389,-99
10419355200,224.0067,362.7534,-99
10419388533,222.6244,362.7149,-99
10419421866,220.9748,362.6544,-99
10419455199,219.7333,362.7425,-99
10419488532,219.6325,363.4463,-99
10419521865,219.201,363.7663,-99
10419555198,218.0683,362.4146,-99
10419588531,217.5134,360.4088,-99
10419621864,216.4127,358.5215,-99
10419655197,216.0065,356.3101,-99
10419688530,216.4169,354.8923,-99
10419721863,216.2705,353.7053,-99
10419755196,215.2476,352.3702,-99
10419788529,213.9646,351.5778,-99
10419821862,213.149,351.1875,-99
10419855195,212.8326,350.6768,-99
10419888528,211.872,348.157,-99
10419921861,212.6552,347.4778,-99
10419955194,213.8301,345.5957,-99
10419988527,216.0852,344.6466,-99
10420021860,217.5188,343.1805,-99
10420055193,217.9977,341.7049,-99
10420088526,217.1105,340.2399,-99
10420121859,217.1857,339.1908,-99
10420155192,216.5912,338.8978,-99
10420188525,215.187,338.7182,-99
10420221858,213.6118,338.6364,-99
10420255191,212.0637,338.625,-99
10420288524,210.8929,338.455,-99
10420321857,209.5804,337.7366,-99
10420355190,208.4066,337.1938,-99
10420388523,206.9926,336.1758,-99
10420421856,207.2296,335.4974,-99
10420455189,205.97,334.1575,-99
10420488522,206.3568,334.4648,-99
10420521855,204.6551,331.9626,-99
10420555188,204.8189,330.2854,-99
10420588521,202.9466,326.7791,-99
10420621854,203.0793,324.844,-99
10420655187,201.8894,321.8541,-99
10420688520,200.752,318.7097,-99
10420721853,200.0893,317.9949,-99
10420755186,198.5625,314.3542,-99
10420788519,197.2578,312.6627,-99
10420821852,195.3461,310.0076,-99
10420855185,194.5955,306.6533,-99
10420888518,193.3546,304.3546,-99
10420921851,193.6448,301.6448,-99
10420955184,194.8021,298.115,-99
10420988517,195.9116,295.255,-99
10421021850,196.3028,293.4402,-99
10421055183,195.6459,289.9094,-99
10421088516,196.5185,289.7309,-99
10421121849,195.4872,287.3393,-99
10421155182,193.8293,286.2818,-99
10421188515,192.4591,284.4094,-99
10421221848,189.3944,282.3833,-99
10421255181,188.6801,281.7582,-99
10421288514,187.0306,279.2857,-99
10421322535,186.2572,278.1286,-99
10421355868,187.7016,277.089,-99
10421389201,187.932,277.1159,-99
10421422534,187.1451,274.9229,-99
10421455867,188.5655,272.0777,-99
10421489200,188.2792,268.7056,-99
10421522533,188.5571,267.0326,-99
10421555866,187.6807,263.9035,-99
10421589199,186.6246,260.467,-99
10421622532,185.4986,257.8148,-99
10421655865,185.2787,255.071,-99
10421689198,185.6139,252.2158,-99
10421722531,184.8309,248.2536,-99
10421755864,186.2303,246.6713,-99
10421789197,187.9704,244.0963,-99
10421822530,187.6912,241.1529,-99
10421855863,189.7935,239.5,-99
10421889196,190.009,236.7245,-99
10421922529,191.144,235.4213,-99
10421955862,192.0824,236.1165,-99
10421989195,192.3431,236.3842,-99
10422022528,191.9199,236.5341,-99
10422055861,191.457,236.4273,-99
10422089194,191.6236,235.7022,-99
10422122527,191.3917,234.7778,-99
10422155860,190.5868,234.1026,-99
10422189193,189.87,234.55,-99
10422222526,189.3509,234.8972,-99
10422255859,188.7845,234.2406,-99
10422289192,188.4901,234.8812,-99
10422322525,188.4694,234.5842,-99
10422355858,187.7717,235.2432,-99
10422389191,188.6144,234.301,-99
10422422524,189.5714,233.6454,-99
10422455857,191.0193,233.0024,-99
10422489190,191.529,233.6125,-99
10422522523,192.2094,233.702,-99
10422555856,193.0642,233.9185,-99
10422589189,193.2645,234.3627,-99
10422622522,193.5051,234.3687,-99
10422655855,193.3308,234.0985,-99
10422689188,192.5769,234.4471,-99
10422722521,191.9056,234.4311,-99
10422755854,191.7769,234.3737,-99
10422789187,191.0283,234.2391,-99
10422822520,190.5269,234.1828,-99
10422855853,190.8495,234.4005,-99
10422889186,190.3422,233.9629,-99
10422922519,190.5995,234.2231,-99
10422955852,190.5933,234.513,-99
10422989185,190.7415,234.1593,-99
10423022518,190.8518,234.7186,-99
10423055851,191.2429,234.2145,-99
10423089184,191.4352,234.4988,-99
10423122517,191.7533,235.2572,-99
10423155850,191.4366,234.4568,-99
10423189183,191.7682,235.1797,-99
10423222516,191.5125,235.3125,-99
10423255849,191.6882,235.8345,-99
10423289182,191.7062,235.5975,-99
10423322515,191.746,236.0531,-99
10423355848,191.8741,235.6927,-99
10423389181,191.8582,236.2057,-99
10423422514,192.1315,235.8933,-99
10423455847,193.2415,235.9372,-99
10423489180,194.03,236.1405,-99
10423522513,195.6526,236.3052,-99
10423555846,198.5241,235.1886,-99
10423589179,200.3411,235.8224,-99
10423622512,201.5506,235.9951,-99
10423655845,202.4645,236.8104,-99
10423689178,202.9683,237.422,-99
10423722511,202.5515,237.5767,-99
10423755844,202.9555,237.8899,-99
10423789177,202.2357,237.2605,-99
10423822510,201.597,237.2544,-99
10423855843,200.8598,238.119,-99
10423889176,200.7739,237.5,-99
10423922509,201.1941,237.8706,-99
10423955842,201.209,238.9791,-99
10423989175,201.464,239.6402,-99
10424022508,202.1662,240.8417,-99
10424055841,202.6218,241.4289,-99
10424089174,203.2769,241.3974,-99
10424122507,203.6226,241.1956,-99
10424155840,204.587,240.7247,-99
10424189173,204.6841,237.4727,-99
10424222506,203.9495,237.3936,-99
10424255839,203.6183,236.543,-99
10424289172,201.133,232.9719,-99
10424322505,200.1365,232.8031,-99
10424355838,197.6487,228.859,-99
10424389171,197.1647,227.5365,-99
10424422504,196.7447,225.2947,-99
10424455837,195.6931,221.6436,-99
10424489170,195.8005,219.0563,-99
10424522503,196.487,217.2292,-99
10424555836,196.6948,213.5732,-99
10424589169,196.4389,209.4314,-99
10424622502,197.1392,206.6405,-99
10424663711,198.439,203.3896,-99
10424697044,200.0186,200.1379,-99
10424730377,201.6444,197.1111,-99
10424763710,201.9951,193.8098,-99
10424797043,203.1059,192.8114,-99
10424830376,203.4714,190.0729,-99
10424863709,204.8678,188.7741,-99
10424897042,204.8294,187.5276,-99
10424930375,205.3912,185.4097,-99
10424963708,206.3236,185.3024,-99
10424997041,207.2915,185.4387,-99
10425030374,209.0811,184.7838,-99
10425063707,210.7778,182.6312,-99
10425097040,212.5925,181.8613,-99
10425130373,216.656,178.406,-99
10425163706,218.8995,176.7989,-99
10425197039,221.1736,176.5078,-99
10425230372,222.9762,175.9471,-99
10425263705,224.6046,175.7475,-99
10425297038,226.7744,174.9795,-99
10425330371,229.0809,173.2115,-99
10425363704,230.4501,170.3966,-99
10425397037,232.144,168.2201,-99
10425430370,233.5777,165.0109,-99
10425463703,234.7098,162.1762,-99
10425497036,236.1809,158.9147,-99
10425530369,237.8667,156.6231,-99
10425563702,239.5438,155.1141,-99
10425597035,241.777,153.4632,-99
10425630368,243.072,153.664,-99
10425663701,244.3476,152.9459,-99
10425697034,245.7805,151.981,-99
10425730367,246.7377,150.7818,-99
10425763700,247.928,149.3002,-99
10425797033,248.793,149.1774,-99
10425830366,249.849,147.013,-99
10425863699,251.6711,145.4085,-99
10425897032,254.1169,145.038,-99
10425930365,256.4667,143.4583,-99
10425963698,259.599,141.208,-99
10425997031,263.4934,140.0923,-99
10426030364,266.505,138.0075,-99
10426063697,268.7481,138.0327,-99
10426097030,270.7953,138.456,-99
10426130363,272.3658,138.9106,-99
10426163696,274.3968,139.9048,-99
10426197029,277.5544,140.0829,-99
10426230362,279.6277,139.7101,-99
10426263695,282.5951,138.837,-99
10426297028,285.5496,136.9705,-99
10426330361,287.4286,136.5221,-99
10426363694,289.7946,134.5513,-99
10426397027,291.2097,132.6371,-99
10426430360,292.5452,131.4703,-99
10426463693,294.0791,128.699,-99
10426497026,296.2135,127.5677,-99
10426530359,298.0919,124.8898,-99
10426563692,299.8579,124.0026,-99
10426597025,301.3544,122.5873,-99
10426630358,302.5593,121.2857,-99
10426663691,294.3879,145.7063,-99
10426697024,285.0615,173.125,-99
10426730357,285.9395,174.3888,-99
10426763690,292.5353,163.6401,-99
10426797023,314.4533,122.568,-99
10426830356,316.3568,123.8315,-99
10426863689,319.4047,124.5718,-99
10426897022,322.9086,125.5013,-99
10426930355,326.7761,125.9008,-99
10426963688,330.349,125.9501,-99
10426997021,333.2623,126.4645,-99
10427030354,334.8123,127.3342,-99
10427063687,337.0659,127.8813,-99
10427097020,339.3879,127.7078,-99
10427130353,340.8827,127.512,-99
10427163686,342.6086,127.3737,-99
10427197019,344.4296,126.5493,-99
10427230352,346.2247,125.7259,-99
10427263685,347.1049,125.2327,-99
10427297018,347.6387,124.5343,-99
10427330351,350.0052,124.8582,-99
10427363684,352.9645,124.4746,-99
10427397017,355.766,124.6527,-99
10427430350,359.3954,124.9209,-99
10427463683,362.1737,124.8789,-99
10427497016,364.0027,125.4904,-99
10427530349,365.0952,126.0827,-99
10427563682,367.0479,126.5491,-99
10427597015,369.2842,126.3378,-99
10427630348,370.7465,125.9192,-99
10427663681,372.0135,125.8916,-99
10427697014,373.2657,126.2685,-99
10427730347,374.3932,126.7725,-99
10427763680,375.6301,127.0636,-99
10427797013,377.2072,128.8895,-99
10427830346,379.3398,129.3872,-99
10427863679,381.641,130.9574,-99
10427897012,384.4821,132.5359,-99
10427930345,386.4601,134.6064,-99
10427963678,388.0503,136.1985,-99
10427996089,390.0788,138.5571,-99
10428029422,391.5066,140.0053,-99
10428062755,393.2853,141.1219,-99
10428096088,394.893,142.1925,-99
10428129421,397.5941,142.3978,-99
10428162754,399.966,141.8385,-99
10428196087,402.0959,141.2712,-99
10428229420,403.4068,141.1234,-99
10428262753,404.4566,141.3251,-99
10428296086,406.4971,140.9914,-99
10428329419,408.043,141.4986,-99
10428362752,410.5916,142.7808,-99
10428396085,412.7075,143.5851,-99
10428429418,413.3194,145.5995,-99
10428462751,414.7861,149.1322,-99
10428496084,416.4439,150.6348,-99
10428529417,417.882,153.4977,-99
10428562750,419.5263,154.6789,-99
10428596083,422.1198,156.4791,-99
10428629416,423.7238,159.0773,-99
10428662749,425.5107,162.1478,-99
10428696082,428.5485,164.9363,-99
10428729415,430.5948,167.3532,-99
10428762748,433.1549,169.2507,-99
10428796081,434.0191,170.7295,-99
10428829414,435.1464,171.2542,-99
10428862747,436.5115,172.8161,-99
10428896080,437.2385,174.3744,-99
10428929413,437.2429,176.5214,-99
10428962746,437.5986,178.6821,-99
10428996079,437.5344,180.1628,-99
10429029412,438.0247,181.4866,-99
10429062745,438.5605,184.2883,-99
10429096078,438.4707,186.7762,-99
10429129411,439.3573,188.8871,-99
10429162744,440.1753,192.3897,-99
10429196077,441.5766,193.2311,-99
10429229410,443.5638,194.5836,-99
10429262743,445.5591,196.513,-99
10429296076,446.7989,197.4958,-99
10429329409,447.7946,199.8216,-99
10429362742,448.9717,203.5259,-99
10429396075,449.9677,205.6751,-99
10429429408,451.1877,208.5273,-99
10429462741,452.7684,211.1047,-99
10429496074,454.2213,212.3255,-99
10429529407,455.6915,215.8072,-99
10429562740,457.0089,218.8817,-99
10429596073,458.2405,221.5572,-99
10429629406,458.9943,223.7429,-99
10429671537,459.7876,224.8758,-99
10429704870,460.3784,225.6877,-99
10429738203,460.6582,228.1215,-99
10429771536,460.4682,230.3718,-99
10429804869,460.0644,232.4592,-99
10429838202,458.95,233.9021,-99
10429871535,458.2325,235.1535,-99
10429904868,457.1353,236.7295,-99
10429938201,456.7764,238.7992,-99
10429971534,456.8699,240.4512,-99
10430004867,456.3044,242.412,-99
10430038200,456.8333,245.4329,-99
10430071533,458.8016,247.231,-99
10430104866,460.1335,249.9938,-99
10430138199,462.061,252.3567,-99
10430171532,463.6079,254.2827,-99
10430204865,466.8104,255.685,-99
10430238198,468.4523,255.7477,-99
10430271531,468.8093,258.1804,-99
10430304864,469.0357,260.5691,-99
10430338197,468.0983,262.4367,-99
10430371530,466.9485,263.8367,-99
10430404863,466.0905,264.8455,-99
10430438196,464.6,266.3848,-99
10430471529,463.0492,268.6913,-99
10430504862,461.7321,270.6605,-99
10430538195,460.0046,272.2968,-99
10430571528,459.4952,274.2488,-99
10430604861,460.3526,274.8678,-99
10430638194,459.1416,276.2065,-99
10430671527,459.0829,277.5055,-99
10430704860,459.6696,278.6842,-99
10430738193,460.5932,280.295,-99
10430771526,461.1407,280.4159,-99
10430804859,461.1497,280.8842,-99
10430838192,461.071,281.8989,-99
10430871525,460.375,282.7639,-99
10430904858,459.8182,284.0381,-99
10430938191,458.7437,285.195,-99
10430971524,457.4577,285.701,-99
10431004857,457.2729,285.6377,-99
10431038190,456.8997,285.6792,-99
10431071523,457.7232,285.6409,-99
10431104856,457.4733,286.2697,-99
10431138189,454.9488,281.1395,-99
10431171522,457.6358,283.341,-99
10431204855,458.8524,290.6381,-99
10431238188,457.4967,290.01,-99
10431271521,464.0698,297.0233,-99
10431304854,464.2464,294.1111,-99
10431338187,463.6056,292.3286,-99
10431371520,461.6298,291.0808,-99
10431404853,454.514,285.4358,-99
10431438186,453.8675,291.0769,-99
10431471519,456.1242,293.6397,-99
10431504852,453.0231,294.448,-99
10431538185,451.9312,295.3639,-99
10431571518,450.7444,296.1629,-99
10431604851,450.1588,297.8524,-99
10431638184,449.5172,298.3793,-99
10431671517,448.3441,300.6721,-99
10431704850,447.6798,303.5786,-99
10431738183,448.8564,304.9807,-99
10431771516,450.7249,305.6035,-99
10431804849,451.4954,304.8807,-99
10431838182,451.0824,304.4206,-99
10431871515,451.255,306.443,-99
10431904848,450.6753,306.8745,-99
10431938181,449.8216,306.7658,-99
10431971514,449.742,305.6019,-99
10432004847,448.4704,304.6635,-99
10432038180,448.2265,304.5353,-99
10432071513,447.6179,303.994,-99
10432104846,447.7195,303.575,-99
10432138179,448.0138,302.449,-99
10432171512,446.709,300.7139,-99
10432204845,446.0916,301.297,-99
10432238178,445.6485,302.4381,-99
10432271511,445.1479,301.7019,-99
10432304844,445.2686,301.1483,-99
10432338177,445.2776,300.2938,-99
10432371510,443.6642,299.0732,-99
10432404843,442.3947,299.8,-99
10432438176,440.3688,300.3853,-99
10432471509,439.895,300.5932,-99
10432504842,439.8867,300.4723,-99
10432538175,439.5829,299.8024,-99
10432571508,440.3784,300.4152,-99
10432604841,441.268,301.2159,-99
10432638174,442.8487,302.3923,-99
10432671507,444.8191,302.0831,-99
10432704840,447.0189,302.0402,-99
10432738173,448.1067,301.9165,-99
10432771506,449.0274,301.6708,-99
10432804839,449.0102,302.1705,-99
10432838172,449.6083,304.3323,-99
10432871505,450.3259,305.2205,-99
10432904838,450.4913,305.6237,-99
10432938171,450.6863,305.0923,-99
10432971504,450.2207,305.4897,-99
10432994883,448.9756,304.542,-99
10433028216,448.2617,305.1818,-99
10433061549,446.8045,304.7669,-99
10433094882,446.73,304.2676,-99
10433128215,445.9063,304.0796,-99
10433161548,444.6998,303.8085,-99
10433194881,444.3094,304.3515,-99
10433228214,443.7253,304.1015,-99
10433261547,443.4183,303.7957,-99
10433294880,443.8248,304.3333,-99
10433328213,444.4679,305.6203,-99
10433361546,445.6859,307.0468,-99
10433394879,446.707,307.9167,-99
10433428212,448.8876,308.639,-99
10433461545,449.9015,309.1739,-99
10433494878,452.4236,310.4236,-99
10433528211,454.824,310.7341,-99
10433561544,455.3035,310.2588,-99
10433594877,456.4013,309.6958,-99
10433628210,455.3585,308.2679,-99
10433661543,452.0877,309.0421,-99
10433694876,452.5558,311.1116,-99
10433728209,450.5728,311.5632,-99
10433761542,449.2337,312.3831,-99
10433794875,449.0764,312.8843,-99
10433828208,448.7819,313.2201,-99
10433861541,447.1041,313.3632,-99
10433894874,442.3728,310.3903,-99
10433928207,443.5705,311.0128,-99
10433961540,444.2606,315.119,-99
10433994873,445.9164,316.808,-99
10434028206,444.7283,316.6301,-99
10434061539,441.7832,317.0077,-99
10434094872,439.6896,317.9898,-99
10434128205,438.0594,320.261,-99
10434161538,435.8083,321.9353,-99
10434194871,434.9153,323.3576,-99
10434228204,434.4073,322.4244,-99
10434261537,433.5177,322.8965,-99
10434294870,432.7775,322.12,-99
10434328203,432.0579,324.0756,-99
10434361536,430.4052,324.5425,-99
10434394869,430.3333,326.1457,-99
10434428202,429.6773,326.6944,-99
10434461535,428.3674,328.1884,-99
10434494868,427.0718,329.3947,-99
10434528201,425.6732,331.5209,-99
10434561534,423.0945,332.659,-99
10434594867,421.5034,334.0483,-99
10434628200,419.9717,336.5142,-99
10434668034,418.0608,336.6306,-99
10434701367,417.7183,337.5939,-99
10434734700,416.1253,338.5479,-99
10434768033,415.8808,339.2798,-99
10434801366,415.8768,340.4445,-99
10434834699,415.9329,341.6331,-99
10434868032,415.5791,342.4647,-99
10434901365,415.4653,344.1227,-99
10434934698,415.2174,345.7208,-99
10434968031,413.601,348.0913,-99
10435001364,412.8649,349.9214,-99
10435034697,412.6084,352.6502,-99
10435068030,412.8404,353.73,-99
10435101363,413.3979,356.0995,-99
10435134696,412.5755,356.5156,-99
10435168029,411.4562,359.7406,-99
10435201362,410.9483,361.5167,-99
10435234695,409.4338,362.5268,-99
10435268028,408.6131,361.9951,-99
10435301361,407.9953,362.3153,-99
10435334694,408.3712,363.587,-99
10435368027,408.0877,364.9408,-99
10435401360,407.7066,366.5599,-99
10435434693,407.5995,367.9269,-99
10435468026,407.4348,369.156,-99
10435501359,409.0082,370.9044,-99
10435534692,410.0346,371.6321,-99
10435568025,410.0298,371.1623,-99
10435601358,410.8051,368.1144,-99
10435634691,409.186,363.1105,-99
10435668024,406.8636,369.7462,-99
10435701357,404.8376,370.9231,-99
10435734690,403.8884,373.2954,-99
10435768023,402.1163,372.8441,-99
10435801356,400.5718,372.7624,-99
10435834689,397.7265,373.1769,-99
10435868022,397.3647,371.906,-99
10435901355,397.3355,367.8882,-99
10435934688,395.8679,375.3786,-99
10435968021,393.7813,375.8807,-99
10436001354,391.4629,377.3144,-99
10436034687,389.2057,376.105,-99
10436068020,387.4517,375.4727,-99
10436101353,386.7943,372.9093,-99
10436134686,385.2579,371.4136,-99
10436168019,382.2683,371.6422,-99
10436201352,381.1034,369.7708,-99
10436234685,379.2559,369.5203,-99
10436268018,377.5778,370.4734,-99
10436301351,376.8493,372.2525,-99
10436340231,375.6065,374.1478,-99
10436373564,374.8858,376.5883,-99
10436406897,373.68,378.6758,-99
10436440230,372.2588,381.9565,-99
10436473563,370.8312,383.9458,-99
10436506896,368.8114,386.4605,-99
10436540229,368.1073,387.7694,-99
10436573562,365.2302,391.2698,-99
10436606895,363.2686,391.8643,-99
10436640228,359.5666,394.678,-99
10436673561,357.3283,394.7204,-99
10436706894,356.0744,392.606,-99
10436740227,353.1981,391.2174,-99
10436773560,350.7,390.6595,-99
10436806893,348.2867,390.5446,-99
10436840226,345.285,390.6232,-99
10436873559,341.6605,390.843,-99
10436906892,339.6267,390.6498,-99
10436940225,336.4249,390.7189,-99
10436973558,333.4512,391.3008,-99
10437006891,331.1656,391.8811,-99
10437040224,329.4687,392.8229,-99
10437073557,328.1153,393.4906,-99
10437106890,327.2798,393.8392,-99
10437140223,326.7662,393.8264,-99
10437173556,325.6628,392.9528,-99
10437206889,323.1686,392.6836,-99
10437240222,321.4207,390.7195,-99
10437273555,316.2516,390.2124,-99
10437306888,313.3015,389.7831,-99
10437340221,311.9636,389.287,-99
10437373554,309.6244,389.2737,-99
10437406887,307.1266,388.789,-99
10437440220,304.3068,388.7096,-99
10437473553,302.095,388.7171,-99
10437506886,299.2128,387.8766,-99
10437540219,296.673,387.635,-99
10437573552,294.4499,387.3305,-99
10437606885,292.5785,388.6495,-99
10437640218,290.8244,390.3867,-99
10437673551,289.9276,392.1606,-99
10437706884,288.1395,394.3348,-99
10437740217,287.1571,396.581,-99
10437773550,288.6864,397.7815,-99
10437806883,290.0566,398.5493,-99
10437840216,290.6506,397.7446,-99
10437873549,290.8305,396.8257,-99
10437906882,290.4525,395.66,-99
10437940215,289.7003,394.9312,-99
10437973548,289.2126,392.4903,-99
10438006881,289.59,390.516,-99
10438040214,290.1324,392.3162,-99
10438073547,290.11,391.8631,-99
10438106880,289.7487,391.9652,-99
10438140213,288.4573,391.8668,-99
10438173546,285.9715,391.1645,-99
10438206879,285.2974,390.7996,-99
10438240212,284.5218,390.4075,-99
10438273545,283.343,390.196,-99
10438306878,282.963,388.7124,-99
10438340211,282.15,387.8261,-99
10438373544,281.1602,386.1889,-99
10438406877,280.1384,385.1339,-99
10438440210,277.7901,383.6095,-99
10438473543,276.4955,382.1884,-99
10438506876,274.6742,381.0337,-99
10438540209,272.3154,380.4533,-99
10438573542,269.1435,380.3303,-99
10438606875,266.187,380.1103,-99
10438640208,262.7964,379.9713,-99
10438673541,260.4832,379.3333,-99
10438706874,258.1313,378.0688,-99
10438740207,255.9852,377.0506,-99
10438773540,255.1402,376.2967,-99
10438806873,254.9955,374.4174,-99
10438840206,254.046,373.6828,-99
10438873539,254.7813,371.9327,-99
10438906872,255.9246,371.7312,-99
10438940205,254.8235,370.7388,-99
10438973538,253.8369,370.952,-99
10439006871,252.1048,371.0934,-99
10439040204,250.5785,371.074,-99
10439073537,249.0546,371.3523,-99
10439106870,247.6376,371.6881,-99
10439140203,247.1522,371.1991,-99
10439173536,246.4112,370.8764,-99
10439206869,245.3318,370.6214,-99
10439240202,243.1964,368.8549,-99
10439273535,242.3651,367.7411,-99
10439306868,241.1185,366.8104,-99
10439340201,238.5069,364.382,-99
10439373534,237.3759,363.4289,-99
10439406867,236.8644,362.4943,-99
10439440200,234.385,360.7927,-99
10439473533,231.9107,359.4392,-99
10439506866,231.5934,358.5295,-99
10439540199,227.8042,356.5198,-99
10439573532,225.7143,355.6885,-99
10439606865,224.4249,354.3169,-99
10439640198,222.3693,353.2518,-99
10439672609,220.8506,352.0299,-99
10439705942,220.7429,351.6864,-99
10439739275,220.2569,350.9751,-99
10439772608,219.7327,350.5718,-99
10439805941,219.0931,350.6348,-99
10439839274,217.6489,350.4818,-99
10439872607,214.6833,350.3047,-99
10439905940,212.6564,350.7204,-99
10439939273,210.0916,351.2183,-99
10439972606,208.5569,352.3242,-99
10440005939,207.2581,353.2953,-99
10440039272,206.554,354.0623,-99
10440072605,207.1273,354.7477,-99
10440105938,208.6696,354.8259,-99
10440139271,209.4763,354.7539,-99
10440172604,209.4681,354.6808,-99
10440205937,209.536,354.1824,-99
10440239270,209.2943,353.988,-99
10440272603,207.9277,354.2075,-99
10440305936,208.0531,354.244,-99
10440339269,206.2233,354.6675,-99
10440372602,204.6929,354.6214,-99
10440405935,204.1919,354.6375,-99
10440439268,203.35,355.3625,-99
10440472601,203.6988,355.3671,-99
10440505934,203.709,355.3496,-99
10440539267,203.8831,356.0125,-99
10440572600,204.8329,355.6683,-99
10440605933,205.5012,355.9975,-99
10440639266,206.3284,355.5111,-99
10440672599,206.4888,354.9032,-99
10440705932,206.3022,354.7842,-99
10440739265,208.1662,354.8619,-99
10440772598,210.9197,354.3886,-99
10440805931,213.6872,354,-99
10440839264,214.9757,352.0351,-99
10440872597,216.861,351.2353,-99
10440905930,217.6648,348.1296,-99
10440939263,220.4442,346.1734,-99
10440972596,221.5157,344.4922,-99
10441005929,222.8591,344.271,-99
10441039262,222.5199,343.7813,-99
10441072595,223.226,343.5621,-99
10441105928,222.3873,343.3051,-99
10441139261,221.7712,343.1978,-99
10441172594,221.9137,343.5849,-99
10441205927,220.4257,343.5466,-99
10441239260,219.1814,344.3575,-99
10441272593,217.755,344.3525,-99
10441305926,215.9112,343.8046,-99
10441348058,213.9796,342.028,-99
10441381391,213.5238,342.1095,-99
10441414724,211.3207,340.5303,-99
10441448057,209.34,338.5125,-99
10441481390,209.5197,337.8747,-99
10441514723,208.892,337.6761,-99
10441548056,207.5332,337.5602,-99
10441581389,206.6208,336.8078,-99
10441614722,204.7941,334.8995,-99
10441648055,204.5314,334.3927,-99
10441681388,204.2847,334.8148,-99
10441714721,203.9579,335.6495,-99
10441748054,203.6853,335.8036,-99
10441781387,204.75,335.8341,-99
10441814720,204.6188,334.854,-99
10441848053,206.01,334.8421,-99
10441881386,207.4398,335.1425,-99
10441914719,208.587,335.9589,-99
10441948052,209.422,336.3463,-99
10441981385,210.2597,337.1747,-99
10442014718,209.9974,337.7912,-99
10442048051,209.4211,337.9925,-99
10442081384,208.0417,338.25,-99
10442114717,208.7257,338.8447,-99
10442148050,207.8281,339.3027,-99
10442181383,208.518,339.6374,-99
10442214716,207.7939,339.5644,-99
10442248049,208.067,339.3903,-99
10442281382,207.9446,339.4651,-99
10442314715,206.9447,338.407,-99
10442348048,207.955,338.655,-99
10442381381,207.5327,338.4246,-99
10442414714,207.8582,338.1598,-99
10442448047,208.4907,338.1333,-99
10442481380,208.4723,338.0053,-99
10442514713,209.6042,338.2058,-99
10442548046,208.9421,338.0895,-99
10442581379,209.415,338.4975,-99
10442614712,209.1127,339.5468,-99
10442648045,208.5251,339.7352,-99
10442681378,208.9696,340.8717,-99
10442714711,208.1456,340.1628,-99
10442748044,207.7146,339.6667,-99
10442781377,207.664,338.0538,-99
10442814710,209.6469,337.6588,-99
10442848043,209.0995,336.5398,-99
10442881376,208.1254,335.4758,-99
10442914709,207.0027,335.4536,-99
10442948042,206.2573,335.618,-99
10442981375,204.3921,335.6711,-99
10443014708,202.1789,335.8554,-99
10443048041,200.7233,336.9619,-99
10443081374,198.9616,338.5857,-99
10443114707,197.8808,339.6776,-99
10443148040,196.8199,340.846,-99
10443181373,197.1886,341.0977,-99
10443214706,197.0161,340.8571,-99
10443248039,196.8151,340.09,-99
10443281372,196.9976,339.9664,-99
10443314705,197.7405,339.6548,-99
10443348038,198.864,339.2771,-99
10443381371,199.6069,338.8663,-99
10443414704,200.1629,338.0636,-99
10443448037,200.375,336.7372,-99
10443481370,200.429,336.1114,-99
10443514703,201.6685,335.469,-99
10443548036,201.2986,334.7099,-99
10443581369,201.1888,334.0974,-99
10443614702,202.0293,334.0059,-99
10443648035,201.1058,333.6827,-99
10443681368,201.3282,334.3834,-99
10443714701,200.1501,334.2192,-99
10443748034,198.7809,334.2685,-99
10443781367,196.2555,334.9874,-99
10443814700,193.75,335.9699,-99
10443848033,191.8115,337.0064,-99
10443881366,189.3353,337.8429,-99
10443914699,187.6817,339,-99
10443948032,187.1224,340.2985,-99
10443981365,186.7267,341.1163,-99
10444014698,185.0229,341.7622,-99
10444048031,184.2386,342.5625,-99
10444081364,184.0291,342.9448,-99
10444114697,183.807,343.1804,-99
10444148030,183.6704,343.5972,-99
10444181363,184.7326,344.2849,-99
10444214696,185.7684,344.4079,-99
10444248029,187.0049,344.3863,-99
10444281362,189.4097,344.0789,-99
10444314695,191.2041,343.1473,-99
10444348028,191.9185,341.9111,-99
10444381361,193.5765,340.653,-99
10444414694,193.8739,340.0945,-99
10444448027,194.4268,339.0518,-99
10444481360,194.1318,338.1824,-99
10444514693,194.0997,337.7781,-99
10444548026,194.6412,337.4917,-99
10444581359,195.275,337.2813,-99
10444614692,196.5736,336.6186,-99
10444648025,198.8047,336.9971,-99
10444681124,200.4116,337.4087,-99
10444714457,201.207,337.8397,-99
10444747790,202.8061,338.3546,-99
10444781123,202.5378,338.493,-99
10444814456,203.4877,338.9046,-99
10444847789,204.1328,339.0921,-99
10444881122,204.8053,339.7579,-99
10444914455,205.4278,339.8714,-99
10444947788,206.8784,339.9,-99
10444981121,208.8224,339.5027,-99
10445014454,211.0245,338.7011,-99
10445047787,212.5163,338.1658,-99
10445081120,214.3726,338.3753,-99
10445114453,215.3775,338.1972,-99
10445147786,216.5775,338.9099,-99
10445181119,217.0026,339.3796,-99
10445214452,216.624,338.68,-99
10445247785,217.0245,338.9049,-99
10445281118,216.1597,339.055,-99
10445314451,214.8793,338.7953,-99
10445347784,214.3701,338.8766,-99
10445381117,213.4824,338.1683,-99
10445414450,211.4269,337.5803,-99
10445447783,209.0655,334.539,-99
10445481116,206.8459,333.8747,-99
10445514449,205.5199,331.8682,-99
10445547782,203.7861,330.2139,-99
10445581115,202.2882,329.406,-99
10445614448,201.533,327.5488,-99
10445647781,199.974,326.2415,-99
10445681114,199.0932,325.0591,-99
10445714447,198.3386,322.1181,-99
10445747780,197.4988,321.0887,-99
10445781113,197.7095,318.4139,-99
10445814446,197.5274,318.1816,-99
10445847779,196.6474,314.7796,-99
10445881112,196.5307,313.856,-99
10445914445,196.2022,312.9672,-99
10445947778,195.4179,310.7464,-99
10445981111,196.4777,310.2849,-99
10446014444,198.271,309.4134,-99
10446047777,199.6766,307.7612,-99
10446081110,200.0302,305.3049,-99
10446114443,201.1328,302.7292,-99
10446147776,202.6265,299.8231,-99
10446181109,203.1347,297.3533,-99
10446214442,203.8199,296.0024,-99
10446247775,203.2546,294.9443,-99
10446281108,202.375,294.0028,-99
10446314441,201.2639,291.5937,-99
10446347774,199.9043,290.2696,-99
10446381107,197.2792,289.0171,-99
10446414440,195.7125,288.2425,-99
10446447773,192.0782,286.5148,-99
10446481106,190.171,285.7391,-99
10446514439,188.2427,284.7599,-99
10446547772,185.3641,283.1135,-99
10446581105,183.7905,281.7666,-99
10446614438,181.5466,279.0933,-99
10446647771,181.8962,277.238,-99
10446681104,180.1375,274.097,-99
10446714437,181.375,271.9902,-99
10446747770,181.4595,270.0931,-99
10446781103,182.7531,268.4015,-99
10446814436,183.9189,266.7784,-99
10446847769,184.0203,263.8096,-99
10446881102,184.7399,262.6214,-99
10446914435,184.8794,259.4246,-99
10446947768,183.5444,255.6028,-99
10446981101,184.2275,254.6032,-99
10447014434,184.6735,251.625,-99
10447047767,185.2575,251.1452,-99
10447081100,185.3168,249.4766,-99
10447114433,185.2618,247.6351,-99
10447147766,185.8255,247.9695,-99
10447181099,187.0432,248.3919,-99
10447214432,187.1127,247.8535,-99
10447247765,187.4333,246.2282,-99
10447281098,187.7139,244.8781,-99
10447314431,187.1483,243.159,-99
10447347764,186.9025,240.8525,-99
10447381097,186.0935,238.2883,-99
10447414430,186.3537,237.3927,-99
10447447763,186.3737,236.2419,-99
10447481096,187.171,234.7513,-99
10447514429,187.4185,233.4988,-99
10447547762,188.4109,233.093,-99
10447581095,189.9717,232.4759,-99
10447614428,191.6233,232.626,-99
10447647761,193.1117,231.7974,-99
10447681094,193.8316,229.4107,-99
10447714427,194.5761,229.2201,-99
10447747760,194.1806,225.9398,-99
10447781093,194.4093,225.0797,-99
10447814426,193.7877,221.7596,-99
10447847759,194.2997,221.2785,-99
10447881092,194.8031,220.0921,-99
10447914425,195.0758,218.6944,-99
10447947758,196.2331,217.6917,-99
10447981091,198.0229,217.5674,-99
10448016752,199.8107,217.6368,-99
10448050085,201.5361,217.5232,-99
10448083418,202.3724,217.0417,-99
10448116751,203.4684,217.1368,-99
10448150084,203.7995,214.3784,-99
10448183417,203.2424,212.3003,-99
10448216750,202.0356,208.9205,-99
10448250083,200.246,205.6058,-99
10448283416,199.3846,203.717,-99
10448316749,197.9689,201.2979,-99
10448350082,197.9398,199.1779,-99
10448383415,198.0188,197.7835,-99
10448416748,198.7263,197.9693,-99
10448450081,200.3723,194.9513,-99
10448483414,201.862,193.6432,-99
10448516747,204.5119,193.0158,-99
10448550080,206.5436,190.2344,-99
10448583413,208.1218,189.3731,-99
10448616746,209.4973,188.153,-99
10448650079,209.8144,185.6238,-99
10448683412,211.062,183.6977,-99
10448716745,211.8021,181.1636,-99
10448750078,211.7238,177.85,-99
10448783411,213.1596,177.3856,-99
10448816744,213.8731,173.9378,-99
10448850077,215.3451,173.5768,-99
10448883410,216.7292,173.3594,-99
10448916743,218.5318,173.7557,-99
10448950076,220.4745,173.2041,-99
10448983409,222.0245,172.6649,-99
10449016742,222.929,172.2515,-99
10449050075,223.405,169.8715,-99
10449083408,223.2722,168.7431,-99
10449116741,222.7173,167.5179,-99
10449150074,221.6257,165.1911,-99
10449183407,221.3431,164.0771,-99
10449216740,221.3003,160.6912,-99
10449250073,220.6412,158.5412,-99
10449283406,219.7067,156.7918,-99
10449316739,219.4681,156.4681,-99
10449350072,219.2056,156.377,-99
10449383405,218.4357,155.9906,-99
10449416738,218.4821,155.9911,-99
10449450071,218.3145,156.7448,-99
10449483404,218.6062,155.8646,-99
10449516737,218.1867,155.9778,-99
10449550070,218.0306,155.6269,-99
10449583403,217.4414,154.8035,-99
10449616736,217.0273,154.4642,-99
10449650069,215.692,154.5894,-99
10449683402,215.4176,154.0853,-99
10449716735,215.627,154.6913,-99
10449750068,215.8925,155.9702,-99
10449783401,216.4497,156.003,-99
10449816734,217.3374,156.3678,-99
10449850067,217.9322,157.9469,-99
10449883400,218.6113,158.1567,-99
10449916733,219.0121,159.4424,-99
10449950066,218.8837,159.6948,-99
10449983399,219.196,160.2898,-99
10450016732,219.0313,160.0597,-99
10450050065,219.1786,161.7219,-99
10450083398,219.2782,161.5714,-99
10450116731,220.448,160.2427,-99
10450150064,221.8083,160.9223,-99
10450183397,222.6736,160.956,-99
10450216730,223.3097,161.6903,-99
10450250063,224.1603,162.827,-99
10450283396,224.8364,163.7678,-99
10450316729,225.185,165.4263,-99
10450350062,225.5228,166.3528,-99
10450383395,226.0914,165.9753,-99
10450416728,226.5264,166.9572,-99
10450450061,227.1632,166.7974,-99
10450483394,228.3112,165.9668,-99
10450516727,229.34,165.3499,-99
10450550060,230.3432,164.4081,-99
10450583393,231.8373,162.6588,-99
10450616726,231.9158,160.731,-99
10450650059,231.6518,160.7984,-99
10450683392,231.9449,160.0638,-99
10450716725,232.0585,159.0724,-99
10450750058,232.1299,157.4701,-99
10450783391,232.8,157.1392,-99
10450816724,234.5734,156.1766,-99
10450850057,235.9509,154.054,-99
10450883390,238.1707,152.2602,-99
10450916723,239.394,151.538,-99
10450950056,240.9571,149.5952,-99
10450983389,241.8997,149.3524,-99
10451016722,242.8551,149.1449,-99
10451050055,243.7968,149.1382,-99
10451083388,244.4313,148.7547,-99
10451116721,245.0085,149.4419,-99
10451150054,245.8963,148.0865,-99
10451183387,246.6596,146.4255,-99
10451216720,248.504,144.5553,-99
10451250053,250.17,142.1429,-99
10451283386,251.5234,139.924,-99
10451316719,251.2553,139.3085,-99
10451351428,250.6683,139.3269,-99
10451384761,251.3244,139.3164,-99
10451418094,252.1567,139.0809,-99
10451451427,253.8221,138.2588,-99
10451484760,256.2052,138.187,-99
10451518093,258.9076,138.3451,-99
10451551426,261.1939,139.0388,-99
10451584759,263.8267,139.912,-99
10451618092,266.3467,140,-99
10451651425,268.4308,139.7026,-99
10451684758,270.9788,139.8968,-99
10451718091,272.7957,140.1406,-99
10451751424,275.6294,139.4142,-99
10451784757,278.7308,139.6841,-99
10451818090,282.6124,137.6279,-99
10451851423,284.8237,136.5758,-99
10451884756,286.7924,136.5472,-99
10451918089,288.3079,136.8365,-99
10451951422,289.8045,136.4448,-99
10451984755,291.1639,135.0656,-99
10452018088,291.9749,134.9386,-99
10452051421,292.54,133.6693,-99
10452084754,294.0517,132.6626,-99
10452118087,295.3228,131.7233,-99
10452151420,296.8313,130.8747,-99
10452184753,298.1893,130.6441,-99
10452218086,299.9532,129.6,-99
10452251419,302.0975,128.26,-99
10452284752,306.064,127.4236,-99
10452318085,310.0885,126.4182,-99
10452351418,312.928,124.2244,-99
10452384751,315.6306,123.3904,-99
10452418084,316.9182,123.5504,-99
10452451417,318.4807,124.0994,-99
10452484750,320.5273,124.0847,-99
10452518083,322.357,124.5538,-99
10452551416,325.0338,124.3377,-99
10452584749,327.5119,123.6227,-99
10452618082,330.057,123.3048,-99
10452651415,332.1681,123.2633,-99
10452684748,334.0112,123.7235,-99
10452718081,335.7404,124.6557,-99
10452751414,337.2966,125.791,-99
10452784747,337.4744,126.5795,-99
10452818080,339.059,126.5839,-99
10452851413,340.4473,127.7122,-99
10452884746,342.1794,127.712,-99
10452918079,343.9667,127.7611,-99
10452951412,345.7939,126.6692,-99
10452984745,347.3625,126.215,-99
10453024579,349.1902,125.4577,-99
10453057912,349.9504,125.2258,-99
10453091245,350.1894,124.5152,-99
10453124578,352.9776,124.3865,-99
10453157911,355.359,124.9385,-99
10453191244,357.9974,126.0395,-99
10453224577,360.0919,127.3983,-99
10453257910,361.1272,128.9135,-99
10453291243,363.5049,129.9035,-99
10453324576,365.4541,132.1148,-99
10453357909,367.6604,133.4269,-99
10453391242,370.7914,134.9644,-99
10453424575,373.7125,135.6375,-99
10453457908,375.5667,137.2846,-99
10453491241,378.4012,138.2063,-99
10453524574,380.6093,139.4987,-99
10453557907,382.6849,140.0323,-99
10453591240,385.2401,140.4116,-99
10453624573,387.6703,140.728,-99
10453657906,390.1015,140.3313,-99
10453691239,391.7224,139.9522,-99
10453724572,393.1545,138.8688,-99
10453757905,394.6503,138.418,-99
10453791238,395.7159,138.2784,-99
10453824571,395.8079,137.6582,-99
10453857904,396.0147,137.9056,-99
10453891237,396.5128,140.199,-99
10453924570,397.5737,142.3741,-99
10453957903,398.5086,144.1159,-99
10453991236,399.2576,144.9953,-99
10454024569,398.7773,145.1581,-99
10454057902,399.0661,146.5372,-99
10454091235,397.6413,146.513,-99
10454124568,396.8428,147.2306,-99
10454157901,395.8476,146.6605,-99
10454191234,394.555,146.6986,-99
10454224567,394.8615,147.3728,-99
10454257900,394.5154,148.8641,-99
10454291233,395.4193,149.4458,-99
10454324566,395.9674,150.5915,-99
10454357899,396.3886,150.2091,-99
10454391232,395.7586,149.931,-99
10454424565,396.1038,149.5755,-99
10454457898,396.2995,149.7786,-99
10454491231,396.1752,149.3107,-99
10454524564,396.8268,150.3834,-99
10454557897,397.032,150.8265,-99
10454591230,396.4883,151.4813,-99
10454624563,397.0389,152.4136,-99
10454657896,397.7706,153.3666,-99
10454696776,398.8005,153.3378,-99
10454730109,400.5745,152.9431,-99
10454763442,401.8816,151.8162,-99
10454796775,404.24,150.4514,-99
10454830108,406.276,148.6623,-99
10454863441,409.3103,147.069,-99
10454896774,409.699,146.3579,-99
10454930107,409.7167,145.21,-99
10454963440,409.0794,145.9921,-99
10454996773,409.0964,147.0584,-99
10455030106,409.8294,147.6824,-99
10455063439,410.2964,148.9401,-99
10455096772,410.6599,149.6801,-99
10455130105,410.7119,148.3093,-99
10455163438,410.6945,147.9127,-99
10455196771,409.4382,148.573,-99
10455230104,408.9705,147.6679,-99
10455263437,408.2694,146.9889,-99
10455296770,407.7952,146.5495,-99
10455330103,407.7849,146.2939,-99
10455363436,408.3959,146.0531,-99
10455396769,408.3289,145.4605,-99
10455430102,408.2913,145.213,-99
10455463435,407.663,146.3773,-99
10455496768,408.2756,146.7703,-99
10455530101,410.0661,144.4711,-99
10455563434,410.0332,144.2749,-99
10455596767,410.9912,143.1667,-99
10455630100,411.8633,142.0469,-99
10455663433,411.6263,141.2041,-99
10455696766,410.8755,141.0854,-99
10455730099,411.3965,138.7577,-99
10455763432,411.1729,137.8458,-99
10455796765,411.1127,137.1221,-99
10455830098,410.1172,137.7539,-99
10455863431,410.2115,138.016,-99
10455896764,410.4937,137.1635,-99
10455930097,410.1704,137.7933,-99
10455963430,409.9003,137.0798,-99
10455996763,410.5934,136.228,-99
10456030096,408.9382,137.0899,-99
10456063429,409.4192,135.5726,-99
10456096762,408.8431,137.0084,-99
10456130095,410.0309,136.892,-99
10456163428,410.3726,137.8026,-99
10456196761,411.2188,137.4747,-99
10456230094,410.4486,138.0959,-99
10456263427,410.6607,137.325,-99
10456296760,411.303,134.8636,-99
10456330093,411.2218,133.496,-99
10456363426,411.1801,132.4706,-99
10456396759,411.8017,130,-99
10456430092,411.852,128.6727,-99
10456463425,412.0453,126.457,-99
10456496758,411.9434,123.8931,-99
10456530091,411.4852,122.142,-99
10456563424,411.0855,118.2763,-99
10456596757,410.1367,116.1739,-99
10456630090,409.4873,115.4177,-99
10456663423,409.4236,116.1736,-99
10456696756,408.3155,116.256,-99
10456730089,407.9133,117.8266,-99
10456763422,407.761,117.2098,-99
10456796755,407.0186,118.5466,-99
10456830088,407.0711,118.8731,-99
10456863421,407.0367,121.6,-99
10456896754,406.4715,123.6958,-99
10456930087,407.0542,124.5898,-99
10456963420,406.5522,126.9832,-99
10456996753,406.7987,128.3442,-99
10457030086,406.2219,129.8746,-99
10457063419,405.2201,133.0516,-99
10457096752,405.2751,135.1337,-99
10457130085,405.1307,138.216,-99
10457163418,404.8456,140.7899,-99
10457196751,404.6881,144.4485,-99
10457230084,404.6198,147.0104,-99
10457263417,404.1972,147.8873,-99
10457296750,405.1178,149.861,-99
10457330083,404.5153,152.1372,-99
10457363416,405.3256,153.6382,-99
10457396749,405.9022,154.6766,-99
10457430082,406.545,156.2643,-99
10457463415,406.0749,157.0107,-99
10457496748,406.5409,158.467,-99
10457530081,406.257,159.8107,-99
10457563414,405.9648,161.6859,-99
10457596747,406.1223,163.5875,-99
10457630080,406.933,163.3771,-99
10457663413,407.854,164.4628,-99
10457696746,408.7936,165.7292,-99
10457730079,410.4849,166.6501,-99
10457763412,411.957,167.3066,-99
10457796745,413.5098,167.8739,-99
10457830078,415.4855,168.9288,-99
10457863411,417.5619,169.4554,-99
10457896744,419.3947,170.0968,-99
10457930077,420.8165,171.08,-99
10457963410,421.9554,171.6853,-99
10457996743,423.2599,172.0099,-99
10458024295,424.1967,172.6825,-99
10458057628,424.9953,173.6464,-99
10458090961,427.3571,174.699,-99
10458124294,428.9368,175.05,-99
10458157627,431.2113,174.7887,-99
10458190960,433.9146,173.6501,-99
10458224293,434.8912,172.6471,-99
10458257626,436.5387,172.2143,-99
10458290959,437.3629,171.1714,-99
10458324292,437.7979,172.3472,-99
10458357625,438.8836,174.8311,-99
10458390958,438.6032,176.539,-99
10458424291,437.8516,178.7694,-99
10458457624,437.9504,180.214,-99
10458490957,436.1221,181.0323,-99
10458524290,434.8194,182.6095,-99
10458557623,433.9345,183.2867,-99
10458590956,433.4911,184.8906,-99
10458624289,434.073,184.7784,-99
10458657622,434.653,186.5656,-99
10458690955,437.064,187.8747,-99
10458724288,439.4514,188.8325,-99
10458757621,441.5842,188.8775,-99
10458790954,443.6709,189.1658,-99
10458824287,445.1639,188.6667,-99
10458857620,445.3316,189.1123,-99
10458890953,445.1911,190.8917,-99
10458924286,444.9418,192.6819,-99
10458957619,443.9306,195.3265,-99
10458990952,442.2975,198.3492,-99
10459024285,441.4366,200.8258,-99
10459057618,439.5181,203.1036,-99
10459090951,438.8138,203.1146,-99
10459124284,437.3517,206.0611,-99
10459157617,438.5026,209.5365,-99
10459190950,440.3343,212.2274,-99
10459224283,442.3514,213.9857,-99
10459257616,444.7507,215.3541,-99
10459290949,447.9971,215.8294,-99
10459324282,450.9184,216.6939,-99
10459357615,454.5106,217.7553,-99
10459390948,456.6192,218.2878,-99
10459424281,457.9572,220.1686,-99
10459457614,459.2188,222.6903,-99
10459490947,459.0786,224.9184,-99
10459524280,459.096,227.3362,-99
10459557613,458.892,230.7994,-99
10459590946,458.8062,233.4094,-99
10459624279,458.5726,236.1899,-99
10459657612,458.5354,238.0907,-99
10459690023,459.2797,239.5791,-99
10459723356,460.2458,240.7072,-99
10459756689,460.875,241.6278,-99
10459790022,463.4583,242.2917,-99
10459823355,465.2781,241.8709,-99
10459856688,466.6288,240.9371,-99
10459890021,467.2212,240.8333,-99
10459923354,466.9797,242.3553,-99
10459956687,464.9758,243.367,-99
10459990020,464.3906,244.7344,-99
10460023353,462.1704,245.9614,-99
10460056686,459.5142,246.8105,-99
10460090019,457.4119,248.1322,-99
10460123352,454.8133,249.9067,-99
10460156685,452.7462,250.772,-99
10460190018,451.218,251.5213,-99
10460223351,450.458,251.8931,-99
10460256684,451.2626,252.2877,-99
10460290017,451.6695,254.75,-99
10460323350,453.1564,256.2417,-99
10460356683,451.2435,258.3304,-99
10460390016,443.8974,256.7436,-99
10460423349,454.114,266.1447,-99
10460456682,456.9902,270.8971,-99
10460490015,457.6101,270.3682,-99
10460523348,455.3053,269.9048,-99
10460556681,454.991,271.006,-99
10460590014,455.6733,271.9133,-99
10460623347,454.7391,272.0652,-99
10460656680,452.7632,270.9342,-99
10460690013,452.7131,275.8048,-99
10460723346,455.7477,277.2866,-99
10460756679,456.3333,278.3111,-99
10460790012,456.6022,278.3753,-99
10460823345,456.8333,279.5424,-99
10460856678,456.2823,281.3235,-99
10460890011,456.0554,284.715,-99
10460923344,457.1805,287.5528,-99
10460956677,458.8942,288.3064,-99
10460990010,460.9846,288.9231,-99
10461023343,461.7333,290.1741,-99
10461056676,464.9823,290.5159,-99
10461090009,466.6783,291.4841,-99
10461123342,466.424,292.2785,-99
10461156675,467.0287,292.7102,-99
10461190008,465.5524,292.4603,-99
10461223341,465.4935,291.6078,-99
10461256674,462.1828,291.0709,-99
10461290007,459.3307,293.6227,-99
10461323340,458.6287,293.8903,-99
10461365471,457.5297,294.2571,-99
10461398804,457.7015,293.8731,-99
10461432137,457.4726,294.5274,-99
10461465470,456.2555,295.0439,-99
10461498803,455.6558,295.9079,-99
10461532136,454.1816,296.4053,-99
10461565469,452.5891,298.5086,-99
10461598802,449.1862,298.9828,-99
10461632135,445.76,296.4343,-99
10461665468,443.7071,299.6869,-99
10461698801,441.7486,299.6721,-99
10461732134,440.2571,304.1571,-99
10461765467,437.8742,300.7964,-99
10461798800,437.6035,303.8225,-99
10461832133,441.3269,311.55,-99
10461865466,441.5605,316.2655,-99
10461898799,442.408,319.496,-99
10461932132,444.3362,321.6695,-99
10461965465,444.8809,321.651,-99
10461998798,445.3629,322.0514,-99
10462032131,445.1771,322.6349,-99
10462065464,442.4534,324.67,-99
10462098797,440.446,321.4838,-99
10462132130,439.1721,321.0623,-99
10462165463,436.6958,322.4187,-99
10462198796,434.6235,326.1295,-99
10462232129,435.7687,326.758,-99
10462265462,435.2385,329.0941,-99
10462298795,434.1703,330.2392,-99
10462332128,434.5747,332.8456,-99
10462365461,433.11,335.8133,-99
10462398794,429.7797,333.8644,-99
10462432127,429.3517,341.4746,-99
10462465460,429.5714,344.8108,-99
10462498793,430.4204,350.2653,-99
10462532126,429.231,349.6552,-99
10462565459,426.9201,349.9201,-99
10462598792,424.3578,351.2207,-99
10462632125,422.2783,351.5046,-99
10462665458,418.9855,350.6474,-99
10462698791,416.8341,351.9862,-99
10462732124,415.4699,353.188,-99
10462765457,414.0881,356.0622,-99
10462798790,414.6484,358.2968,-99
10462832123,413.8015,359.7113,-99
10462865456,414.3879,361.6121,-99
10462898789,414.6923,362.6947,-99
10462932122,415.401,364.0842,-99
10462965455,416.049,366.2216,-99
10462998788,416.2992,367.8421,-99
10463034418,416.8348,369.7658,-99
10463067751,417.1585,369.9024,-99
10463101084,418.8698,370.0349,-99
10463134417,420.2556,370.1842,-99
10463167750,419.4557,366.0752,-99
10463201083,418.3492,367.6693,-99
10463234416,418.8,368.1725,-99
10463267749,418.2035,368.2435,-99
10463301082,416.8159,368.1233,-99
10463334415,417.1367,367.123,-99
10463367748,416.4861,366.9861,-99
10463401081,416.126,366.8209,-99
10463434414,417.5878,366.3268,-99
10463467747,416.4816,367.0658,-99
10463501080,414.9767,365.4933,-99
10463534413,415.313,363.7328,-99
10463567746,414.5465,367.2451,-99
10463601079,414.5103,368.8201,-99
10463634412,413.5725,365.369,-99
10463667745,412.2829,363.4585,-99
10463701078,412.1,362.9442,-99
10463734411,410.896,362.6454,-99
10463767744,409.2338,361.5776,-99
10463801077,409.3583,360.3563,-99
10463834410,409.5116,359.5301,-99
10463867743,409.434,359.9505,-99
10463901076,410.2206,360.9185,-99
10463934409,410.9812,361.6071,-99
10463967742,412.5235,362.6056,-99
10464001075,413.9192,364.0724,-99
10464034408,415.5529,364.7513,-99
10464067741,416.9587,367.8032,-99
10464101074,419.802,374.7277,-99
10464134407,419.345,374.835,-99
10464167740,419.1735,370.5051,-99
10464201073,418.9813,369.5431,-99
10464234406,419.8943,372.5405,-99
10464267739,422.2402,371.8961,-99
10464301072,422.2645,371.3893,-99
10464334405,421.0301,369.3108,-99
10464367738,419.8431,369.0907,-99
10464401071,419.0046,369.9977,-99
10464434404,418.0636,367.7773,-99
10464467737,417.8279,368.2122,-99
10464501070,416.9518,367.6975,-99
10464534403,415.2072,367.006,-99
10464567736,412.836,365.9704,-99
10464601069,411.0906,366.4565,-99
10464634402,408.5887,366.8812,-99
10464667735,408.2551,365.9636,-99
10464701068,407.0756,364.8969,-99
10464734401,404.4203,368.0165,-99
10464767734,402.7433,367.4792,-99
10464801067,400.5274,366.9612,-99
10464834400,398.844,365.3626,-99
10464867733,396.4348,364.7025,-99
10464901066,391.6758,365.2924,-99
10464934399,389.5735,365.2964,-99
10464967732,388.0044,365,-99
10465001065,386.5289,365.4979,-99
10465034398,384.7472,367.2912,-99
10465067731,383.5859,369.7598,-99
10465101064,383.1832,371.2716,-99
10465134397,381.8465,374.5062,-99
10465167730,380.9877,377.5277,-99
10465201063,379.2748,378.7294,-99
10465234396,377.7328,381.3048,-99
10465267729,375.8101,382.1624,-99
10465301062,373.897,382.6407,-99
10465334395,369.5772,384.2296,-99
10465367728,365.0366,385.9126,-99
10465401061,361.5226,386.2473,-99
10465434394,359.3609,386.037,-99
10465467727,357.4178,385.8615,-99
10465501060,355.0847,386.6165,-99
10465534393,352.8976,387.2367,-99
10465567726,351.414,387.9193,-99
10465601059,348.6151,389.4005,-99
10465634392,345.4026,391.0897,-99
10465667725,343.239,392.354,-99
10465701058,340.8199,394.3644,-99
10465734391,338.9017,395.7636,-99
10465767724,336.6162,398.4934,-99
10465801057,337.3381,400.1702,-99
10465834390,338.2482,401.4582,-99
10465867723,337.87,402.2775,-99
10465901056,337.6227,402.3055,-99
10465934389,337.0511,403.2841,-99
10465967722,336.769,403.7164,-99
10466001055,337.2262,404.6403,-99
10466034388,338.1713,405.4116,-99
10466067721,338.7423,405.7271,-99
10466101054,338.6989,404.7888,-99
10466134387,338.4588,404.1982,-99
10466167720,338.2558,404.341,-99
10466201053,339.0112,402.7803,-99
10466234386,339.7114,402.2394,-99
10466267719,341.2034,400.414,-99
10466301052,341.3439,399.0732,-99
10466334385,340.1751,398.3779,-99
10466373297,340.9329,396.3009,-99
10466406630,341.4783,394.437,-99
10466439963,341.4575,392.4192,-99
10466473296,342.3687,390.1563,-99
10466506629,341.758,389.4989,-99
10466539962,342.8727,388.5482,-99
10466573295,344.9751,388.4512,-99
10466606628,346.0138,388.8896,-99
10466639961,346.1326,389.2372,-99
10466673294,344.6181,390.5431,-99
10466706627,344.7986,390.1493,-99
10466739960,343.1709,389.7384,-99
10466773293,342.1266,389.7178,-99
10466806626,342.1941,388.6733,-99
10466839959,341.7739,388.4827,-99
10466873292,341.3241,389.3134,-99
10466906625,341.1701,388.9877,-99
10466939958,340.6687,389.2147,-99
10466973291,340.1265,388.9531,-99
10467006624,339.291,389.5889,-99
10467039957,338.0796,389.3232,-99
10467073290,336.1487,388.8993,-99
10467106623,334.8404,388.4554,-99
10467139956,331.7534,388.1833,-99
10467173289,328.006,387.9537,-99
10467206622,325.4702,388.6509,-99
10467239955,322.8271,389.3771,-99
10467273288,320.0996,389.6949,-99
10467306621,318.0208,389.8589,-99
10467339954,316.0899,389.8779,-99
10467373287,314.0919,389.6681,-99
10467406620,312.3408,389.0653,-99
10467439953,310.3968,388.9069,-99
10467473286,308.7785,387.9337,-99
10467506619,307.9638,387.586,-99
10467539952,306.9403,386.9915,-99
10467573285,306.3604,387.4725,-99
10467606618,304.9906,388.1358,-99
10467639951,304.3151,388.5462,-99
10467673284,302.5579,389.3579,-99
10467706617,300.0555,389.965,-99
10467739950,298.1258,390.4016,-99
10467773283,295.7838,390.5044,-99
10467806616,293.0255,389.2702,-99
10467839949,291.2981,388.0021,-99
10467873282,288.9777,385.7166,-99
10467906615,287.132,384.7562,-99
10467939948,285.6261,383.3651,-99
10467973281,283.5624,382.291,-99
10468006614,280.6776,381.8165,-99
10468042245,277.2451,381.5142,-99
10468075578,274.1137,381.3132,-99
10468108911,270.0705,381.3745,-99
10468142244,267.1425,380.7862,-99
10468175577,265.0818,380.0951,-99
10468208910,263.3355,378.9673,-99
10468242243,261.7495,377.695,-99
10468275576,260.0659,377.1868,-99
10468308909,258.2318,377.0839,-99
10468342242,256.6765,377.5057,-99
10468375575,255.1026,377.6993,-99
10468408908,253.4656,377.9771,-99
10468442241,251.8059,378.1073,-99
10468475574,250.127,378.2205,-99
10468508907,248.2762,376.2891,-99
10468542240,248.9195,374.9083,-99
10468575573,248.2118,373.0228,-99
10468608906,247.8564,371.0219,-99
10468642239,247.593,368.5711,-99
10468675572,246.0437,367.0823,-99
10468708905,244.9648,365.9271,-99
10468742238,242.5495,364.1698,-99
10468775571,238.8117,363.0098,-99
10468808904,236.1812,361.7365,-99
10468842237,233.2912,360.8091,-99
10468875570,230.8394,359.0642,-99
10468908903,230.2385,358.4289,-99
10468942236,229.4763,357.5663,-99
10468975569,227.75,356.4436,-99
10469008902,229.203,355.6386,-99
10469042235,227.6076,355.4861,-99
10469075568,227.8785,355.3975,-99
10469108901,226.8088,355.3333,-99
10469142234,224.1869,355.5429,-99
10469175567,222.0565,355.2727,-99
10469208900,219.6864,355.3852,-99
10469242233,218.1931,355.7277,-99
10469275566,216.4785,355.6603,-99
10469308899,216.3263,355.2424,-99
10469342232,216.4161,354.1946,-99
10469375565,217.2574,353.7449,-99
10469408898,218.4527,352.5843,-99
10469442231,220.4044,352.2034,-99
10469475564,221.8862,351.8239,-99
10469508897,223.854,351.5041,-99
10469542230,225.6675,350.3773,-99
10469575563,226.7263,349.7724,-99
10469608896,227.9641,346.6923,-99
10469642229,227.838,345.7609,-99
10469675562,227.41,343.823,-99
10469708895,226.9924,342.5063,-99
10469742228,226.2405,341.8279,-99
10469775561,225.5313,341.7218,-99
10469808894,225.0474,341.5684,-99
10469842227,224.8817,341.1722,-99
10469875560,225.1689,341.4934,-99
10469908893,225.5039,341.916,-99
10469942226,224.5497,342.4558,-99
10469975559,224.9835,343.2445,-99
10470008892,223.9694,343.8969,-99
10470042225,223.9489,345.0811,-99
10470075558,222.6812,344.942,-99
10470108891,221.9191,344.7386,-99
10470142224,222.1214,344.9789,-99
10470175557,221.4744,344.9703,-99
10470208890,221.1701,344.7165,-99
10470242223,220.2741,344.2995,-99
10470275556,218.6174,343.7388,-99
10470308889,216.4203,342.443,-99
10470342222,215.7359,342.0758,-99
10470375555,212.5846,340.1487,-99
10470408888,210.4084,338.0742,-99
10470442221,208.8222,336.9742,-99
10470475554,207.7489,334.0479,-99
10470508887,205.9091,330.7195,-99
10470542220,206.335,327.44,-99
10470575553,206.9847,324.827,-99
10470608886,206.8568,322.6378,-99
10470642219,207.9643,322.3316,-99
10470675552,207.5852,321.9863,-99
10470708885,206.3501,321.4987,-99
10470742218,204.5274,320.9504,-99
10470775551,202.0539,320.0431,-99
10470808884,199.0553,318.3342,-99
10470842217,197.8095,318.1554,-99
10470875550,195.6775,316.7925,-99
10470908883,194.7608,314.2796,-99
10470942216,195.2257,313.6626,-99
10470975549,195.9977,311.5504,-99
10471008882,197.6539,310.4656,-99
10471042215,197.933,307.8517,-99
10471075548,198.9688,305.7083,-99
10471108881,199.0674,302.956,-99
10471142214,199.7363,300.9286,-99
10471175547,199.2585,299.0627,-99
10471208880,198.6519,296.2469,-99
10471242213,197.1787,294.5447,-99
10471275546,196.131,291.7456,-99
10471308879,193.8366,289.5521,-99
10471342212,191.9719,286.9214,-99
10471375310,191.5911,284.8276,-99
10471408643,190.2011,282.6837,-99
10471441976,190.6105,280.5678,-99
10471475309,189.5918,278.3096,-99
10471508642,189.9792,275.5469,-99
10471541975,190.0049,271.973,-99
10471575308,188.958,269.8291,-99
10471608641,188.7013,267.6304,-99
10471641974,187.2216,265.2857,-99
10471675307,186.7705,263.9928,-99
10471708640,185.4783,262.5362,-99
10471741973,185.3683,260.4146,-99
10471775306,185.0456,259.2225,-99
10471808639,184.3417,257.8222,-99
10471841972,184.9764,256.2225,-99
10471875305,187.0193,256.0096,-99
10471908638,188.5151,255.1935,-99
10471941971,188.4219,251.4557,-99
10471975304,190.3931,251.0762,-99
10472008637,189.4322,247.1949,-99
10472041970,191.4592,247.0299,-99
10472075303,190.7581,244.379,-99
10472108636,190.9403,243.1642,-99
10472141969,191.6272,241.6247,-99
10472175302,191.8487,240.1429,-99
10472208635,192.2589,238.231,-99
10472241968,193.474,236.9375,-99
10472275301,193.4006,234.6409,-99
10472308634,194.0327,232.9918,-99
10472341967,194.7135,232.9091,-99
10472375300,194.3258,231.83,-99
10472408633,194.8616,232.3249,-99
10472441966,195.8575,232.1732,-99
10472475299,195.8895,231.3425,-99
10472508632,196.3378,230.9437,-99
10472541965,196.9663,230.1658,-99
10472575298,196.7891,229.8809,-99
10472608631,197.2775,229.2475,-99
10472641964,197.7629,228.0736,-99
10472675297,197.0628,225.2513,-99
10472708630,197.2231,224.7664,-99
10472741963,197.2206,223.0115,-99
10472775296,196.8137,222.5808,-99
10472808629,197.02,221.69,-99
10472841962,198.7107,221.3292,-99
10472875295,198.9375,219.25,-99
10472908628,199.2513,217.6684,-99
10472941961,200.3646,216.9479,-99
10472975294,199.1378,213.4189,-99
10473008627,199.9478,212.5448,-99
10473041960,199.8747,209.3325,-99
10473075293,200.3154,205.9191,-99
10473108626,201.0789,205.0479,-99
10473141959,200.1905,201.8519,-99
10473175292,200.8301,200.474,-99
10473208625,200.125,197.6301,-99
10473241958,200.721,194.9033,-99
10473275291,201.3641,192.6467,-99
10473308624,202.1503,189.1788,-99
10473341957,203.4669,187.0749,-99
10473375290,205.0251,185.2915,-99
10473408623,207.0912,184.5983,-99
10473441956,209.0942,183.1357,-99
10473475289,211.4505,181.5599,-99
10473508622,213.2727,180.8289,-99
10473541955,214.624,180.3398,-99
10473575288,215.4274,180.8685,-99
10473608621,215.6676,180.1089,-99
10473641954,215.6775,178.9375,-99
10473675287,215.899,178.7525,-99
10473708620,215.1896,179.6099,-99
10473741953,214.8792,179.1264,-99
10473775286,215.4,179.789,-99
10473808619,215.8362,180.4282,-99
10473841952,216.6953,181.0769,-99
10473875285,218.3673,181.8847,-99
10473908618,219.0982,182.7649,-99
10473941951,219.859,183.6164,-99
10473975284,220.7017,184.2169,-99
10474008617,220.774,183.7864,-99
10474041950,220.8254,184.5266,-99
10474075283,220.2747,183.5617,-99
10474108616,219.8567,182.7378,-99
10474141949,219.3038,180.9758,-99
10474175282,218.6196,180.487,-99
10474208615,218.9576,180.6525,-99
10474241948,218.8291,177.8091,-99
10474275281,219.1815,177.0922,-99
10474308614,220.3006,176.2543,-99
10474341947,221.8224,173.3388,-99
10474375280,222.2374,172.7775,-99
10474408613,223.226,169.8249,-99
10474441946,224.0912,168.5177,-99
10474475279,224.1749,166.0123,-99
10474508612,224.5256,164.4091,-99
10474541945,225.1379,163.8419,-99
10474575278,225.5686,161.2605,-99
10474608611,226.1672,160.1459,-99
10474641944,227.8669,158.745,-99
10474675277,229.0833,157.0172,-99
10474707688,229.8614,156.6431,-99
10474741021,230.6339,156.5387,-99
10474774354,231.9125,156.3411,-99
10474807687,233.3194,156.7139,-99
10474841020,234.8915,157.2725,-99
10474874353,236.4545,156.1019,-99
10474907686,237.8588,153.0734,-99
10474941019,238.9972,152.8162,-99
10474974352,239.5653,151.6563,-99
10475007685,239.7913,151.626,-99
10475041018,240.1269,151.8368,-99
10475074351,241.4703,149.3946,-99
10475107684,242.4475,149.16,-99
10475141017,242.9781,148.9945,-99
10475174350,244.065,149.4146,-99
10475207683,244.5795,149.7974,-99
10475241016,245.8405,149.2892,-99
10475274349,247.9486,148.8817,-99
10475307682,249.8724,148.9557,-99
10475341015,251.7781,148.8329,-99
10475374348,253.827,149.1216,-99
10475407681,255.9509,147.4109,-99
10475441014,257.1995,145.5768,-99
10475474347,258.5782,144.1006,-99
10475507680,259.5227,141.9573,-99
10475541013,260.5097,140.2061,-99
10475574346,262.0628,137.3141,-99
10475607679,263.9515,136.2076,-99
10475641012,266.027,134.5504,-99
10475674345,268.8425,133.3937,-99
10475707678,272.0078,133.3438,-99
10475741011,275.1549,133.5815,-99
10475774344,277.8187,134.6236,-99
10475807677,280.6884,135.5127,-99
10475841010,282.6017,136.0852,-99
10475874343,284.1894,137.3983,-99
10475907676,285.8667,137.3173,-99
10475941009,287.3989,136.2161,-99
10475974342,288.7944,135.764,-99
10476007675,290.9862,134.1405,-99
10476041008,292.8058,132.3543,-99
10476074341,294.4169,129.5858,-99
10476107674,296.4595,128.1243,-99
10476141007,297.5316,125.9856,-99
10476174340,297.815,124.5952,-99
10476207673,299.2354,124.5165,-99
10476241006,301.792,123.7419,-99
10476274339,304.2294,123.8379,-99
10476307672,306.0957,124.2287,-99
10476341005,308.3388,124.8127,-99
10476383137,310.5942,125.2435,-99
10476416470,312.4907,126.4801,-99
10476449803,314.9387,127.1365,-99
10476483136,318.3385,126.7641,-99
10476516469,322.0132,126.1447,-99
10476549802,325.1603,124.9946,-99
10476583135,327.7652,124.5939,-99
10476616468,329.7989,124.0447,-99
10476649801,332.3437,123.6282,-99
10476683134,333.4659,124.2343,-99
10476716467,334.0757,124.0919,-99
10476749800,335.4737,124.5079,-99
10476783133,337.6594,124.1335,-99
10476816466,339.6393,124.1694,-99
10476849799,341.6684,124.3085,-99
10476883132,342.7242,124.8249,-99
10476916465,342.7207,125.2737,-99
10476949798,343.763,126.9595,-99
10476983131,344.9106,127.729,-99
10477016464,347.3967,128.6143,-99
10477049797,350.1253,129.4613,-99
10477083130,352.3925,130.1776,-99
10477116463,352.6925,131.1056,-99
10477149796,353.0185,131.4277,-99
10477183129,351.8563,131.9236,-99
10477216462,351.5508,131.3559,-99
10477249795,351.5604,132.4725,-99
10477283128,352.4301,132.1187,-99
10477316461,353.3138,132.0051,-99
10477349794,352.9054,130.7008,-99
10477383127,351.8917,131.2396,-99
10477416460,352.5902,131.1317,-99
10477449793,353.235,131.2375,-99
10477483126,354.8836,131.7648,-99
10477516459,355.9435,132.4932,-99
10477549792,356.8693,132.6376,-99
10477583125,357.8136,134.0872,-99
10477616458,357.766,135.2956,-99
10477649791,357.2915,135.9976,-99
10477683124,356.6175,136.43,-99
10477716457,355.7985,137.3636,-99
10477749790,356.1417,138.1604,-99
10477783123,357.1479,138.7097,-99
10477816456,358.1706,138.1824,-99
10477849789,359.4434,137.0673,-99
10477883122,360.4129,136.1677,-99
10477916455,361.1559,134.1136,-99
10477949788,362.2544,132.053,-99
10477983121,362.5454,129.5664,-99
10478016454,361.493,128.0972,-99
10478049787,361.5379,125.7483,-99
10478083120,360.3481,126.1804,-99
10478116453,359.1828,126.078,-99
10478149786,358.954,124.6973,-99
10478183119,358.1542,122.9486,-99
10478216452,357.3254,122.1376,-99
10478249785,356.3535,122.0121,-99
10478283118,355.7893,121.9627,-99
10478316451,356.3521,122.5179,-99
10478349784,357.7029,122.5968,-99
10478383117,359.0816,122.5128,-99
10478416450,359.1035,122.4714,-99
10478449783,359.4355,121.9949,-99
10478483116,359.5923,122.541,-99
10478516449,359.8861,123.0421,-99
10478549782,360.2337,122.8771,-99
10478583115,360.8531,122.3866,-99
10478616448,360.2542,123.2494,-99
10478649781,360.3042,124.0873,-99
10478683114,360.321,124.6642,-99
10478716447,359.8094,124.9006,-99
10478749780,359.3047,125.1302,-99
10478783113,358.3356,125.692,-99
10478816446,358.6208,124.6918,-99
10478849779,358.846,123.5938,-99
10478883112,359.767,123.2,-99
10478916445,360.479,122.9182,-99
10478949778,360.5059,122.4729,-99
10478983111,360.4272,123.1742,-99
10479016444,360.3578,122.8341,-99
10479049777,359.8052,124.0399,-99
10479083110,360.3155,123.9587,-99
10479116443,360.1111,124.4395,-99
10479149776,360.2923,124.8308,-99
10479183109,360.2832,124.7449,-99
10479216442,360.0995,125.4602,-99
10479249775,360.0638,125.3391,-99
10479283108,360.2282,125.8641,-99
10479316441,360.7182,125.0061,-99
10479349774,361.0957,124.5247,-99
10479383107,361.4585,123.4062,-99
10479416440,361.424,123.2783,-99
10479449773,361.4073,122.7285,-99
10479483106,360.8885,122.1269,-99
10479516439,361.5885,119.4074,-99
10479549772,361.1414,117.2424,-99
10479583105,360.9954,116.9167,-99
10479616438,360.6605,114.6419,-99
10479649771,360.4033,114.7037,-99
10479683104,359.9004,113.7729,-99
10479718765,359.5224,114.2276,-99
10479752098,358.7421,114.3438,-99
10479785431,357.6343,115.6787,-99
10479818764,357.4649,116.3012,-99
10479852097,356.7787,116.888,-99
10479885430,357.0026,117.9764,-99
10479918763,356.3113,118.4573,-99
10479952096,355.686,117.8323,-99
10479985429,355.3725,119.1404,-99
10480018762,354.7881,119.9049,-99
10480052095,353.6406,120.6536,-99
10480085428,353.6938,121.3284,-99
10480118761,353.594,122.995,-99
10480152094,353.1407,123.6496,-99
10480185427,353.7961,126.5054,-99
10480218760,353.3012,126.8272,-99
10480252093,352.1615,127.4583,-99
10480285426,352.0231,127.8663,-99
10480318759,351.8797,130.0326,-99
10480352092,353.2014,130.955,-99
10480385425,352.9035,132.4353,-99
10480418758,352.0344,132.8925,-99
10480452091,350.7901,133.1646,-99
10480485424,351.1513,134.3772,-99
10480518757,351.1977,135.4782,-99
10480552090,352.2627,135.694,-99
10480585423,352.1675,135.7816,-99
10480618756,352.1602,135.6748,-99
10480652089,351.6674,135.9387,-99
10480685422,351.7177,136.0682,-99
10480718755,351.8958,136.4888,-99
10480752088,351.678,135.8254,-99
10480785421,351.0307,136.0978,-99
10480818754,351.2421,135.2658,-99
10480852087,351.0901,135.0451,-99
10480885420,349.6519,134.9684,-99
10480918753,350.6657,134.5473,-99
10480952086,352.2812,133.3195,-99
10480985419,352.6512,132.0388,-99
10481018752,354.1875,128.1683,-99
10481052085,355.2921,124.5056,-99
10481085418,356.7482,120.7986,-99
10481118751,356.1895,119.1503,-99
10481152084,356.1151,116.7576,-99
10481185417,356.0719,114.7122,-99
10481218750,356.0208,113.2222,-99
10481252083,355.8462,112.3373,-99
10481285416,355.3897,108.8256,-99
10481318749,355.0838,107.0471,-99
10481352082,354.6832,105.3465,-99
10481385415,353.9946,103.8871,-99
10481418748,354.0443,104.5823,-99
10481452081,354,105.8471,-99
10481485414,354.0647,109.5075,-99
10481518747,354.6878,113.8523,-99
10481552080,354.2587,117.2201,-99
10481585413,354.3058,120.2603,-99
10481618746,353.2743,123.6424,-99
10481652079,352.8525,126.3304,-99
10481685412,352.9071,128.0027,-99
10481718745,352.8846,128.7337,-99
10481752078,353.1829,129.6857,-99
10481785411,353.1364,130.5214,-99
10481818744,353.639,130.9144,-99
10481852077,353.929,130.4119,-99
10481885410,355.9027,129.8459,-99
10481918743,358.2021,129.6321,-99
10481952076,361.4217,129.4217,-99
10481985409,365,128.9865,-99
10482018742,368.4809,128.6067,-99
10482052075,372.9385,128.9669,-99
10482085408,377.3263,130.8653,-99
10482118741,381.4436,134.1401,-99
10482152074,383.8495,136.7546,-99
10482185407,386.2411,138.731,-99
10482218740,390.8732,141.6972,-99
10482252073,397.0439,144.4813,-99
10482285406,401.4878,145.5463,-99
10482318739,406.6029,145.3505,-99
10482352072,411.6906,147.5729,-99
10482385405,415.3619,149.3327,-99
10482418738,416.3897,149.9069,-99
10482452071,418.0875,151.8906,-99
10482485404,419.9075,153.9383,-99
10482518737,419.8889,155.6089,-99
10482552070,419.2668,155.5385,-99
10482585403,419.9185,155.337,-99
10482618736,419.6696,155.7646,-99
10482652069,418.0279,156.6497,-99
10482685402,417.3651,159.9023,-99
10482718735,418.4875,162.2825,-99
10482752068,420.1931,164.5868,-99
10482785401,420.6079,165.0749,-99
10482818734,421.6493,164.4802,-99
10482852067,421.1468,164.5127,-99
10482885400,420.5597,163.8243,-99
10482918733,420.9601,163.7465,-99
10482952066,421.659,163.1862,-99
10482985399,422.2275,163.6011,-99
10483018732,422.1371,164.1914,-99
12022157705,422.5273,163.7091,-99
12022191038,421.5941,164.5828,-99
12022224371,420.0697,165.1653,-99
12022257704,418.8337,165.693,-99
12022291037,417.1722,166.1369,-99
12022324370,414.9863,166.9497,-99
12022357703,412.7238,167.8744,-99
12022391036,412.6809,169.0535,-99
12022424369,411.0982,169.004,-99
12022457702,409.2797,169.1226,-99
12022491035,407.0406,169.0203,-99
12022524368,404.4882,168.6882,-99
12022557701,402.3046,168.6471,-99
12022591034,399.0339,168.3521,-99
12022624367,395.9071,168.041,-99
12022657700,393.2563,169.2925,-99
12022691033,391.3765,168.9441,-99
12022724366,388.8764,168.8511,-99
12022757699,386.661,168.4915,-99
12022791032,384.5709,168.7804,-99
12022824365,381.7978,168.4239,-99
12022857698,379.1597,167.7899,-99
12022891031,376.5872,167.0795,-99
12022924364,374.8295,166.0543,-99
12022957697,373.0961,166.5098,-99
12022991030,372.1221,165.9036,-99
12023024363,371.5299,166.2009,-99
12023057696,372.7471,165.2389,-99
12023091029,373.2864,165.3398,-99
12023124362,374.184,165.6392,-99
12023157695,373.0748,165.9433,-99
12023191028,373.6521,167.5646,-99
12023224361,374.0828,168.4862,-99
12023257694,374.8165,169.1753,-99
12023291027,375.4323,169.8406,-99
12023324360,375.4852,170.9661,-99
12023357693,375.5453,172.3916,-99
12023391026,375.9731,173.6901,-99
12023424359,376.3399,173.1601,-99
12023457692,376.5377,172.9643,-99
12023491025,377.3475,173.5455,-99
12023524358,377.6586,173.4566,-99
12023557691,377.6942,173.6942,-99
12023591024,378.0479,174.4619,-99
12023624357,377.7356,174.2047,-99
12023657690,377.1904,174.4683,-99
12023691023,376.4239,174.7325,-99
12023724356,376.0164,173.82,-99
12023757689,375.5968,173.1573,-99
12023791022,375.2881,173.4609,-99
12023837325,375.7542,172.4083,-99
12023870658,375.5609,173.1176,-99
12023903991,375.963,172.6893,-99
12023937324,376.1062,173.7537,-99
12023970657,376.499,173.4951,-99
12024003990,377.4311,173.0079,-99
12024037323,377.666,173.476,-99
12024070656,377.9491,173.5316,-99
12024103989,378.4225,173.3876,-99
12024137322,378.4706,173.5963,-99
12024170655,378.6301,173.2717,-99
12024203988,378.505,173.5352,-99
12024237321,378.3871,173.2763,-99
12024270654,378.2087,173.5888,-99
12024303987,378.1796,173.1217,-99
12024337320,377.4412,173.5897,-99
12024370653,377.8416,173.3539,-99
12024403986,377.1129,173.3852,-99
12024437319,377.0871,173.5125,-99
12024470652,376.9348,173.1285,-99
